57804957450190	0.32395092	0.11599187	0.651956	0.67568856
57804967315242	0.3241066	0.11584534	0.6519936	0.6756029
57804982315242	0.32422915	0.1157164	0.6519677	0.6755912
57804985923836	0.3243536	0.115628935	0.65201473	0.675501
57804997654982	0.32446694	0.1155848	0.6521148	0.6753574
57805007994669	0.3246047	0.11553602	0.652244	0.6751749
57805015470711	0.32474703	0.11547105	0.65234494	0.67502
57805024227325	0.32491	0.11532037	0.65241045	0.674904
57805033892429	0.32508412	0.11507484	0.65242165	0.67485124
57805045291284	0.3252552	0.11479676	0.6523554	0.67488027
57805054528471	0.3254114	0.11451433	0.6522972	0.6749092
57805063490034	0.32554108	0.11426575	0.6522744	0.6749107
57805074538523	0.32567495	0.11407492	0.652281	0.6748721
57805084769825	0.3258308	0.11392943	0.6522878	0.6748149
57805092688315	0.32602546	0.113813736	0.6522796	0.6747482
57805102907117	0.3262887	0.113735944	0.6522404	0.674672
57805112753679	0.32659948	0.11367985	0.65217817	0.6745912
57805124485606	0.32686034	0.113601506	0.65208334	0.6745697
57805135640346	0.32705936	0.11350958	0.6520213	0.6745488
57805140484096	0.32718462	0.11339715	0.65199286	0.6745345
57805151919200	0.3272668	0.113293864	0.65199876	0.6745062
57805160668471	0.3273705	0.11317999	0.65202063	0.6744538
57805172351804	0.327526	0.11308619	0.6520283	0.6743866
57805179136648	0.3277384	0.113021396	0.65199375	0.67432773
57805190696961	0.32796118	0.11298017	0.6519237	0.67429405
57805200978888	0.32817504	0.11291128	0.65187764	0.67424613
57805206617377	0.3283494	0.11281564	0.6518603	0.6741939
57805216465554	0.32847947	0.11270733	0.6518455	0.67416304
57805231465554	0.32860994	0.1125913	0.6518324	0.6741316
57805236136596	0.32871574	0.11247031	0.6518426	0.67409027
57805246415711	0.32882914	0.11234361	0.65186447	0.67403495
57805256374461	0.32896578	0.112212695	0.65187556	0.67397934
57805267952794	0.32896534	0.11221417	0.65187657	0.6739784
57805279045502	0.32913867	0.112088144	0.6518539	0.6739366
57805283330190	0.32930806	0.11194823	0.65180546	0.673924
57805298330190	0.32947028	0.111810654	0.6517366	0.67393404
57805303963940	0.32958394	0.11164971	0.6517008	0.6739398
57805314714461	0.32967222	0.11146892	0.65169996	0.67392737
57805323347169	0.32972527	0.111284696	0.6517006	0.67393124
57805333918888	0.32975465	0.11109193	0.6517151	0.67393464
57805342997221	0.32980525	0.11087768	0.6517819	0.6738805
57805352305346	0.32988855	0.1106495	0.6518741	0.6737881
57805364133211	0.33004	0.11042816	0.65195537	0.67367166
57805374229617	0.33016968	0.11020457	0.6520219	0.6735803
57805386497065	0.33028784	0.10999703	0.652055	0.6735242
57805392745138	0.33040014	0.109769404	0.65207464	0.67348737
57805399373992	0.3305048	0.10950902	0.65209883	0.6734549
57805410741179	0.33062562	0.10920494	0.65214187	0.67340326
57805420014513	0.33076775	0.108898215	0.65218425	0.67334217
57805430728731	0.33091915	0.10856895	0.6522176	0.67328864
57805437955919	0.3310787	0.10823271	0.65223956	0.6732431
57805449620867	0.33125183	0.10790427	0.652271	0.6731802
57805456033471	0.33142197	0.1076418	0.6523015	0.6731089
57805471033471	0.3316067	0.10744131	0.65236944	0.67298406
57805479744044	0.33179453	0.10726307	0.65251	0.6727836
57805489975502	0.3320211	0.1070709	0.6526726	0.6725447
57805498553835	0.33229974	0.10684799	0.65281934	0.6723
57805509219617	0.33258364	0.10662145	0.65295583	0.67206305
57805518369565	0.33283237	0.10637897	0.65309143	0.67184657
57805527841283	0.33308935	0.1061614	0.6532383	0.6716108
57805538931179	0.33333322	0.10599694	0.65343016	0.671329
57805544462429	0.3335256	0.105834804	0.65366286	0.6710325
57805553438158	0.33368713	0.10563561	0.6538602	0.67079127
57805567719148	0.33392847	0.10544292	0.6540018	0.67056334
57805573874981	0.33425	0.1052427	0.65414596	0.6702939
57805588523210	0.33464	0.10501449	0.65428007	0.67000425
57805593447429	0.33504322	0.10470079	0.6544575	0.66967845
57805602930190	0.33538565	0.10432797	0.65468186	0.6693458
57805613174356	0.33570763	0.10403028	0.65495616	0.6689623
57805621682273	0.33597466	0.10383079	0.6552337	0.6685873
57805631700554	0.33613423	0.10351955	0.65546024	0.6683333
57805644776960	0.33625215	0.10305677	0.6555355	0.6682717
57805651242377	0.33636454	0.1024118	0.6554581	0.66839015
57805662597481	0.3365525	0.10176163	0.6553552	0.6684957
57805669995867	0.33690703	0.1011796	0.6554093	0.66835254
57805684912429	0.33735564	0.10045118	0.65568733	0.6679632
57805699912429	0.3373525	0.10045482	0.6556901	0.66796154
57805703894721	0.33815068	0.0989988	0.65625274	0.6672224
57805709584981	0.33916253	0.09731948	0.656735	0.66648096
57805722183419	0.34029064	0.09560443	0.65695965	0.66593254
57805731580502	0.34146062	0.09400264	0.65698045	0.6655411
57805736902846	0.34282315	0.09263617	0.6568972	0.6651143
57805750427221	0.34436968	0.091649786	0.6569093	0.6644397
57805756847742	0.34590864	0.090981275	0.65698314	0.6636586
57805771112637	0.3471882	0.09036452	0.6569734	0.6630841
57805778722742	0.34798533	0.08958288	0.6568233	0.6629211
57805788595971	0.34826747	0.08860494	0.65670186	0.66302466
57805794792481	0.3482335	0.087471604	0.65679526	0.6631004
57805805702325	0.3481163	0.086256884	0.6571508	0.6629688
57805814063262	0.3480195	0.08512987	0.65768975	0.6626308
57805824617429	0.34806782	0.08420057	0.658299	0.662119
57805832792637	0.3481937	0.08348029	0.6588456	0.6616002
57805843413835	0.34834114	0.08290121	0.659246	0.66119635
57805852443210	0.34845325	0.08239608	0.6595782	0.660869
57805866414200	0.3484558	0.08184945	0.6599328	0.6605815
57805873529773	0.3483773	0.08129104	0.6603488	0.6602762
57805887615971	0.34834695	0.0807421	0.6608098	0.65989816
57805894723419	0.34839627	0.08028297	0.6612815	0.6594555
57805904861387	0.3484889	0.07985584	0.6617054	0.6590331
57805912511023	0.34864554	0.07945315	0.66205746	0.65864515
57805923988679	0.3488614	0.079082444	0.662394	0.658237
57805929520867	0.34902316	0.07876096	0.66268146	0.65790033
57805940034252	0.34911942	0.078489624	0.6629545	0.65760654
57805948161544	0.3492088	0.078287214	0.6632209	0.6573146
57805958092846	0.34916112	0.07804214	0.66351575	0.65707135
57805968032221	0.34901467	0.077651106	0.66384035	0.6568677
57805977427012	0.34888232	0.07722777	0.6641408	0.65668416
57805986978262	0.34883302	0.076868124	0.66435516	0.65653574
57805995600658	0.3488066	0.07653228	0.66443634	0.6565068
57806004898262	0.3487766	0.07623074	0.6644725	0.65652114
57806019813367	0.34878805	0.07597513	0.66450363	0.6565132
57806025054773	0.34883368	0.07580384	0.6645385	0.65647346
57806038296648	0.3488998	0.075721905	0.6645574	0.65642864
57806044939460	0.34897146	0.07565339	0.66453886	0.65641725
57806055780710	0.34903806	0.07556831	0.6644459	0.6564858
57806063249877	0.3490361	0.07540591	0.6642543	0.6566993
57806073632377	0.3488846	0.075126395	0.6640169	0.65705186
57806084878262	0.34863856	0.07475411	0.66374844	0.657496
57806092645242	0.34842202	0.07431831	0.66345245	0.65795875
57806103657325	0.34831887	0.073977314	0.6630476	0.6584597
57806115612794	0.34832025	0.073806	0.6624777	0.65905166
57806123326335	0.34831384	0.07379199	0.66248345	0.65905076
57806133877012	0.34840545	0.07357319	0.6617044	0.659809
57806144275085	0.34854248	0.0732077	0.6608563	0.66062677
57806154438106	0.34870985	0.07269835	0.65996736	0.6614828
57806162780294	0.34885058	0.07206333	0.6590915	0.66235083
57806173709669	0.34898618	0.07129412	0.6581635	0.6632847
57806181717429	0.34916714	0.0704426	0.657126	0.6643084
57806196717429	0.34960917	0.06842491	0.65489966	0.6664818
57806200278210	0.34960917	0.06842491	0.65489966	0.6664818
57806211284044	0.3498062	0.06718462	0.65373576	0.6676463
57806219540085	0.34999245	0.06577172	0.652496	0.6689009
57806229463054	0.3501731	0.06421329	0.6512019	0.67021763
57806238720085	0.35044307	0.0625206	0.64989185	0.6715068
57806249683366	0.3508815	0.06074822	0.6485067	0.67277855
57806256195971	0.3514521	0.058964856	0.6470289	0.67406094
57806268541700	0.3520554	0.05714397	0.6454126	0.6754511
57806280271127	0.35257334	0.055171024	0.6436759	0.6770004
57806285653523	0.35295495	0.052905507	0.64182633	0.67873615
57806293998106	0.3531673	0.050309397	0.63990736	0.68063235
57806303334929	0.35323784	0.047439676	0.63795644	0.6826303
57806313016856	0.35320625	0.044397805	0.63599765	0.68467605
57806323378991	0.3531707	0.041258223	0.6339579	0.6867792
57806332826231	0.35322794	0.038094994	0.63177407	0.6889415
57806342525137	0.35337842	0.03496644	0.6294144	0.69118637
57806356205085	0.35358235	0.031867716	0.6269022	0.69351107
57806362353731	0.3538495	0.028755682	0.6241729	0.6959683
57806376023106	0.3541241	0.025656348	0.62125653	0.69855446
57806386337116	0.35437095	0.022600094	0.61815095	0.7012845
57806393598106	0.3545246	0.019659135	0.61494964	0.7041043
57806404053262	0.3545914	0.01693966	0.6117919	0.70688665
57806412809252	0.35467973	0.014458559	0.6087566	0.709513
57806425673627	0.3549325	0.012130421	0.60581416	0.7119446
57806433495085	0.35538548	0.009786624	0.60289943	0.71422523
57806439763054	0.35593748	0.0072450438	0.59991205	0.71649253
57806452742168	0.3564848	0.00444561	0.59672636	0.7188995
57806457935658	0.35695034	0.001363844	0.593236	0.72156477
57806471282585	0.3573055	-0.0019581653	0.58941615	0.7245119
57806476882585	0.3575718	-0.005436044	0.58534867	0.7276536
57806489569721	0.35793766	-0.008790834	0.58112586	0.73081887
57806499548783	0.3584697	-0.011710638	0.5768484	0.7338994
57806505973054	0.35917476	-0.014060303	0.5726253	0.7368149
57806518634096	0.36010218	-0.015933175	0.5684832	0.73952657
57806525205502	0.36126184	-0.01766973	0.56439054	0.74205196
57806535612273	0.3625018	-0.019657189	0.56036156	0.7444468
57806545534304	0.36360878	-0.022185635	0.556344	0.74684525
57806553819720	0.36433217	-0.025323004	0.55233926	0.7493612
57806563514512	0.3643218	-0.02527891	0.55239445	0.74932706
57806577338575	0.36388183	-0.028984457	0.54846495	0.7522872
57806588245710	0.36310315	-0.032623976	0.54448205	0.7554013
57806595144773	0.36223975	-0.035979223	0.5405923	0.7584509
57806605100085	0.36141106	-0.038987324	0.5367134	0.76144654
57806612539668	0.3606747	-0.041597567	0.5328598	0.76435846
57806624930033	0.36008605	-0.043834344	0.5291584	0.76707757
57806629174564	0.35962144	-0.04575092	0.52563065	0.7696049
57806643195398	0.3592359	-0.047532935	0.5222065	0.7720043
57806650018575	0.35885563	-0.049398247	0.518842	0.7743291
57806662544877	0.35839078	-0.05143554	0.51551026	0.77663356
57806669088470	0.35767862	-0.053592753	0.5121533	0.7790332
57806679711856	0.35665905	-0.055792607	0.50879055	0.7815457
57806689746231	0.35549033	-0.057896014	0.5054679	0.78407717
57806697766491	0.3543582	-0.05970301	0.5022464	0.7865204
57806707858210	0.3534255	-0.061130162	0.4991277	0.78881246
57806717891127	0.35280102	-0.062211208	0.4961683	0.7908719
57806727637012	0.3525021	-0.063049294	0.49333346	0.7927101
57806739720137	0.35247886	-0.06371644	0.4906757	0.7943149
57806749447012	0.35265177	-0.064315386	0.48810074	0.7957752
57806759379668	0.3529803	-0.06488481	0.48575374	0.7970184
57806769331283	0.3533187	-0.06550778	0.48352766	0.79817027
57806777413783	0.3534887	-0.066114224	0.4813532	0.7993584
57806788387377	0.35347638	-0.066590026	0.47919285	0.8006213
57806796699616	0.3533272	-0.0670768	0.47700068	0.80195445
57806807655606	0.35320318	-0.06754199	0.4748277	0.80325866
57806814670710	0.3532141	-0.06793312	0.47270027	0.8044747
57806828148887	0.35345563	-0.06839465	0.47062355	0.8055462
57806835486543	0.35388023	-0.06895473	0.46860537	0.80648804
57806843758835	0.35442498	-0.06959268	0.46658146	0.80736697
57806852990814	0.35493028	-0.07023868	0.46466255	0.8081953
57806864412950	0.35536215	-0.07080921	0.46293464	0.80894697
57806869830502	0.35576	-0.071257524	0.4614678	0.8095706
57806884346179	0.3561608	-0.07163001	0.46035403	0.80999565
57806889335762	0.35654226	-0.07196116	0.45955732	0.81025076
57806903613210	0.35678878	-0.07239176	0.45892406	0.8104628
57806909306283	0.35684142	-0.07303903	0.4583908	0.81068337
57806919072950	0.35665736	-0.07388787	0.45798188	0.81091845
57806928166022	0.3560945	-0.07485992	0.4578535	0.8111491
57806939191647	0.355001	-0.07588389	0.4580944	0.8113973
57806952636491	0.35340935	-0.07698281	0.4586176	0.8116929
57806959292481	0.35166755	-0.07811941	0.45927846	0.81196725
57806972732377	0.35005525	-0.07918771	0.4599672	0.81217045
57806979981543	0.3500742	-0.079125665	0.46008575	0.8121012
57806994981543	0.34727088	-0.078357995	0.4639293	0.8111921
57807000548054	0.34727088	-0.078357995	0.4639293	0.8111921
57807007909668	0.3456389	-0.07707726	0.46700174	0.8102483
57807016522324	0.34383827	-0.075589456	0.4705876	0.809079
57807024748314	0.34186408	-0.07411471	0.47434652	0.80785614
57807032779720	0.33963987	-0.072749384	0.478019	0.8067529
57807043388418	0.337027	-0.07145938	0.4816027	0.80583197
57807053999147	0.33402902	-0.07002326	0.48534063	0.8049633
57807062163106	0.33086574	-0.068134665	0.48956084	0.80387545
57807071917949	0.32782936	-0.06567548	0.49439922	0.80236155
57807083662220	0.3251071	-0.062798396	0.49969313	0.80041766
57807088563054	0.32285464	-0.059730515	0.5049497	0.7982624
57807100180137	0.321004	-0.05671805	0.50967354	0.7962238
57807110777429	0.31918535	-0.05373842	0.51390994	0.79443663
57807120198158	0.31698346	-0.050532073	0.51814145	0.7927783
57807127702429	0.31419182	-0.04706677	0.52290636	0.79097235
57807137918783	0.31091025	-0.0434723	0.52843124	0.78879994
57807148043574	0.30731377	-0.039970726	0.5345735	0.7862517
57807158003158	0.30354667	-0.036785122	0.54093546	0.7835147
57807172111231	0.2996203	-0.034163486	0.5469358	0.780975
57807176659720	0.29549512	-0.032294452	0.5520688	0.7790121
57807189044616	0.2911261	-0.031033587	0.5567938	0.77734375
57807197363939	0.28644526	-0.02988918	0.5615771	0.77568483
57807206471804	0.28146067	-0.028186576	0.56683433	0.773747
57807216792116	0.27637795	-0.025609983	0.57276845	0.77129483
57807225035397	0.27135172	-0.022258658	0.57904965	0.76848835
57807236015554	0.26647702	-0.01854198	0.58508533	0.7657163
57807244546439	0.26181483	-0.015257415	0.590475	0.76325595
57807255100918	0.25728154	-0.013054203	0.59540164	0.76100785
57807263980970	0.25243935	-0.011765211	0.600403	0.7587176
57807274523366	0.24715206	-0.010533621	0.6057121	0.7562524
57807283265137	0.2417796	-0.008411477	0.6111255	0.7536561
57807293237689	0.23666099	-0.0048331553	0.61656624	0.7508757
57807303935397	0.23195721	1.3339319E-4	0.6221504	0.7477464
57807318935397	0.22784054	0.005718889	0.62778	0.74427706
57807321023210	0.22429687	0.011092682	0.63332397	0.74058676
57807329537481	0.22078109	0.015764829	0.63874644	0.7368922
57807339413626	0.21679206	0.019331973	0.6440806	0.7333401
57807348979095	0.21185187	0.0222522	0.6494729	0.7299375
57807360798314	0.20607844	0.025200495	0.65505654	0.7264969
57807374480449	0.19997291	0.028688187	0.66086674	0.72280216
57807380732741	0.19404678	0.03285041	0.6669156	0.71867263
57807390009199	0.18871182	0.037394203	0.6728272	0.71434814
57807398724668	0.18416494	0.04190761	0.6783798	0.71001965
57807410203210	0.18025044	0.04606627	0.6835333	0.7058116
57807425203210	0.18023673	0.046078995	0.683561	0.70578736
57807430949147	0.17615397	0.04901753	0.68852884	0.70178
57807439011647	0.17148235	0.05148038	0.6936759	0.69768
57807445535085	0.1665005	0.053735558	0.6990389	0.6933503
57807454447481	0.16154502	0.05594027	0.70453876	0.68876636
57807468126491	0.1568486	0.0580739	0.70989823	0.6841567
57807473857324	0.15258761	0.06002018	0.71494085	0.67968684
57807483763939	0.14881097	0.06167223	0.71966296	0.6753792
57807492725293	0.1451762	0.062920965	0.72422427	0.6711662
57807506255970	0.14135903	0.063754834	0.7287313	0.667011
57807521255970	0.13721031	0.06426434	0.73322344	0.66289276
57807526690085	0.13284732	0.0645798	0.7377213	0.6587476
57807531318626	0.12849814	0.06483892	0.7421376	0.65461135
57807541102272	0.12436027	0.06516437	0.7463913	0.65052915
57807550281231	0.120489724	0.065514535	0.75041366	0.64658284
57807559948366	0.11685562	0.06578257	0.7542139	0.64278984
57807569510033	0.11348255	0.065958396	0.7578078	0.63913894
57807580718783	0.11044819	0.06625593	0.76114464	0.63566524
57807589163053	0.10781292	0.066886604	0.7642445	0.6323234
57807598574564	0.10556397	0.06794211	0.76710314	0.62912077
57807608120658	0.103585124	0.06929252	0.76971674	0.6261028
57807617946803	0.10176321	0.070677385	0.77205855	0.6233576
57807628599095	0.10006842	0.0719045	0.7741313	0.6209162
57807638875606	0.09857647	0.072838575	0.7759129	0.6188186
57807648510345	0.09722827	0.07344426	0.77747416	0.616998
57807659249095	0.095913224	0.0737488	0.77882016	0.6154681
57807667974251	0.09464642	0.073843464	0.78001857	0.61413383
57807678550605	0.09350866	0.07381648	0.7810174	0.6130408
57807686887897	0.09261381	0.07365768	0.78184485	0.6121403
57807697054199	0.091968305	0.07337072	0.78245556	0.6114915
57807705672428	0.09140796	0.0728323	0.782834	0.6111554
57807714987012	0.0908484	0.071931385	0.78305244	0.6110658
57807723971126	0.09028344	0.070703454	0.7831573	0.61115855
57807732986439	0.089732595	0.06923759	0.78312546	0.61144817
57807747054876	0.08925611	0.06766097	0.782921	0.611956
57807762054876	0.08889667	0.066110015	0.78252435	0.6126846
57807766797168	0.08864122	0.06458089	0.78195643	0.61360925
57807772378210	0.08840856	0.06304914	0.78126097	0.614687
57807781425085	0.08810743	0.061458558	0.78044933	0.6159212
57807796425085	0.08772723	0.05979147	0.77947557	0.6173709
57807803315658	0.087349586	0.058087144	0.7782818	0.61909086
57807809735449	0.08701648	0.056345105	0.776843	0.62110263
57807821869251	0.08673935	0.05455639	0.7750773	0.62350225
57807833101283	0.086539105	0.05274191	0.7729763	0.6262882
57807841093730	0.08649762	0.052712742	0.7729805	0.62629116
57807854645189	0.08672795	0.051048223	0.7703473	0.6296328
57807863004355	0.08723089	0.049509324	0.76746243	0.63319904
57807869543157	0.08789089	0.04802423	0.76435363	0.63697124
57807880505553	0.08860374	0.046549942	0.7610625	0.6409106
57807888657064	0.089315556	0.045074593	0.757623	0.6449794
57807896537428	0.08992013	0.04354492	0.7540024	0.6492292
57807905307168	0.0904159	0.04196725	0.75019395	0.65366113
57807915596387	0.090955384	0.040432397	0.74615985	0.65828407
57807928769876	0.09162415	0.038928933	0.74183863	0.6631478
57807935265814	0.09245549	0.037466858	0.73724943	0.66821516
57807944520657	0.09338936	0.036050893	0.73246264	0.67340714
57807954176751	0.094215475	0.03461755	0.72760314	0.6786154
57807963976074	0.09475334	0.033190574	0.72267383	0.68385875
57807973118470	0.09482316	0.031765774	0.7175524	0.6892881
57807982763835	0.09435312	0.030445177	0.7122092	0.69493073
57807994833782	0.0934773	0.02940947	0.7066473	0.7007473
57808001938001	0.092457905	0.028798405	0.70086306	0.70669174
57808011522480	0.09172673	0.028641252	0.6949562	0.7126022
57808021165345	0.09181494	0.029037785	0.68892574	0.7184067
57808030703418	0.0929966	0.030061034	0.68261003	0.7242179
57808040687793	0.09477285	0.031392545	0.6757655	0.7303243
57808049901855	0.09635418	0.032773312	0.6686403	0.7365881
57808060733991	0.09739409	0.0341644	0.66179234	0.7425484
57808072613001	0.09786016	0.03558787	0.6553588	0.74810547
57808083601126	0.09788182	0.037016343	0.64886856	0.75367016
57808090140814	0.09795657	0.038411736	0.6423315	0.7591701
57808100114668	0.09858239	0.039878502	0.6358023	0.764491
57808109545605	0.09979403	0.041561637	0.6291333	0.7697436
57808119058001	0.101020515	0.04322785	0.6221776	0.77512664
57808128060657	0.10185805	0.044645287	0.6150888	0.7805752
57808137813939	0.10226088	0.045808814	0.60820556	0.7858309
57808148937793	0.10221119	0.046771675	0.6016379	0.79082054
57808159970137	0.10192541	0.047589518	0.59520984	0.79565805
57808165261751	0.101776764	0.048301175	0.58876055	0.8004184
57808175341334	0.10219071	0.04899727	0.58234024	0.80500704
57808185075762	0.10346767	0.049837552	0.5759148	0.80940276
57808194624303	0.10536984	0.05083388	0.5693035	0.81376076
57808205890605	0.107177414	0.05179353	0.5624433	0.81822246
57808213330032	0.108409815	0.052563086	0.5557071	0.82260203
57808223124407	0.10890474	0.05311317	0.5494038	0.82672495
57808232617324	0.1086583	0.05342916	0.54343486	0.83067274
57808242213939	0.10797249	0.053617064	0.5376262	0.83452106
57808251640189	0.10740083	0.053798083	0.5318331	0.8382866
57808261142168	0.10745879	0.05411711	0.5259496	0.84196264
57808271057532	0.10835677	0.054626256	0.5199597	0.8455274
57808283266543	0.10985586	0.05532242	0.5140019	0.8489247
57808291551178	0.10981305	0.0553768	0.5141443	0.84884053
57808301392116	0.11135949	0.05625823	0.50864154	0.8518907
57808311119824	0.11253013	0.056974407	0.50360286	0.85467833
57808322163314	0.113341875	0.057334214	0.4988292	0.8573423
57808328883834	0.114024185	0.057329766	0.4941847	0.859938
57808338760189	0.11480624	0.057148542	0.48966205	0.8624296
57808350638314	0.11577985	0.0570119	0.48523313	0.86480844
57808360713626	0.116912216	0.056937203	0.48089403	0.8670817
57808366822428	0.11811983	0.056903206	0.47681227	0.869172
57808380477324	0.119357675	0.05685953	0.4731891	0.8709839
57808392727793	0.12056618	0.056649625	0.46996152	0.8725772
57808399433991	0.121667124	0.056118004	0.46718708	0.8739474
57808407379303	0.12255972	0.055220872	0.46477944	0.8751627
57808421200084	0.12313327	0.054076076	0.46254593	0.8763364
57808428755189	0.1233487	0.052860953	0.46046284	0.8774764
57808438593366	0.12332202	0.05173105	0.45866308	0.87848955
57808449034876	0.12323464	0.05080678	0.45720503	0.8793153
57808460137897	0.12328118	0.05012503	0.45608917	0.8799272
57808465012636	0.12361609	0.049615327	0.4552604	0.88033825
57808478602741	0.12425516	0.0491841	0.45470443	0.88055974
57808483617480	0.1250834	0.048734754	0.45439497	0.8806272
57808498617480	0.12650466	0.047641736	0.45467505	0.8803395
57808503575136	0.12650466	0.047641736	0.45467505	0.8803395
57808518575136	0.12734455	0.04672418	0.45595744	0.8796039
57808523633834	0.12734455	0.04672418	0.45595744	0.8796039
57808533752741	0.12778363	0.046410117	0.45690772	0.87906367
57808547924668	0.12849379	0.046139263	0.45805737	0.8783758
57808555674980	0.12958331	0.045802273	0.45928258	0.87759316
57808561784772	0.13089809	0.045335796	0.46091563	0.87656564
57808574917897	0.13224664	0.04468366	0.46277487	0.87541634
57808589917897	0.13344641	0.043821055	0.46477163	0.87421924
57808594364199	0.13441736	0.04268901	0.46680373	0.873043
57808599894459	0.1352532	0.04131289	0.46891013	0.8718504
57808613106334	0.13610707	0.039862137	0.47108907	0.8706096
57808620024824	0.13710716	0.03852241	0.47343048	0.8692418
57808628821751	0.13837302	0.037409563	0.4760492	0.86765814
57808643821751	0.14175905	0.035422463	0.48217282	0.86380494
57808651702324	0.14175905	0.035422463	0.48217282	0.86380494
57808661947793	0.14345355	0.03415943	0.48552927	0.86169344
57808669168053	0.14479774	0.032621846	0.48909825	0.8595071
57808678540813	0.14584424	0.031053336	0.49303663	0.8571349
57808685170397	0.14690384	0.029770551	0.49724808	0.85456276
57808700140084	0.14836122	0.028851403	0.5016084	0.8517898
57808705267063	0.14834794	0.028888782	0.5017559	0.85170394
57808715986959	0.15006526	0.028638927	0.5045835	0.84973866
57808725134043	0.15292205	0.028338308	0.50905013	0.84656954
57808734419355	0.15577973	0.027874328	0.5137763	0.8432021
57808745013834	0.15849663	0.027098853	0.5187613	0.83966136
57808752609251	0.16107677	0.026122125	0.5238549	0.836031
57808764143209	0.16371742	0.025234796	0.5290371	0.8322737
57808773150449	0.16665457	0.024610875	0.5342423	0.8283754
57808784176543	0.16995613	0.02424401	0.53945374	0.8243281
57808789401595	0.17345317	0.023925772	0.5446606	0.8201745
57808800870240	0.17684814	0.02341808	0.5499412	0.81592953
57808811390136	0.17981994	0.022529654	0.5554283	0.81157666
57808818057636	0.18217522	0.021264305	0.5611366	0.80714667
57808831811855	0.18390185	0.019707527	0.5668944	0.8027594
57808838136543	0.18537675	0.018031381	0.572644	0.7983666
57808847960293	0.18721758	0.016448705	0.57830024	0.7938816
57808858467115	0.18974419	0.015177087	0.5837585	0.7892989
57808869344928	0.19299135	0.0142707005	0.58906555	0.78457147
57808877295501	0.19686002	0.013552385	0.59434867	0.77962303
57808887436543	0.20110318	0.012863223	0.5997793	0.77437514
57808895603105	0.20541897	0.012063927	0.6054107	0.7688533
57808908580657	0.20951362	0.011119374	0.6111552	0.76319706
57808919330397	0.21328357	0.010051064	0.6168339	0.7575785
57808925582740	0.21672255	0.0089128325	0.6225005	0.7519609
57808937006543	0.21987677	0.0077070766	0.6280625	0.746413
57808945985188	0.22287248	0.0064838487	0.63343924	0.7409727
57808955350657	0.22589606	0.0052112094	0.6385792	0.73563606
57808965069563	0.22918482	0.0038249495	0.6436135	0.73022014
57808973673574	0.23305182	0.0023684138	0.6486145	0.7245553
57808984118001	0.2375977	0.0010092378	0.653644	0.71853733
57808992792480	0.24260312	-1.3092035E-4	0.6586417	0.7122745
57809002626282	0.24757054	-0.001173233	0.6635866	0.70594645
57809013115188	0.25208443	-0.002316159	0.6684939	0.6996885
57809021690136	0.2560609	-0.0037906796	0.67331654	0.6935873
57809032201230	0.25939444	-0.005741462	0.6780511	0.6876979
57809038807376	0.2622581	-0.00806076	0.6826319	0.6820333
57809048714720	0.26487923	-0.0104670655	0.6870985	0.67647994
57809061329511	0.26753098	-0.012572484	0.69142234	0.6709726
57809069830917	0.27051136	-0.014193221	0.69560444	0.6653997
57809080905865	0.2738473	-0.015403816	0.69965976	0.6597322
57809089090397	0.27725276	-0.016543977	0.7036667	0.65399575
57809097339563	0.28040245	-0.018015828	0.70763725	0.648305
57809106388209	0.2830168	-0.020038145	0.71147287	0.64288914
57809117231022	0.28487167	-0.022540592	0.7149711	0.6380881
57809130140657	0.28596625	-0.025489017	0.7182311	0.63381207
57809139451959	0.2859425	-0.025504936	0.7182175	0.6338376
57809148278209	0.28719777	-0.028102905	0.7215997	0.62930244
57809157324095	0.2893966	-0.02966587	0.72483325	0.62448883
57809166734824	0.29261196	-0.030088414	0.72776234	0.6195441
57809176389719	0.29673144	-0.029851086	0.7304335	0.6144316
57809185998209	0.30139044	-0.029511033	0.73299426	0.6091078
57809195699199	0.30591634	-0.029450653	0.7355517	0.6037479
57809204789980	0.309656	-0.02982096	0.73792624	0.59890634
57809214324355	0.31232595	-0.030754877	0.7400684	0.59481555
57809223450657	0.31396416	-0.03225459	0.74208665	0.59134895
57809234407792	0.31491297	-0.034167532	0.7442359	0.5880267
57809240608626	0.31559622	-0.03619878	0.7466017	0.58452946
57809252032740	0.31640482	-0.03798913	0.7490038	0.58089423
57809262004511	0.31768316	-0.039139383	0.75119793	0.5772757
57809271589824	0.31945273	-0.039615568	0.75312036	0.5737511
57809282054563	0.32147613	-0.039672516	0.7549006	0.57026684
57809290861803	0.32349837	-0.03964168	0.75668496	0.56674963
57809299613574	0.3252039	-0.039744142	0.7584878	0.5633462
57809309909094	0.32638806	-0.04016071	0.7601551	0.56037694
57809318651751	0.327028	-0.041132994	0.7614958	0.5581084
57809327853782	0.32730427	-0.04296806	0.76248085	0.5564609
57809338208209	0.32747865	-0.045576964	0.763201	0.5551619
57809347025865	0.3276072	-0.048627976	0.76379955	0.5540027
57809358352376	0.3277018	-0.051734317	0.76436263	0.55288786
57809367021438	0.32779756	-0.054631244	0.7648415	0.5518891
57809380330553	0.32787699	-0.057187844	0.7652003	0.551085
57809388291647	0.32795334	-0.05946781	0.76549286	0.55039173
57809397282480	0.32804403	-0.061739195	0.7656031	0.54993397
57809406917324	0.32806802	-0.06415458	0.76561165	0.54963124
57809415844876	0.32784656	-0.06677112	0.7654753	0.54964155
57809425983782	0.32716966	-0.06961319	0.76515627	0.55013627
57809435712115	0.3259768	-0.07264713	0.76472807	0.5510468
57809445589407	0.32442	-0.075679526	0.7642481	0.55222213
57809454886282	0.3227075	-0.078466974	0.76369613	0.55359817
57809463546230	0.32102013	-0.08088684	0.76305634	0.55511117
57809473159719	0.31950194	-0.08280887	0.76231855	0.55671513
57809485458782	0.318204	-0.08421061	0.7614615	0.5584186
57809490357167	0.31704473	-0.08521418	0.76055115	0.56016344
57809505357167	0.31591332	-0.08590924	0.75963646	0.561935
57809514847844	0.31482226	-0.08630327	0.758634	0.56383795
57809524850240	0.31387293	-0.08636664	0.7574394	0.56595963
57809534711438	0.31309465	-0.08611779	0.7559925	0.5683581
57809540223001	0.31242064	-0.08574553	0.75435483	0.5709553
57809554237636	0.311766	-0.08538633	0.75256944	0.5737163
57809559433521	0.31167504	-0.08549559	0.7525704	0.57374823
57809574433521	0.31129348	-0.085483186	0.75151	0.5753449
57809580858990	0.3105387	-0.08559015	0.74933857	0.57856005
57809589899042	0.30973947	-0.08600979	0.74699473	0.58194727
57809600020761	0.30888897	-0.08673965	0.7444942	0.5854846
57809606699355	0.30797562	-0.0876175	0.7418563	0.58917195
57809619235917	0.30699962	-0.088515155	0.73907334	0.59303206
57809632631907	0.3059488	-0.08936261	0.73614985	0.5970704
57809638727792	0.30489546	-0.09014337	0.73309726	0.60123324
57809650246438	0.3038655	-0.090934746	0.7298943	0.60551715
57809659584146	0.30285555	-0.09185056	0.7265963	0.6098359
57809669070292	0.3017212	-0.09305231	0.7232054	0.6142309
57809679039094	0.3003361	-0.09469181	0.7197276	0.6187277
57809690011803	0.29872784	-0.096717544	0.7161511	0.62332577
57809698326959	0.29700556	-0.099060245	0.7124534	0.6280007
57809709231386	0.2952161	-0.101660274	0.70861393	0.6327551
57809715488417	0.29335308	-0.10425719	0.704724	0.6375254
57809728002792	0.29159972	-0.106305264	0.7007646	0.64233774
57809733047792	0.28984725	-0.10777028	0.69677216	0.64721155
57809741199251	0.28817952	-0.108798824	0.69267607	0.652162
57809750814198	0.28655794	-0.10972074	0.68846214	0.65716493
57809761476646	0.28492504	-0.11078698	0.6841896	0.6621395
57809772454667	0.28332436	-0.11195742	0.67988896	0.6670411
57809781692011	0.28173912	-0.1130678	0.6755579	0.6719079
57809790046178	0.28019872	-0.11383508	0.67119503	0.6767773
57809799911907	0.278795	-0.1139856	0.6668686	0.68159145
57809810342532	0.2777305	-0.11337698	0.66258967	0.6862845
57809822084094	0.27707705	-0.11207992	0.6582763	0.69089705
57809830467844	0.27677193	-0.11041773	0.653831	0.69549286
57809838372115	0.27678812	-0.108653255	0.64943695	0.6998675
57809848065813	0.27701527	-0.10707387	0.644983	0.7041269
57809859066855	0.27729893	-0.10583574	0.6404291	0.7083465
57809867399980	0.27752316	-0.10495994	0.63581246	0.7125355
57809877601542	0.27763116	-0.10429658	0.63115704	0.7167175
57809888473105	0.27762184	-0.10364899	0.62648904	0.7208984
57809896064459	0.2775653	-0.10291726	0.6218158	0.7250591
57809905522375	0.27762663	-0.10205194	0.6171264	0.72915286
57809914834667	0.27793673	-0.10109332	0.61240447	0.73313856
57809925391282	0.27850035	-0.10021484	0.60761446	0.7370205
57809934972636	0.27927485	-0.099589296	0.6028442	0.7407202
57809944230500	0.28019887	-0.09934056	0.5980913	0.7442492
57809954875917	0.2810483	-0.09954062	0.593352	0.74768776
57809963340605	0.28153008	-0.1002142	0.5885429	0.75120914
57809973860917	0.28167093	-0.10134351	0.5836715	0.7547971
57809982239250	0.28147885	-0.10118867	0.58381593	0.75477785
57809993142948	0.2808329	-0.10275377	0.5791102	0.75842327
57810000645136	0.2798857	-0.10429395	0.5744826	0.7620739
57810009259615	0.27869067	-0.10567259	0.56994545	0.7657199
57810019491803	0.27739632	-0.10686897	0.5654664	0.7693361
57810029755969	0.27620715	-0.10796756	0.56104606	0.77283895
57810039325813	0.2752413	-0.108992785	0.5566782	0.77619094
57810050184875	0.27449745	-0.10990848	0.5524077	0.7793696
57810062951542	0.27402845	-0.11065167	0.54831517	0.78231394
57810070490500	0.2738622	-0.11124258	0.54438615	0.7850276
57810082402792	0.27406773	-0.1117397	0.5403754	0.7876519
57810087427115	0.27462056	-0.11206826	0.5364916	0.790064
57810098454042	0.27543518	-0.112324044	0.5325919	0.79237914
57810107944042	0.2764903	-0.11247454	0.5287782	0.7945416
57810115592375	0.27765438	-0.11245209	0.5251236	0.79656005
57810128015813	0.27883184	-0.11228272	0.5216929	0.7984248
57810136370032	0.2799174	-0.112176664	0.51841515	0.80019265
57810147856907	0.28093526	-0.11231385	0.5151922	0.8018964
57810153153625	0.28195742	-0.11271028	0.5120058	0.80352145
57810165613834	0.28305408	-0.11327573	0.5088533	0.80505735
57810174244667	0.2841933	-0.11386057	0.5056948	0.8065623
57810184847063	0.2852797	-0.11431159	0.5025974	0.80804974
57810193731438	0.2863614	-0.114529654	0.49962932	0.80947554
57810204487636	0.28753856	-0.11453684	0.4968083	0.8107925
57810211695813	0.2888533	-0.11457667	0.4942077	0.8119081
57810223148052	0.29029465	-0.11467003	0.4918624	0.81280464
57810232137948	0.2918841	-0.11478145	0.48969638	0.81352717
57810240896490	0.2935826	-0.1147428	0.48777467	0.81407565
57810252670709	0.2954351	-0.11432462	0.48607096	0.8144833
57810261004771	0.2975079	-0.113536306	0.48456714	0.8147351
57810268539511	0.29981238	-0.11255615	0.48322737	0.8148221
57810283539511	0.30228692	-0.111540325	0.48193848	0.8148109
57810291338000	0.3049136	-0.11055134	0.48072463	0.81468403
57810302018000	0.30758134	-0.10966986	0.4793424	0.81461465
57810308608677	0.31017244	-0.108708836	0.4781646	0.81445324
57810320108469	0.3125472	-0.10772733	0.4771087	0.81429493
57810329182584	0.31474432	-0.10677702	0.47621244	0.8140985
57810338344875	0.31683004	-0.10591774	0.47554842	0.81378984
57810349248990	0.31887588	-0.105109565	0.47520575	0.8132956
57810357672688	0.32097626	-0.10421832	0.47525188	0.81255674
57810367711438	0.32321674	-0.10302789	0.475806	0.81149536
57810375639146	0.32556048	-0.10139431	0.47692513	0.81010616
57810386660084	0.3280171	-0.0993144	0.4785879	0.8083905
57810395174146	0.33058038	-0.09692066	0.48065832	0.80640596
57810405745500	0.33310676	-0.09446318	0.4830201	0.80424386
57810414294407	0.33315587	-0.09430825	0.48317447	0.804149
57810429294407	0.33483025	-0.09236928	0.48616114	0.80187535
57810444294407	0.33334127	-0.0916539	0.48997045	0.8002575
57810459294407	0.33074853	-0.09113349	0.49431768	0.7987178
57810472031750	0.32750824	-0.090743855	0.49927622	0.79701144
57810478198469	0.32410258	-0.090509824	0.50462145	0.79506147
57810492051438	0.32087997	-0.09037948	0.51008457	0.79289436
57810503132375	0.31796435	-0.0903302	0.5151875	0.7907725
57810511689615	0.31538203	-0.09063883	0.51931024	0.78907275
57810519959146	0.31307167	-0.09128892	0.52286243	0.7875706
57810530426334	0.31072956	-0.091953486	0.5263012	0.786129
57810538473052	0.30816513	-0.092041895	0.53020614	0.7845024
57810549259250	0.30546543	-0.0912381	0.5349185	0.78245056
57810557858573	0.30272204	-0.0895363	0.5403498	0.7799775
57810564911542	0.30003273	-0.087251484	0.5460573	0.77729607
57810577262219	0.29760554	-0.084918864	0.5515038	0.77463764
57810586233261	0.2955936	-0.08321865	0.55637527	0.7721048
57810596832479	0.29383525	-0.082411125	0.5608016	0.7696564
57810606558677	0.2918216	-0.08206121	0.5652334	0.767214
57810614888156	0.28919777	-0.08138493	0.5701618	0.76462847
57810624024771	0.28596163	-0.07967142	0.57569206	0.7618774
57810634888990	0.2823709	-0.07656773	0.58166087	0.75899595
57810641357063	0.27878204	-0.07234959	0.58769095	0.7560856
57810654452740	0.27554625	-0.06787685	0.5933913	0.753229
57810664180709	0.2730228	-0.064290196	0.59847724	0.7504334
57810672433365	0.27134967	-0.06225315	0.6029139	0.74765545
57810683236334	0.26998967	-0.06138653	0.6070237	0.74488896
57810691829719	0.2679739	-0.06062587	0.61138004	0.7421112
57810699397948	0.2648094	-0.05894322	0.6162982	0.7393094
57810712997011	0.26059315	-0.055797104	0.62178266	0.73645383
57810723793990	0.25560278	-0.051327717	0.6277114	0.73349243
57810732154979	0.25037903	-0.04623177	0.6337581	0.7304271
57810740122688	0.24572507	-0.041560825	0.6396429	0.7271513
57810750719406	0.24211514	-0.038216375	0.64496017	0.72384125
57810759176542	0.23950142	-0.036498647	0.64964336	0.7206043
57810770126802	0.2370006	-0.035847742	0.65414155	0.7173874
57810778461125	0.23384637	-0.03537605	0.65895873	0.7140294
57810788110500	0.2337849	-0.03535885	0.6590195	0.71399426
57810796671125	0.22833417	-0.03344721	0.6649481	0.71034425
57810805656854	0.2220773	-0.030956091	0.67129797	0.7064577
57810814891386	0.21591277	-0.02869246	0.6776567	0.7023816
57810824532271	0.21077742	-0.027191056	0.68373775	0.6980948
57810833983469	0.20699137	-0.026583819	0.6894266	0.6936418
57810844652427	0.20383851	-0.026564628	0.69485706	0.68914294
57810859652427	0.200753	-0.026549775	0.700255	0.6845702
57810866225604	0.19721511	-0.02590997	0.705947	0.6797601
57810874049406	0.1926689	-0.024478335	0.7121063	0.67467344
57810886117271	0.18648148	-0.0229184	0.7186923	0.6694631
57810892958677	0.17867558	-0.02254227	0.72543085	0.6643171
57810904258833	0.16993071	-0.024205748	0.7320146	0.65931207
57810919191229	0.16102216	-0.027642308	0.7383487	0.65433097
57810924054563	0.15270327	-0.03165678	0.7443683	0.64930385
57810935016542	0.14547922	-0.035010237	0.7500426	0.64424074
57810940452271	0.13949193	-0.03690503	0.7554884	0.63907546
57810952334875	0.13463114	-0.037048742	0.7609341	0.63362545
57810963084458	0.1306637	-0.035923533	0.76653105	0.62774736
57810969330188	0.1272637	-0.034423955	0.7721666	0.62159276
57810980754406	0.1241634	-0.03324559	0.77761567	0.61546093
57810989824042	0.12115557	-0.032781884	0.78258824	0.609756
57810998797323	0.11814245	-0.033202115	0.78706837	0.6045357
57811011105708	0.11506783	-0.034246158	0.79122216	0.5996282
57811016557219	0.111802146	-0.03532492	0.7951786	0.5949314
57811028817479	0.108441375	-0.035749365	0.7990984	0.5902577
57811037653729	0.10557627	-0.035164833	0.8030172	0.5854747
57811048536021	0.10380277	-0.033841714	0.8067538	0.5807134
57811057065188	0.10272408	-0.031723462	0.8102849	0.5760902
57811066441073	0.102013014	-0.029038152	0.8135831	0.5716928
57811076885448	0.10141318	-0.02637825	0.8166362	0.56756055
57811085708938	0.10057223	-0.024225246	0.81955075	0.563591
57811093434146	0.099181965	-0.022820214	0.8224154	0.55970985
57811106041177	0.09711256	-0.022110723	0.8252073	0.55597943
57811113856646	0.09465507	-0.021824667	0.8278841	0.55242383
57811126496854	0.092328794	-0.021550046	0.830387	0.5490615
57811135775604	0.09042526	-0.02105572	0.832672	0.5459279
57811145191490	0.08909377	-0.020270837	0.8348536	0.542836
57811152686906	0.08824288	-0.019341327	0.8367926	0.54001606
57811164219979	0.087583676	-0.018435722	0.83860534	0.53733647
57811173309146	0.08687871	-0.017838608	0.84030664	0.534807
57811183811437	0.086000726	-0.017758708	0.8418808	0.53247094
57811192187948	0.08485993	-0.018184584	0.8432711	0.53043586
57811202045552	0.08477854	-0.018244786	0.8431654	0.5306148
57811212513000	0.083464354	-0.019119311	0.8442488	0.5290673
57811219039719	0.082355045	-0.019759838	0.8451925	0.5277091
57811230509979	0.08158262	-0.01997595	0.8459492	0.5266074
57811238504510	0.08115403	-0.019745892	0.84649974	0.5257967
57811249141958	0.081021555	-0.019197173	0.84681624	0.5253277
57811259680500	0.08111233	-0.01847397	0.8469033	0.52519935
57811266928156	0.08127045	-0.017770607	0.84676623	0.5254202
57811278486854	0.08138616	-0.017276632	0.8464628	0.5259074
57811288563156	0.081467934	-0.017075406	0.8460038	0.52663934
57811297083417	0.08151369	-0.017118944	0.8453483	0.5276824
57811306368937	0.08157759	-0.017334178	0.8444475	0.5291061
57811314885812	0.08177142	-0.017569887	0.84335136	0.5308137
57811329885812	0.08217406	-0.017720284	0.8420844	0.5327544
57811344885812	0.08276814	-0.017762495	0.84066856	0.5348929
57811359885812	0.08344017	-0.01775363	0.83909625	0.5372524
57811371795292	0.08406829	-0.017792607	0.8373986	0.539796
57811375460708	0.08460986	-0.017947137	0.8356239	0.5424499
57811379964875	0.085062936	-0.018289214	0.8335763	0.54550916
57811384003729	0.08551676	-0.018747509	0.8313521	0.5488069
57811391282479	0.08598197	-0.01925334	0.82889473	0.5524219
57811402262896	0.086405285	-0.019778408	0.82620984	0.55634546
57811412266802	0.08682201	-0.020305065	0.8233291	0.5605168
57811421276489	0.08726608	-0.020857714	0.82028466	0.5648742
57811429429458	0.087743	-0.021449825	0.8170739	0.5694131
57811440924146	0.088378176	-0.022065997	0.81368583	0.57412356
57811449632167	0.08928434	-0.022582768	0.8100965	0.5790181
57811458552062	0.09036811	-0.023024086	0.80627275	0.58414704
57811468075344	0.09152443	-0.023455419	0.8022316	0.5894892
57811477657583	0.09265741	-0.023944527	0.7980353	0.5949631
57811487261646	0.09362103	-0.02458876	0.7937617	0.6004772
57811496879146	0.09432172	-0.025477305	0.7894175	0.6060318
57811506648625	0.094825126	-0.026662026	0.7849986	0.6116163
57811516182323	0.09542072	-0.027927455	0.7805417	0.6171463
57811525746854	0.096283205	-0.029056542	0.7758919	0.6227977
57811535232427	0.09716035	-0.030136574	0.7709556	0.62871236
57811544971489	0.097846806	-0.0313067	0.7658412	0.63477033
57811554483885	0.09832986	-0.03267501	0.7607019	0.640778
57811564292427	0.09853241	-0.034208167	0.75559306	0.64668417
57811573698469	0.09830461	-0.03594191	0.7503753	0.6526724
57811583372114	0.09784448	-0.037747975	0.745011	0.6587566
57811593144719	0.097601965	-0.039267726	0.7395692	0.66480786
57811604177375	0.097824365	-0.040184222	0.7339092	0.67096424
57811613701906	0.09835726	-0.040517237	0.7277459	0.6775472
57811623454875	0.09891821	-0.040484913	0.7212405	0.684389
57811633073260	0.098735206	-0.04051872	0.72128665	0.68436486
57811642006958	0.09922299	-0.04032918	0.71475804	0.6911219
57811652077219	0.099725775	-0.040111925	0.7082884	0.6976915
57811663655708	0.10040836	-0.03971701	0.7017015	0.7042412
57811675526854	0.101393215	-0.03905093	0.69482005	0.7109287
57811680805916	0.102700226	-0.03807141	0.68760717	0.7177741
57811695805916	0.104275554	-0.036820754	0.6801685	0.7246666
57811701295344	0.10601713	-0.03551265	0.67265475	0.73146075
57811716295344	0.10891926	-0.033745877	0.657639	0.74465346
57811724181698	0.10891926	-0.033745877	0.657639	0.74465346
57811729375448	0.10890879	-0.033907417	0.65012056	0.75122064
57811739553937	0.107984215	-0.03497727	0.64270705	0.75765663
57811748582687	0.10677598	-0.0363943	0.63560164	0.76373094
57811756741125	0.1057892	-0.03737495	0.6286388	0.7695616
57811766314771	0.1053128	-0.037582137	0.62137663	0.775492
57811775132948	0.1053958	-0.037123945	0.61375046	0.78155226
57811788057114	0.10597452	-0.03622768	0.60612535	0.7874446
57811802856958	0.106933795	-0.03522472	0.59878474	0.7929573
57811809807218	0.10807947	-0.0342975	0.5916161	0.79820615
57811818137739	0.10920182	-0.03341983	0.58474445	0.803139
57811829833885	0.11000291	-0.03264039	0.57781726	0.80806017
57811839064510	0.11041779	-0.031985905	0.5707689	0.81302387
57811847799198	0.11047416	-0.031407084	0.5636584	0.8179843
57811857924718	0.11028973	-0.030789074	0.5566699	0.8228044
57811862092635	0.11016783	-0.030098474	0.54989564	0.82738864
57811874012843	0.110387705	-0.029352713	0.54326147	0.8317572
57811882739458	0.11103953	-0.028611084	0.5367514	0.8359124
57811892262114	0.11201532	-0.02793921	0.53038055	0.8398622
57811902178000	0.11309872	-0.027401198	0.52414846	0.8436387
57811912591073	0.11402422	-0.027063422	0.5180513	0.84728324
57811921385812	0.11465375	-0.026912903	0.51216245	0.8507761
57811931912583	0.114960514	-0.026940081	0.506481	0.85412836
57811940855135	0.11509151	-0.027149493	0.5010128	0.85732317
57811950515291	0.11530089	-0.027518667	0.4956392	0.8604012
57811960877218	0.11572632	-0.027958307	0.49027133	0.86340016
57811968136698	0.11636673	-0.028413052	0.4849087	0.8663228
57811978117635	0.1171098	-0.02891446	0.4796926	0.86910546
57811987926229	0.117883526	-0.029505758	0.47480148	0.87166315
57811997314771	0.118524686	-0.030162528	0.47024488	0.8740205
57812005809302	0.118910864	-0.030796323	0.46595982	0.87623817
57812017379198	0.119157374	-0.031610854	0.46184146	0.8783535
57812027827531	0.11932839	-0.032327536	0.45794967	0.8803396
57812038948416	0.119723625	-0.032998744	0.4541023	0.882252
57812045986177	0.11963653	-0.032733563	0.454317	0.88216305
57812057427843	0.12048579	-0.03293625	0.45133466	0.88356966
57812066600708	0.12146483	-0.033199143	0.4483582	0.88494015
57812077233885	0.122358724	-0.033528157	0.44571215	0.8861405
57812084314823	0.12307179	-0.033942983	0.4434328	0.8871688
57812094932375	0.12355357	-0.034430023	0.44148552	0.88805383
57812103836437	0.12394077	-0.034790214	0.4398418	0.88880116
57812114700395	0.124390684	-0.034811318	0.4384382	0.8894308
57812122947375	0.12493894	-0.03483249	0.43720752	0.8899588
57812133454250	0.1255851	-0.034734312	0.4362122	0.89036
57812142049666	0.12642613	-0.0347314	0.435601	0.89054024
57812151214145	0.12738605	-0.034778327	0.4353221	0.89053804
57812162477531	0.12831672	-0.034768805	0.43529662	0.8904172
57812170904666	0.12920284	-0.034690484	0.43542907	0.8902273
57812180769041	0.1300818	-0.034515213	0.43579066	0.8899292
57812189694666	0.13104121	-0.034225877	0.43644336	0.8894796
57812199861073	0.13218698	-0.033880755	0.43729383	0.88890547
57812208497791	0.13347852	-0.033498906	0.43829942	0.88823134
57812220722062	0.13481058	-0.0330841	0.4393969	0.8875032
57812233185656	0.13616428	-0.032867227	0.44061443	0.88670063
57812238213937	0.13742122	-0.03269811	0.44200417	0.8858208
57812249792166	0.13848287	-0.032355126	0.4434003	0.88497007
57812258524510	0.13954362	-0.031581473	0.44515046	0.8839521
57812268875604	0.14073476	-0.030428845	0.4469661	0.8828868
57812277873937	0.14210962	-0.029091533	0.4488681	0.88174593
57812288070604	0.14377704	-0.027748706	0.45089468	0.88048404
57812294730083	0.1456671	-0.026447589	0.45320612	0.8790255
57812306230135	0.14759137	-0.025199007	0.45574433	0.8774274
57812315064250	0.14948119	-0.023994675	0.45854282	0.8756815
57812325478885	0.15132925	-0.022885133	0.4615358	0.8738195
57812334557010	0.15311217	-0.02175071	0.46484464	0.87178165
57812344904093	0.15485734	-0.020600755	0.46854767	0.8695159
57812352311854	0.15662919	-0.019419363	0.4725607	0.86705047
57812363948416	0.15854746	-0.018225415	0.47680607	0.8643996
57812372835708	0.16075848	-0.017019834	0.48130023	0.86152035
57812383470395	0.16320026	-0.015850684	0.4859868	0.858447
57812392016125	0.16569163	-0.014752657	0.49085048	0.8552161
57812401109458	0.16808169	-0.013795446	0.49590227	0.8518446
57812408912010	0.17031361	-0.0130501455	0.50113785	0.8483419
57812421563677	0.17235297	-0.012467554	0.5065665	0.8447067
57812429225604	0.17433688	-0.011942715	0.5121081	0.84095746
57812441054770	0.17648147	-0.011337522	0.51764566	0.8371194
57812452987166	0.17896287	-0.010593377	0.5232282	0.83312213
57812461349249	0.18180422	-0.009766558	0.52877384	0.8290054
57812469520916	0.18176445	-0.0097243935	0.5289326	0.8289134
57812480186229	0.18519332	-0.008961521	0.53472894	0.824432
57812489247114	0.18888819	-0.008304627	0.5405729	0.81977636
57812498916333	0.19270848	-0.0076845298	0.54648644	0.8149582
57812509408937	0.19651598	-0.00703444	0.5524507	0.81001866
57812515648156	0.2002168	-0.00639048	0.5584143	0.805013
57812527075604	0.20379786	-0.0058237636	0.56440216	0.7999267
57812536091958	0.20727144	-0.005434059	0.57035416	0.7947988
57812546662166	0.21060035	-0.005257058	0.5762606	0.78964776
57812554006697	0.2138081	-0.0053057657	0.5820682	0.7845091
57812565562583	0.21694405	-0.0055918815	0.5877674	0.7793802
57812573994562	0.2200176	-0.0059463657	0.5933578	0.77426314
57812584774145	0.22301184	-0.006168888	0.5987897	0.7692066
57812594874041	0.22606742	-0.006092185	0.60404766	0.7641878
57812604263624	0.22922662	-0.0056143817	0.6091356	0.7591952
57812612700968	0.23238066	-0.0047049266	0.6140585	0.75426084
57812623449458	0.23550183	-0.0035776007	0.61882794	0.7493851
57812632188052	0.23857293	-0.002577538	0.6235213	0.7445116
57812640212687	0.24152996	-0.002095643	0.62809944	0.73969585
57812650116958	0.24422479	-0.0023919218	0.6325238	0.7350253
57812660853729	0.24654931	-0.003446831	0.63692456	0.73043054
57812673649770	0.24840875	-0.0049905307	0.6415022	0.7257707
57812682644197	0.24983165	-0.0068005812	0.6462562	0.72103465
57812691865499	0.2510009	-0.008674712	0.6510934	0.71624064
57812699710656	0.25210524	-0.010484646	0.6559262	0.7114027
57812710643729	0.25326443	-0.012153123	0.66071606	0.70651525
57812718808520	0.25484577	-0.013657318	0.66530836	0.7015925
57812729892270	0.25678656	-0.015150202	0.6697873	0.6965746
57812739216229	0.25893614	-0.016758138	0.6743023	0.69136655
57812748680812	0.26121256	-0.018445387	0.6789502	0.68589675
57812756792687	0.26354757	-0.020161273	0.6837284	0.68018514
57812767719770	0.2658185	-0.021818267	0.6885725	0.6743386
57812776111801	0.2679931	-0.023380103	0.6933197	0.66853637
57812786739093	0.27005628	-0.024861502	0.6979287	0.66283256
57812795323156	0.2719472	-0.0263131	0.70238465	0.65727335
57812805131958	0.2735775	-0.027814776	0.7067425	0.65184104
57812814536333	0.27477887	-0.029516753	0.71098125	0.6466305
57812824937999	0.27541378	-0.031511776	0.71511537	0.6416886
57812831727479	0.27545854	-0.03381516	0.7191477	0.6370289
57812841078364	0.27503246	-0.03636921	0.7230668	0.6326206
57812854934718	0.2743365	-0.039066497	0.72679037	0.62848157
57812861332270	0.27362162	-0.041751333	0.7301676	0.62469465
57812871600135	0.27302086	-0.044370964	0.73316574	0.6212559
57812881728520	0.27257922	-0.04682898	0.7358511	0.6180865
57812890187999	0.2722072	-0.049156826	0.7383548	0.6150765
57812901220603	0.27189988	-0.051421106	0.7407839	0.6120993
57812911705760	0.27185106	-0.05149051	0.74070615	0.6122093
57812925744353	0.27173358	-0.053523116	0.74314517	0.60912347
57812929292895	0.27175897	-0.05532562	0.7457515	0.6057565
57812940107687	0.27201852	-0.056823093	0.74827695	0.6023776
57812949658781	0.2725409	-0.057932884	0.7507025	0.5990085
57812958170916	0.273258	-0.058666967	0.75288343	0.59586495
57812968017426	0.27413344	-0.059119124	0.7547965	0.5929908
57812979104197	0.27511638	-0.05942873	0.7564679	0.59036905
57812987445031	0.27615213	-0.05974606	0.7579703	0.58792126
57812998005135	0.27731812	-0.060070362	0.75937265	0.585525
57813006451958	0.27875996	-0.060233008	0.76062477	0.5831938
57813017918416	0.28040475	-0.060085103	0.7617798	0.5809083
57813024266176	0.282108	-0.059624907	0.7627799	0.578815
57813036163468	0.28381473	-0.05892335	0.76357716	0.57699853
57813044857270	0.2854122	-0.058149442	0.7642232	0.57543147
57813053483103	0.2867688	-0.057484914	0.764779	0.57408404
57813064236333	0.2878187	-0.057042133	0.7652304	0.5730002
57813075055708	0.28862002	-0.056862485	0.7655398	0.57220095
57813082302166	0.28932545	-0.056875255	0.7656899	0.57164234
57813092794145	0.29003492	-0.056993335	0.7656539	0.57131916
57813101071072	0.29079312	-0.057179593	0.7654786	0.57114995
57813113602062	0.29160002	-0.057372175	0.76521957	0.57106656
57813119825135	0.2924098	-0.05751576	0.764883	0.5710888
57813132144249	0.29318646	-0.057525385	0.7644577	0.57125914
57813145124718	0.29387388	-0.05743321	0.7639666	0.57157207
57813152202478	0.2944277	-0.057257988	0.76342183	0.5720324
57813162873155	0.29485723	-0.0569834	0.76296854	0.5724432
57813169274822	0.29515874	-0.05678424	0.7623591	0.57311916
57813181350655	0.2953789	-0.05671258	0.76176167	0.57380676
57813190466385	0.2954552	-0.05681121	0.76114494	0.5745757
57813200427374	0.2953874	-0.056970656	0.7604854	0.57546717
57813208542322	0.2950959	-0.0572392	0.75972956	0.5765874
57813221664301	0.29449415	-0.057630744	0.75887823	0.5779755
57813227313103	0.29359084	-0.0581653	0.75797904	0.5795593
57813238086072	0.29249683	-0.05879771	0.75703686	0.5812775
57813246902635	0.2913488	-0.0593722	0.75607336	0.58304703
57813255852947	0.29006284	-0.0598826	0.7551007	0.5848935
57813266213468	0.2891664	-0.05983772	0.75393015	0.58684886
57813276859249	0.28865775	-0.059208963	0.75263834	0.58881795
57813285038780	0.28854752	-0.057814647	0.75124925	0.59078115
57813295536593	0.28877088	-0.055806354	0.7497351	0.5927853
57813304696020	0.28931907	-0.053523533	0.74806863	0.5948304
57813315176749	0.2902432	-0.051230043	0.7461685	0.59696484
57813322403780	0.29139358	-0.049148336	0.7440295	0.5992449
57813331432999	0.29251847	-0.04746032	0.7417039	0.60171074
57813340821489	0.2924481	-0.04753705	0.74163425	0.60182476
57813355821489	0.2929258	-0.04675271	0.7395121	0.60426044
57813368212322	0.2933919	-0.046037618	0.7366011	0.60763526
57813371281228	0.2936292	-0.045750048	0.7336493	0.61110365
57813380144457	0.29360768	-0.045999307	0.73070294	0.6146152
57813391955707	0.2933402	-0.04671245	0.7277539	0.6181779
57813401375499	0.2930001	-0.047781732	0.72477895	0.6217421
57813411490655	0.2927061	-0.049150493	0.7216099	0.62544906
57813421800499	0.2924882	-0.050667904	0.71834636	0.62917566
57813430418155	0.29228625	-0.052146632	0.7150585	0.63288295
57813440570707	0.29210746	-0.053458177	0.7117205	0.6366077
57813454082530	0.29190636	-0.0546446	0.70830995	0.6403919
57813462543780	0.2916846	-0.05581658	0.70479333	0.64426005
57813469213780	0.29150364	-0.057035755	0.70119804	0.6481465
57813481035760	0.29133904	-0.058380425	0.69756705	0.65200734
57813488385603	0.29110432	-0.05987807	0.6939053	0.65587217
57813501132114	0.29068205	-0.06146921	0.6901939	0.65981656
57813508689770	0.29005226	-0.063071914	0.68642294	0.6638639
57813519412010	0.28938162	-0.06460505	0.6825923	0.66794634
57813526204874	0.28887424	-0.065946884	0.6786762	0.6720129
57813541204874	0.28853267	-0.067982286	0.67036945	0.68024427
57813546480864	0.28853267	-0.067982286	0.67036945	0.68024427
57813555219614	0.28841922	-0.068808086	0.66607594	0.68441415
57813562133520	0.2882112	-0.06955538	0.6618174	0.688545
57813574042322	0.28796202	-0.07014904	0.6575589	0.69265676
57813581777374	0.28782088	-0.07057287	0.6531325	0.6968477
57813594462947	0.2876309	-0.07089718	0.6485194	0.701188
57813605176645	0.28711343	-0.071156345	0.64381117	0.7056982
57813610596228	0.2865498	-0.07118058	0.6391137	0.71018046
57813623960968	0.28614953	-0.070869945	0.6344715	0.7145221
57813629445603	0.2861393	-0.07008813	0.62981963	0.7187066
57813640675812	0.28662735	-0.068779275	0.6250032	0.7228314
57813650596437	0.28769118	-0.067005545	0.61996347	0.72690403
57813659736645	0.28924358	-0.06502636	0.61476356	0.73087317
57813668679770	0.2913419	-0.06318974	0.6094744	0.7346209
57813679829926	0.29351583	-0.06146153	0.6041482	0.7382926
57813688013312	0.29537076	-0.05982937	0.5987391	0.74208367
57813698364822	0.29681927	-0.058337517	0.59338444	0.7459156
57813708856124	0.2977883	-0.05694434	0.58816797	0.74975866
57813717620551	0.29842806	-0.055745106	0.5830367	0.75359225
57813727876905	0.29875392	-0.054845583	0.5779791	0.75741553
57813736704874	0.29894775	-0.05464182	0.57302964	0.7611054
57813747207374	0.2988109	-0.0548935	0.5682515	0.76471496
57813755567009	0.29831347	-0.055468448	0.56370246	0.7682265
57813765694405	0.29762393	-0.05612329	0.55940634	0.77157944
57813775701749	0.29753524	-0.05591548	0.55951655	0.7715488
57813784157426	0.2966434	-0.056618065	0.55541915	0.7747947
57813798152478	0.29542926	-0.05745479	0.5514251	0.778043
57813806246697	0.29392126	-0.0586006	0.54758126	0.781237
57813815673155	0.2922476	-0.06008199	0.54379123	0.78439313
57813824266957	0.29056695	-0.061759446	0.54036593	0.7872493
57813834799301	0.28899497	-0.06344096	0.53717506	0.7898735
57813843147843	0.28766358	-0.064900465	0.53419745	0.7922567
57813853350134	0.28663245	-0.06602866	0.5313132	0.79447365
57813862482114	0.28592232	-0.06680972	0.5285083	0.79653233
57813873009457	0.28541294	-0.067459896	0.5257119	0.79850835
57813882087843	0.28490973	-0.06818766	0.5229792	0.8004185
57813888062322	0.28419703	-0.069223486	0.5203264	0.8023095
57813900300968	0.28327304	-0.07060266	0.51781183	0.80414087
57813910840082	0.2821426	-0.07215382	0.51534563	0.8059828
57813919164093	0.28087088	-0.07361412	0.51293516	0.8078305
57813929944614	0.27956846	-0.07478811	0.51059735	0.80965346
57813938338676	0.2784647	-0.07556885	0.50835073	0.81137323
57813948781593	0.2777817	-0.07590302	0.5062378	0.81289566
57813957147582	0.27756697	-0.075888276	0.50415903	0.8142611
57813967068051	0.27762625	-0.07575539	0.5021481	0.8154951
57813976220447	0.27775493	-0.075672746	0.5002555	0.81662124
57813986566957	0.2777851	-0.07569391	0.4985605	0.8176451
57813995188416	0.27769157	-0.07565253	0.49710476	0.8185664
57814006277166	0.27759132	-0.07536313	0.49580806	0.8194131
57814019170134	0.27765864	-0.07476598	0.49459198	0.8201796
57814027392791	0.27795944	-0.073866464	0.4934345	0.8208561
57814036321541	0.27843973	-0.07281589	0.49226853	0.821487
57814045106332	0.2789706	-0.07166514	0.491534	0.82184786
57814055637322	0.27936536	-0.07060348	0.49105448	0.8220923
57814064124093	0.27922428	-0.06981168	0.49073118	0.82240087
57814074666332	0.2780813	-0.06938864	0.4904741	0.822977
57814082705707	0.27584255	-0.06926719	0.49041617	0.8237749
57814093152270	0.27291322	-0.06933021	0.49071965	0.82456416
57814100907686	0.26998842	-0.06939424	0.4916092	0.8249915
57814112150291	0.26776138	-0.069199	0.49311444	0.82483554
57814119645916	0.26675475	-0.06835976	0.4951746	0.823997
57814128075291	0.2671387	-0.06650343	0.4976205	0.8225498
57814137841957	0.26863423	-0.06358328	0.5002165	0.8207169
57814149267634	0.2703708	-0.06001818	0.50279677	0.8188364
57814159438780	0.27112558	-0.056466393	0.50558543	0.81712055
57814169240707	0.26997006	-0.053700153	0.5086781	0.81576896
57814177986905	0.26667884	-0.05245091	0.5120733	0.8148082
57814186330863	0.26183075	-0.052834444	0.5156945	0.8140715
57814198024978	0.25658438	-0.054229297	0.5193604	0.8133194
57814205924822	0.2565742	-0.05407783	0.5194952	0.8132466
57814218486020	0.25346455	-0.05481662	0.52272266	0.8121034
57814227884457	0.2519554	-0.05435547	0.5258465	0.810586
57814241899613	0.25184253	-0.052935224	0.52914983	0.8085627
57814246315915	0.25245607	-0.05121167	0.53271264	0.8061394
57814258797113	0.2528188	-0.04980162	0.53683156	0.80337685
57814263840082	0.2521282	-0.04930247	0.5412198	0.80067587
57814276170343	0.25014314	-0.04981377	0.5457015	0.798221
57814283164613	0.2471208	-0.050913256	0.5502818	0.79594547
57814291764613	0.24357748	-0.05201193	0.55498487	0.79369813
57814300878936	0.24020404	-0.05267726	0.5598486	0.7912628
57814310451436	0.23767594	-0.05282274	0.5647809	0.78850657
57814320056280	0.23634385	-0.052453745	0.5698908	0.78524816
57814329602843	0.23589163	-0.05170583	0.57527345	0.7814999
57814340423103	0.23547204	-0.0510632	0.58099735	0.7774236
57814349700238	0.23443721	-0.0508726	0.5870568	0.7731854
57814358911072	0.23280193	-0.050808858	0.59346706	0.76877743
57814370029145	0.23099972	-0.05036027	0.599882	0.764359
57814379150811	0.2293998	-0.049188808	0.60596	0.7601109
57814388378780	0.22824484	-0.047287345	0.6116465	0.7560139
57814397828363	0.22765175	-0.044905156	0.61721617	0.7517996
57814407254561	0.22726941	-0.042470265	0.6230313	0.74724627
57814417267113	0.22634722	-0.040505614	0.62923604	0.74242055
57814427271280	0.22396319	-0.03952834	0.63574904	0.73763216
57814439314092	0.21992762	-0.039678205	0.64247864	0.732993
57814454314092	0.21498579	-0.040444054	0.6492249	0.72845906
57814456584301	0.2100641	-0.040844344	0.6556746	0.7240827
57814468440759	0.20605424	-0.039919488	0.6617147	0.719779
57814477165186	0.20345324	-0.037489317	0.66739565	0.71539104
57814486090290	0.20221426	-0.034067187	0.6727963	0.7108404
57814497203467	0.20162068	-0.030572904	0.6780867	0.70612526
57814507165030	0.20053704	-0.02797827	0.683481	0.70132434
57814516364457	0.19795778	-0.026971556	0.6890795	0.6966023
57814525884978	0.19327082	-0.027733292	0.6947988	0.6921935
57814535542270	0.18659149	-0.029772604	0.7004705	0.68821394
57814544759301	0.17909758	-0.032173872	0.70597965	0.6844572
57814553333624	0.17236254	-0.034004014	0.7111001	0.6807875
57814562890707	0.16722743	-0.03478867	0.71569055	0.67720884
57814574804561	0.16368428	-0.03467261	0.7198937	0.6736159
57814581976488	0.16117327	-0.03424752	0.72405785	0.669769
57814591335395	0.15888515	-0.034185186	0.7284084	0.6655885
57814600195395	0.15625031	-0.03470607	0.73307437	0.6610471
57814609492217	0.15314002	-0.03556374	0.7378954	0.6563488
57814618899665	0.14979792	-0.03629546	0.7425761	0.65178525
57814629293780	0.14665632	-0.036480013	0.7469529	0.647474
57814638843572	0.14414628	-0.035868846	0.7511079	0.6432514
57814647270759	0.14407559	-0.035904374	0.7510642	0.64331615
57814657401124	0.14272104	-0.034215108	0.75509495	0.63897717
57814667744092	0.14112015	-0.032628797	0.75896996	0.6348112
57814676913988	0.13881272	-0.031660624	0.76274025	0.6308376
57814686344717	0.13590871	-0.031447817	0.7665075	0.626902
57814696476644	0.13272367	-0.031641506	0.770196	0.6230419
57814705146697	0.12949869	-0.031698436	0.77368426	0.6193852
57814718434665	0.12658142	-0.031173898	0.7769312	0.6159409
57814724632947	0.12447975	-0.029841606	0.77997416	0.61258036
57814734549144	0.123523735	-0.027505146	0.7828975	0.6091445
57814743365915	0.12341194	-0.024501177	0.7856454	0.6057479
57814754469874	0.12342576	-0.021449557	0.78812826	0.6026275
57814764734092	0.12285502	-0.01897974	0.7904917	0.59972453
57814772626801	0.12122731	-0.01760398	0.7927076	0.5971673
57814783684457	0.118613295	-0.01731512	0.7949702	0.59468764
57814791736540	0.11550422	-0.01769881	0.79723364	0.5922534
57814803565707	0.112412766	-0.018218366	0.79926497	0.5900907
57814809974301	0.109726295	-0.01857105	0.80094296	0.58830744
57814819562582	0.10757039	-0.018715423	0.80233324	0.58680475
57814829065186	0.10591423	-0.018758584	0.803566	0.585416
57814838869926	0.10452991	-0.018850503	0.8045833	0.58426356
57814851397946	0.10316406	-0.019078918	0.805431	0.58333033
57814861828571	0.10172739	-0.019424355	0.806167	0.5825538
57814868224405	0.10029224	-0.019837644	0.8068953	0.5817799
57814883224405	0.09900212	-0.020184956	0.80768484	0.58089286
57814898224405	0.09775653	-0.020502923	0.8083994	0.5800982
57814903080811	0.09628859	-0.02102508	0.8089822	0.57951224
57814907093311	0.09461808	-0.021864375	0.8094399	0.57911694
57814916958884	0.09295275	-0.022816183	0.8097391	0.5789316
57814925659092	0.09137591	-0.023633657	0.809803	0.5790604
57814935533051	0.08999191	-0.02407245	0.80956346	0.5795939
57814945001019	0.08889969	-0.02398315	0.809054	0.5804769
57814955984249	0.08807802	-0.023434	0.8083267	0.5816364
57814965790238	0.08752856	-0.022601074	0.8074047	0.58303136
57814975389821	0.08719753	-0.021600699	0.8062897	0.5846598
57814985349144	0.087009616	-0.020591311	0.80505174	0.58642745
57814996191332	0.08692455	-0.01969726	0.80349314	0.5886042
57815005283051	0.08688947	-0.018934887	0.8016662	0.5911203
57815012683571	0.086875394	-0.0183493	0.79961264	0.5939156
57815023752790	0.08695363	-0.01789043	0.79733294	0.5969751
57815031917999	0.08713286	-0.017495485	0.7948407	0.60027504
57815041623936	0.087352514	-0.01715898	0.79215735	0.6037895
57815052139613	0.08761645	-0.016823785	0.78934133	0.60743773
57815061455342	0.08750173	-0.016885253	0.7892869	0.60752326
57815070231071	0.08806788	-0.01637476	0.7861165	0.61155283
57815079838780	0.088768594	-0.01581483	0.7827507	0.6157691
57815090004561	0.0895627	-0.015263453	0.7791904	0.6201677
57815099477634	0.09043862	-0.014759025	0.7754728	0.6246958
57815109299978	0.0913288	-0.014361313	0.77159953	0.6293545
57815119125134	0.09215264	-0.014149354	0.76755536	0.6341659
57815127265603	0.09294949	-0.014069034	0.76331526	0.6391498
57815137786644	0.093739815	-0.014030567	0.7588869	0.6442878
57815147103207	0.09447623	-0.013974987	0.7542721	0.64957887
57815156536801	0.09520585	-0.013916447	0.7494959	0.65497947
57815166645342	0.09596681	-0.013882188	0.74461114	0.66041803
57815175684561	0.096693516	-0.013951961	0.73965263	0.6658602
57815185495446	0.09734347	-0.0142168505	0.7345911	0.6713405
57815194982373	0.09787983	-0.014719716	0.729447	0.6768383
57815204649613	0.09814499	-0.01555608	0.72424614	0.6823439
57815214846123	0.09800355	-0.016763562	0.71900105	0.68786037
57815223968155	0.09749189	-0.0183353	0.71369237	0.69339925
57815233524405	0.09678416	-0.020155638	0.70834315	0.698911
57815245353832	0.096055895	-0.021954544	0.70289063	0.70444024
57815254893051	0.09535041	-0.023598079	0.69721514	0.7101004
57815263803415	0.09477218	-0.02498442	0.6914432	0.7157516
57815273449248	0.09445291	-0.026069995	0.6856437	0.7213126
57815284006957	0.0943641	-0.026948757	0.67984694	0.7267581
57815295204613	0.09444184	-0.027681138	0.674048	0.7321024
57815302228832	0.094686516	-0.028250417	0.6682473	0.7373479
57815312741748	0.095104925	-0.028622745	0.6624451	0.7424973
57815321435915	0.09572313	-0.028748859	0.6565675	0.747616
57815331430550	0.09646845	-0.028623963	0.65056485	0.75275487
57815340823728	0.097257234	-0.028304351	0.6444707	0.7578902
57815351253207	0.09807489	-0.027843395	0.63837045	0.76294786
57815358288884	0.098917775	-0.02731714	0.6322563	0.767933
57815368749040	0.09982579	-0.02666812	0.6261667	0.7728124
57815381670863	0.100968234	-0.025873113	0.62016314	0.7775177
57815390345707	0.102499336	-0.024903866	0.61424595	0.7820331
57815397961175	0.10443928	-0.023764163	0.6083453	0.7864119
57815408004613	0.10669016	-0.02244623	0.60248536	0.79064834
57815417005603	0.10911159	-0.021046752	0.5966616	0.79476213
57815431973988	0.11147726	-0.019676415	0.5909314	0.79874015
57815437174613	0.113534495	-0.018460184	0.58528364	0.8026283
57815445375863	0.11508892	-0.017547915	0.5797536	0.806432
57815455341175	0.116185516	-0.016998349	0.5743715	0.8101292
57815463983832	0.11700068	-0.016744709	0.569128	0.81371
57815475095342	0.11768924	-0.01660348	0.56396496	0.8172009
57815484923259	0.118352756	-0.0163829	0.5588425	0.8206213
57815499782894	0.11823141	-0.016252166	0.5589707	0.82055414
57815505922842	0.11917669	-0.01579098	0.5539292	0.82383865
57815514610498	0.120201886	-0.015269494	0.54916954	0.82688034
57815523970342	0.121203594	-0.014843889	0.54464996	0.82972634
57815533236332	0.12214944	-0.014601617	0.5403981	0.8323679
57815542768259	0.12303598	-0.014485961	0.5363308	0.8348663
57815555397686	0.12383639	-0.014423981	0.53232783	0.83730733
57815561974196	0.12453945	-0.0143643655	0.5284275	0.8396713
57815569418936	0.12518509	-0.014244828	0.5246372	0.84195113
57815581233675	0.12583765	-0.014277102	0.5209405	0.84414583
57815589869665	0.1263967	-0.014427976	0.5173469	0.8462671
57815601762269	0.1269121	-0.014889304	0.51412755	0.84814185
57815610796175	0.1274018	-0.015369266	0.51141	0.8497014
57815617446852	0.12786666	-0.015733816	0.5090778	0.85102427
57815627215082	0.12824047	-0.016030962	0.50709575	0.8521452
57815636589092	0.12850109	-0.01629145	0.5054786	0.8530612
57815646300863	0.1285689	-0.016511308	0.5042392	0.85378003
57815659266905	0.12830655	-0.016850095	0.5032944	0.8543702
57815666027113	0.12763523	-0.017376775	0.50262845	0.854852
57815676151748	0.12665091	-0.018032612	0.50230014	0.85517764
57815684668102	0.12561356	-0.018694863	0.5023158	0.8553073
57815694736957	0.12474081	-0.01923253	0.50265586	0.8552234
57815704873675	0.12427902	-0.01950633	0.5033049	0.8549025
57815716989769	0.124399796	-0.019473216	0.5042495	0.85432893
57815726438936	0.12508103	-0.019256733	0.5053117	0.8536065
57815738069821	0.12618911	-0.018968565	0.5067886	0.8525737
57815747279248	0.1274385	-0.018700229	0.50857455	0.85132945
57815756963832	0.1285991	-0.018510437	0.51071835	0.8498744
57815767156227	0.12969585	-0.018354548	0.5132804	0.8481659
57815778466436	0.13074298	-0.018090617	0.51607305	0.8463142
57815786749509	0.13169225	-0.017655304	0.5189927	0.84438866
57815795330863	0.1326526	-0.017147899	0.5220892	0.8423374
57815805834457	0.13370602	-0.016655656	0.52541095	0.8401123
57815811261123	0.13487588	-0.01621	0.529042	0.8376517
57815821437113	0.1361633	-0.015805557	0.53283113	0.83504534
57815830723988	0.1374841	-0.015473936	0.5368195	0.8322761
57815840750654	0.13869327	-0.015280186	0.5409464	0.829402
57815849478623	0.13971715	-0.015401891	0.5451878	0.8264456
57815859274665	0.14054562	-0.016004618	0.54942	0.8234856
57815870376227	0.1410619	-0.017153908	0.55366385	0.8205265
57815878527113	0.14115204	-0.01878437	0.5579746	0.8175498
57815886691279	0.14087236	-0.0207458	0.5624081	0.8145071
57815897844977	0.14049126	-0.02286214	0.5669518	0.81136006
57815907257165	0.14031352	-0.024983076	0.5715094	0.8081243
57815915167373	0.14026318	-0.024938924	0.5716019	0.808069
57815928442842	0.14103748	-0.026803404	0.5760681	0.804696
57815938444509	0.1423969	-0.028476167	0.58044016	0.80125
57815946860759	0.14425905	-0.029852511	0.58504677	0.79750776
57815958159509	0.14646822	-0.030908499	0.5898072	0.79354846
57815964976592	0.14897907	-0.03167676	0.5946612	0.78941745
57815976723571	0.15178654	-0.032232545	0.59962726	0.7850918
57815985303311	0.15486504	-0.032686796	0.6046688	0.7805921
57815993835811	0.15818265	-0.03304684	0.60970473	0.77598095
57816003202581	0.16157384	-0.033278853	0.61474895	0.7712784
57816013336592	0.16496886	-0.0333894	0.6199079	0.76641023
57816024120654	0.1682941	-0.03344951	0.6251142	0.7614398
57816034569456	0.17148331	-0.033465017	0.6303453	0.7563983
57816040859092	0.17453896	-0.033538483	0.63561666	0.7512676
57816051869561	0.17762354	-0.033714857	0.6408683	0.74605703
57816060380706	0.18086377	-0.033961616	0.6460207	0.7408051
57816071571175	0.18419923	-0.034185767	0.65104973	0.73555166
57816080599040	0.18747531	-0.034366082	0.65602565	0.7302756
57816091094925	0.19066675	-0.03452258	0.6610118	0.7249261
57816099064873	0.19378044	-0.03467137	0.666058	0.7194539
57816107687165	0.1968595	-0.034904163	0.6710937	0.7139057
57816120009248	0.1999825	-0.035308193	0.6760418	0.7083276
57816128156956	0.2032781	-0.035887957	0.680791	0.7027899
57816138419613	0.20670113	-0.036607165	0.6854093	0.6972437
57816150920342	0.21009693	-0.03746579	0.68994385	0.6916886
57816158791852	0.21331798	-0.03843201	0.69444036	0.6861276
57816168526227	0.21634625	-0.039544974	0.6989113	0.6805538
57816177054248	0.2191883	-0.040846426	0.70321864	0.67510855
57816187685498	0.2218435	-0.042368494	0.70743394	0.6697221
57816196042113	0.22436807	-0.044117346	0.7115312	0.66440654
57816205911644	0.22691667	-0.046047468	0.71543086	0.659202
57816214674248	0.2294508	-0.0480518	0.7191725	0.6540905
57816225194040	0.23185986	-0.050091993	0.72282654	0.6490406
57816236560967	0.23405556	-0.052153476	0.7264718	0.64400065
57816241858727	0.23655933	-0.054129507	0.72994775	0.63897264
57816254340394	0.23916218	-0.056103747	0.7333151	0.63395804
57816261954040	0.2416555	-0.058147505	0.73658025	0.6290239
57816273270550	0.24402119	-0.06028747	0.73972636	0.6241988
57816282058363	0.2463453	-0.06255294	0.7426917	0.61952424
57816292571800	0.24864912	-0.06498713	0.74542326	0.6150565
57816300733936	0.25089693	-0.06761282	0.7478883	0.61085385
57816311654561	0.25288042	-0.07047975	0.7501675	0.60690445
57816320671436	0.25449038	-0.073619716	0.7522788	0.6032341
57816331126592	0.25577205	-0.07690487	0.7543887	0.5996367
57816339954196	0.2557109	-0.076978266	0.75427413	0.5997975
57816349884925	0.25665632	-0.080036074	0.75626856	0.59647274
57816357947633	0.25766274	-0.08273309	0.7581424	0.59328353
57816371314196	0.25892323	-0.08503908	0.75982666	0.5902462
57816379005342	0.2607529	-0.08692068	0.76143277	0.5870886
57816389911696	0.26320276	-0.08844803	0.7627583	0.5840387
57816397097060	0.265975	-0.08957089	0.7639926	0.58099043
57816408598675	0.26874393	-0.090303406	0.7651924	0.57801616
57816417636696	0.27128696	-0.09072108	0.7664894	0.57503664
57816428076279	0.2735097	-0.090857945	0.7679214	0.5720438
57816438483623	0.27551782	-0.09066589	0.7694015	0.5691143
57816445123831	0.27752224	-0.09014098	0.7708304	0.5662831
57816456158623	0.2796726	-0.089287035	0.7721174	0.56360084
57816464607529	0.2818274	-0.08824385	0.77325326	0.561129
57816475122425	0.28380373	-0.08719791	0.7743003	0.55884796
57816482619352	0.2854843	-0.08629658	0.7753312	0.5566986
57816494198154	0.28678048	-0.08558332	0.7763941	0.5546572
57816502833154	0.28777906	-0.08496985	0.77746993	0.5527241
57816513406852	0.28862837	-0.084340714	0.7784328	0.55101985
57816522320915	0.28946188	-0.08368782	0.7792209	0.54956615
57816532808102	0.29034576	-0.08308502	0.77987266	0.5482652
57816541039665	0.2912736	-0.08263251	0.7803798	0.54711896
57816551249456	0.2921679	-0.0823367	0.7808534	0.54600966
57816559879665	0.29301867	-0.082103625	0.7813233	0.54491556
57816571032477	0.29380327	-0.081799224	0.781743	0.54393613
57816579918310	0.2945135	-0.08139548	0.78210634	0.54308957
57816590711956	0.29517087	-0.080900915	0.7824081	0.54237145
57816599281279	0.29586738	-0.080381975	0.7826079	0.5417806
57816608111331	0.29663005	-0.07991077	0.78268117	0.5413271
57816618503727	0.29744694	-0.07959727	0.7826333	0.5409943
57816627261019	0.2982768	-0.07952628	0.7824976	0.5407441
57816640022529	0.2990195	-0.07963368	0.7822698	0.54064775
57816649975706	0.2996055	-0.07982428	0.7820242	0.5406503
57816658373675	0.3000087	-0.079903096	0.7820149	0.54042864
57816667817529	0.30029917	-0.07993636	0.78188306	0.54045314
57816677066696	0.30058452	-0.07980583	0.781733	0.5405308
57816687710967	0.30089763	-0.079549134	0.78155124	0.54065734
57816694668987	0.30134484	-0.079221494	0.7813253	0.540783
57816704026123	0.30185926	-0.07880572	0.7810655	0.5409318
57816717027946	0.30236852	-0.07828902	0.7808171	0.54108113
57816724062998	0.30278164	-0.07768028	0.78061545	0.54122865
57816732890758	0.30312955	-0.076988764	0.7804594	0.54135776
57816742509092	0.30333796	-0.076300226	0.78037494	0.54146045
57816757509092	0.3033878	-0.07567114	0.7803359	0.5415769
57816772509092	0.30311784	-0.07573774	0.7802731	0.5418092
57816783789977	0.30319154	-0.0753364	0.78012127	0.54204255
57816785810081	0.30304703	-0.07525024	0.7799982	0.5423124
57816790034873	0.30280986	-0.07521646	0.7799135	0.54257125
57816800039821	0.3026554	-0.075024724	0.7798358	0.54279566
57816810010810	0.3026064	-0.07452459	0.77978814	0.5429604
57816817978987	0.30269736	-0.07389264	0.7797125	0.5431045
57816828690289	0.30286244	-0.073294945	0.7795781	0.5432865
57816838102425	0.30297768	-0.07289425	0.779358	0.5435919
57816846845133	0.30292317	-0.072696194	0.7791001	0.54401827
57816856470498	0.30261964	-0.072651625	0.7788673	0.54452634
57816866308050	0.3024022	-0.07270057	0.7785929	0.5450326
57816877234925	0.30219927	-0.07271017	0.77832377	0.5455283
57816888952581	0.30206132	-0.07256938	0.77805394	0.5460079
57816902875498	0.30208343	-0.07221891	0.7778068	0.54639417
57816908821904	0.30232388	-0.071601465	0.777725	0.54645896
57816922452685	0.30271474	-0.070909515	0.77748615	0.5466726
57816927983206	0.30322593	-0.07015243	0.7772242	0.54685956
57816939339248	0.30377078	-0.06945643	0.7769481	0.54703814
57816948659508	0.30423287	-0.06886763	0.77666605	0.5472563
57816961362269	0.30456245	-0.06838863	0.7764045	0.5475041
57816965397946	0.30480218	-0.06806408	0.7761378	0.5477891
57816976233675	0.3049608	-0.06788693	0.77593356	0.5480122
57816980747581	0.3051375	-0.06782765	0.77576774	0.54815596
57816993718414	0.3053245	-0.06781938	0.7756063	0.5482812
57817002396279	0.3054792	-0.067767665	0.77546054	0.5484078
57817012507321	0.30564043	-0.067613475	0.7753248	0.5485287
57817023024404	0.30578545	-0.06736454	0.77523786	0.5486016
57817031127842	0.30589914	-0.06709353	0.7751569	0.5486856
57817041359144	0.30600592	-0.06682253	0.7751078	0.54872847
57817051907998	0.30610836	-0.06666619	0.77503437	0.54879427
57817059578102	0.30619144	-0.06664703	0.7749586	0.54885715
57817069686487	0.30622673	-0.06674165	0.7748246	0.5490152
57817078067373	0.3061386	-0.06693198	0.77467436	0.54925305
57817090393727	0.30591834	-0.067187674	0.77455854	0.549508
57817101178883	0.3055531	-0.067371	0.77464694	0.54956406
57817107995498	0.30519134	-0.06758264	0.77465063	0.5497339
57817119444144	0.30495888	-0.06770779	0.7746844	0.54979986
57817128150758	0.3048815	-0.0677906	0.7746757	0.5498447
57817138840706	0.30488396	-0.06785349	0.7746055	0.54993457
57817147452321	0.30489534	-0.06795193	0.774506	0.5500563
57817157847425	0.30482492	-0.06810978	0.7744381	0.5501713
57817165160966	0.30467376	-0.06828381	0.7744293	0.55024594
57817175352425	0.30455282	-0.06848185	0.7744228	0.55029744
57817184863727	0.30443817	-0.06865456	0.7744538	0.5502957
57817195332737	0.3044208	-0.06880243	0.7744784	0.55025226
57817204314769	0.3045773	-0.068918474	0.7744395	0.55020565
57817213799716	0.3044528	-0.068969615	0.77433914	0.5504097
57817223153466	0.30473262	-0.06897379	0.77427703	0.55034167
57817233784821	0.30493677	-0.0688553	0.7742636	0.55026215
57817242310029	0.3050231	-0.068614654	0.7743237	0.5501599
57817252984873	0.30501732	-0.06832379	0.77445215	0.5500185
57817260907216	0.30504435	-0.06804423	0.7745606	0.54988545
57817272276227	0.30511358	-0.06786342	0.77463895	0.5497589
57817281091591	0.3052009	-0.06783244	0.77464676	0.54970324
57817291717841	0.30521184	-0.06792961	0.7746219	0.54972017
57817300292633	0.30503622	-0.06814722	0.7745864	0.5498406
57817310076279	0.30470294	-0.06841048	0.7745742	0.5500099
57817319568779	0.30438194	-0.06857756	0.7745743	0.55016685
57817327766331	0.30411813	-0.068562195	0.77458894	0.55029386
57817339838571	0.30396378	-0.06837624	0.774564	0.55043733
57817351008831	0.30391368	-0.068017274	0.77463514	0.55040944
57817358508466	0.30391082	-0.06769624	0.7745412	0.5505828
57817367005550	0.30396715	-0.06742016	0.7744253	0.5507484
57817378842789	0.30404946	-0.06718653	0.77430314	0.55090356
57817387676643	0.30404758	-0.06706047	0.7741562	0.55112636
57817397895237	0.3038745	-0.066990286	0.77401125	0.5514336
57817408044664	0.30367398	-0.06695592	0.77385527	0.55176723
57817416496800	0.30347767	-0.066907115	0.77373415	0.5520509
57817425015029	0.30334362	-0.066828854	0.77361524	0.55230075
57817435542789	0.30326137	-0.06674397	0.7734785	0.5525476
57817444446018	0.30319694	-0.066649534	0.7733456	0.55278033
57817455064508	0.30314332	-0.06656742	0.77322924	0.5529824
57817463322737	0.303071	-0.06651614	0.7731045	0.5532026
57817474048518	0.30300358	-0.06653683	0.77296233	0.5534355
57817482637633	0.30281028	-0.06663657	0.77287275	0.5536543
57817493397268	0.30248752	-0.066837505	0.7728273	0.5538701
57817501946643	0.30217284	-0.06708937	0.7727657	0.5540973
57817511614091	0.30192086	-0.067314215	0.7727143	0.5542791
57817522257789	0.3017659	-0.06749934	0.7726448	0.5544377
57817530660081	0.30167925	-0.067591004	0.7725713	0.55457616
57817538056070	0.30160975	-0.067618415	0.7724713	0.55474985
57817550808154	0.30145288	-0.06758927	0.7724342	0.55489045
57817558348050	0.30125996	-0.06747806	0.7724472	0.5549904
57817568962216	0.3010791	-0.06723504	0.77259046	0.5549188
57817579241904	0.30097565	-0.067056485	0.7725905	0.5549964
57817590185498	0.30092934	-0.066895135	0.77253526	0.5551179
57817599069820	0.30082482	-0.06674088	0.772481	0.5552685
57817608886123	0.30078343	-0.06659806	0.77244556	0.5553575
57817619416539	0.300787	-0.066370696	0.7724577	0.55536574
57817627693518	0.30060184	-0.06639051	0.7723973	0.5555478
57817637831852	0.30078548	-0.06580875	0.7724079	0.55550283
57817645892685	0.3010545	-0.06516127	0.7724081	0.55543315
57817657686539	0.3013965	-0.06452573	0.77234715	0.5554066
57817663851331	0.3017422	-0.06391992	0.77226555	0.55540234
57817675555966	0.30204362	-0.06342595	0.77216965	0.5554286
57817684534091	0.30226523	-0.06310937	0.7720586	0.55549854
57817695230081	0.30238694	-0.06293823	0.77194434	0.5556105
57817702393675	0.3024334	-0.06285567	0.77184683	0.55573
57817713543935	0.30247694	-0.06280505	0.77175003	0.55584633
57817724060081	0.30254656	-0.0627498	0.771675	0.55591905
57817730468206	0.3026258	-0.06262957	0.7715913	0.5560054
57817740519925	0.30269086	-0.062473796	0.7714933	0.55612355
57817750877737	0.30273095	-0.062327944	0.7713551	0.55630964
57817760844456	0.30270052	-0.062247925	0.771237	0.5564988
57817771090550	0.30270064	-0.06229613	0.7711176	0.556659
57817784710550	0.30262882	-0.062407717	0.7709756	0.556882
57817789354091	0.30265233	-0.06251827	0.77090955	0.5569484
57817801414716	0.30266008	-0.06264864	0.7707619	0.55713385
57817810111852	0.30258575	-0.06266817	0.7706639	0.5573076
57817819480654	0.30269563	-0.062625304	0.770526	0.55744344
57817830243727	0.30288923	-0.06261092	0.77035004	0.5575832
57817838816279	0.3030901	-0.06262842	0.77018124	0.55770504
57817847739664	0.30326706	-0.06272402	0.7699737	0.5578847
57817859939925	0.3033724	-0.06294392	0.76975465	0.55810493
57817864328831	0.3033798	-0.06325528	0.7695626	0.5583306
57817877294925	0.30333096	-0.063626945	0.76937735	0.5585702
57817886205497	0.30329826	-0.06393508	0.7692302	0.55875516
57817896761175	0.30333403	-0.064099364	0.7691527	0.55882376
57817905230289	0.30344564	-0.0641174	0.76906765	0.5588782
57817914899612	0.30362675	-0.063998535	0.7689707	0.55892664
57817925306435	0.30383697	-0.06379494	0.7688647	0.5589817
57817934354924	0.30401918	-0.0636436	0.7687683	0.55903226
57817944985185	0.3041557	-0.06355937	0.76865983	0.5591167
57817953175133	0.30420494	-0.0635335	0.7685618	0.55922765
57817962057008	0.30419737	-0.06355766	0.7684717	0.5593529
57817973985289	0.30419877	-0.06355562	0.7684253	0.5594161
57817982590029	0.30425858	-0.0635145	0.7683665	0.559469
57817991934508	0.3043603	-0.06344312	0.76827896	0.55954206
57818000530237	0.30450967	-0.06336122	0.768201	0.55957717
57818011907164	0.3046606	-0.06328318	0.7681322	0.5595983
57818023562893	0.3047602	-0.06321319	0.76814634	0.5595324
57818030158987	0.3047802	-0.06322845	0.76804733	0.55965567
57818040780237	0.30476943	-0.06322431	0.76801395	0.5597078
57818051299352	0.3047585	-0.06319427	0.7679847	0.55975735
57818059638831	0.30455536	-0.06319322	0.76793283	0.55993915
57818068151227	0.3046095	-0.06308683	0.7678662	0.56001306
57818079530497	0.3047172	-0.06300834	0.7677823	0.5600783
57818087603935	0.30482572	-0.06301897	0.767698	0.56013364
57818098153779	0.30489632	-0.06317577	0.7675897	0.560226
57818108321852	0.30490398	-0.063424	0.7674845	0.5603379
57818116534716	0.30489632	-0.06370415	0.7673821	0.56045055
57818125084977	0.30487764	-0.06396549	0.7672828	0.5605669
57818133672476	0.30483535	-0.06414997	0.7672017	0.5606798
57818147977581	0.30480394	-0.06425967	0.767097	0.56082743
57818158794872	0.3047939	-0.064309426	0.7669772	0.560991
57818165417685	0.3048144	-0.06433239	0.7668738	0.56111884
57818180417685	0.30484146	-0.06438171	0.7667654	0.5612464
57818195417685	0.3049121	-0.06447105	0.76627743	0.56186396
57818199135445	0.3049121	-0.06447105	0.76627743	0.56186396
57818203605654	0.3049121	-0.06447105	0.76627743	0.56186396
57818215305497	0.3049121	-0.06447105	0.76627743	0.56186396
