183578236927933	-0.61632967	-0.63881785	-0.10394773	0.4486028
183578261108818	-0.61632967	-0.63881785	-0.10394773	0.4486028
183578333749495	-0.61632967	-0.63881785	-0.10394773	0.4486028
183578341249495	-0.61632967	-0.63881785	-0.10394773	0.4486028
183578350553505	-0.61607224	-0.63899124	-0.10428855	0.4486304
183578365553505	-0.55998856	-0.69469714	-0.18429859	0.41211984
183578380553505	-0.5666981	-0.69007754	-0.18296406	0.41130334
183578395553505	-0.57688934	-0.68131703	-0.17531501	0.41505468
183578393749495	-0.573972	-0.6834601	-0.17992611	0.4136002
183578401249495	-0.56945646	-0.6869468	-0.18445122	0.4120695
183578408749495	-0.5702139	-0.6862783	-0.18408953	0.41229767
183578416249495	-0.57233423	-0.6845305	-0.18240602	0.41301286
183578423749495	-0.5710689	-0.6855298	-0.18270247	0.41297594
183578431249495	-0.5696384	-0.6866682	-0.18318763	0.41284543
183578438749495	-0.57037485	-0.6860417	-0.18252143	0.41316503
183578446249495	-0.57079595	-0.6856501	-0.18211694	0.41341192
183578453749495	-0.5699717	-0.68626547	-0.1825271	0.41334715
183578461249495	-0.56970644	-0.6864212	-0.18269452	0.4133804
183578468749495	-0.57021475	-0.6859397	-0.18244942	0.41358703
183578476249495	-0.5702909	-0.6858019	-0.18240286	0.41373098
183578483749495	-0.569982	-0.6859645	-0.18245946	0.4138621
183578491249495	-0.57000256	-0.6858619	-0.18233311	0.41405955
183578498749495	-0.5702426	-0.68561333	-0.1821783	0.41420868
183578506249495	-0.5702974	-0.68554294	-0.18214944	0.4142624
183578513749495	-0.57032156	-0.6855094	-0.18204711	0.4143299
183578521249495	-0.5704648	-0.6853794	-0.18175265	0.41447678
183578528749495	-0.57055855	-0.68529177	-0.18134792	0.41467008
183578536249495	-0.5705165	-0.6853259	-0.18095022	0.4148451
183578543749495	-0.57050294	-0.6853251	-0.18051676	0.4150539
183578551249495	-0.57055044	-0.6852833	-0.17997754	0.4152917
183578558749495	-0.5705468	-0.6852902	-0.17940165	0.4155343
183578566249495	-0.57050866	-0.6853298	-0.17887262	0.4157495
183578573749495	-0.5705628	-0.6852971	-0.17838256	0.41593957
183578581249495	-0.5706591	-0.685242	-0.17788787	0.41610995
183578588749495	-0.57073	-0.68521667	-0.17742564	0.41625193
183578688779078	-0.57082474	-0.68517524	-0.1769776	0.41638085
183578696279078	-0.5709221	-0.6850692	-0.17673351	0.41652542
183578703779078	-0.5710441	-0.68497336	-0.17632267	0.41668996
183578711279078	-0.57117754	-0.68484765	-0.1759324	0.4168786
183578718779078	-0.57127744	-0.68471926	-0.17556591	0.41710714
183578726279078	-0.57134914	-0.6846047	-0.17525826	0.4173262
183578733779078	-0.5714433	-0.68446696	-0.17499746	0.41753268
183578741279078	-0.5715697	-0.684307	-0.1747339	0.4177323
183578748779078	-0.5716342	-0.68416685	-0.17439766	0.41801378
183578768746214	-0.57165635	-0.684045	-0.1740554	0.4183255
183578763779078	-0.57174253	-0.68387413	-0.17375183	0.41861317
183578771279078	-0.57189125	-0.6836371	-0.173481	0.41890958
183578778779078	-0.5719773	-0.6834308	-0.17327869	0.4192124
183578786279078	-0.5720669	-0.68324536	-0.1731006	0.4194656
183578793779078	-0.5722077	-0.6830416	-0.1729094	0.41968435
183578828897672	-0.5723603	-0.6828389	-0.17261152	0.41992876
183578839176630	-0.5725283	-0.6826403	-0.17218737	0.42019656
183578848911318	-0.57271814	-0.68242645	-0.17161155	0.42052075
183578823779078	-0.5728922	-0.6822144	-0.1710284	0.420865
183578831279078	-0.57305616	-0.682008	-0.17047355	0.42120123
183578838779078	-0.5732687	-0.6817793	-0.16990703	0.42151096
183578846279078	-0.5735705	-0.68148583	-0.16922137	0.42185095
183578853779078	-0.57389694	-0.6811604	-0.16846097	0.42223674
183578861279078	-0.5741182	-0.68091214	-0.16780603	0.42259696
183578868779078	-0.5742616	-0.68074054	-0.16724092	0.42290252
183578876279078	-0.57444274	-0.6805615	-0.1666814	0.42316553
183578883779078	-0.5746217	-0.68038785	-0.16610652	0.42342758
183578891279078	-0.5747837	-0.68020916	-0.1655477	0.4237137
183578898779078	-0.57497466	-0.6799893	-0.1649829	0.42402762
183578906279078	-0.5751585	-0.67977995	-0.1644702	0.42431322
183578913779078	-0.5753561	-0.67956036	-0.16401292	0.4245738
183578921279078	-0.57557094	-0.6793301	-0.16360672	0.42480764
183578928779078	-0.5758207	-0.6790651	-0.16316706	0.4250621
183578936279078	-0.5760415	-0.67882603	-0.16272718	0.42531326
183578943779078	-0.57624376	-0.6786001	-0.16232273	0.4255544
183578951279078	-0.57646775	-0.67834824	-0.16192214	0.42580512
183578958779078	-0.5766595	-0.67812437	-0.16149348	0.4260646
183578966279078	-0.5768366	-0.6779104	-0.16101298	0.4263472
183578973779078	-0.57704157	-0.6776686	-0.1604298	0.426674
183578981279078	-0.57724994	-0.67743325	-0.1598843	0.4269704
183578988779078	-0.5774374	-0.67723626	-0.1594559	0.4271897
183578996279078	-0.57764304	-0.6770455	-0.15907604	0.42735565
183579003779078	-0.5778888	-0.6768585	-0.15863676	0.42748284
183579100697099	-0.5781062	-0.67667574	-0.15810032	0.427677
183579112463766	-0.5782925	-0.67651045	-0.1575784	0.42787915
183579118667984	-0.5784858	-0.67630994	-0.15708862	0.42811477
183579126167984	-0.5786232	-0.67619866	-0.15665303	0.42826462
183579133667984	-0.57876754	-0.6760861	-0.15625884	0.42839104
183579141167984	-0.5789479	-0.6759324	-0.15583402	0.42854482
183579148667984	-0.57914484	-0.6757418	-0.15528747	0.4287776
183579156167984	-0.5792464	-0.6756026	-0.15468965	0.4290756
183579163667984	-0.57932854	-0.6754776	-0.15403014	0.42939866
183579188446995	-0.57942295	-0.6753591	-0.15342095	0.42967582
183579195512099	-0.5795138	-0.6752479	-0.15280735	0.4299466
183579186167984	-0.579614	-0.67511827	-0.15217766	0.43023828
183579193667984	-0.5797209	-0.6750152	-0.15149152	0.43049803
183579201167984	-0.5798863	-0.67489874	-0.15069388	0.43073758
183579237233661	-0.58007854	-0.67477995	-0.14988631	0.4309468
183579244569130	-0.5802836	-0.6746779	-0.14905185	0.43111995
183579256331109	-0.58053964	-0.67456806	-0.14815731	0.43125534
183579231167984	-0.58080006	-0.6744732	-0.14737396	0.4313213
183579238667984	-0.5810948	-0.6743762	-0.1467486	0.4312894
183579246167984	-0.58143413	-0.67426986	-0.14619915	0.43118492
183579253667984	-0.5818794	-0.6741135	-0.14567347	0.43100658
183579261167984	-0.5823427	-0.67398405	-0.1450723	0.4307859
183579268667984	-0.5828097	-0.67386097	-0.1442971	0.4306075
183579276167984	-0.58322114	-0.67376274	-0.14345787	0.43048432
183579283667984	-0.5835037	-0.6737401	-0.14259873	0.4304222
183579291167984	-0.5837151	-0.6737555	-0.14169814	0.430409
183579356967151	-0.5839024	-0.67379576	-0.14079879	0.43038708
183579306167984	-0.58410376	-0.6738085	-0.13982849	0.43041033
183579313667984	-0.58427244	-0.6737999	-0.1386962	0.43056116
183579321167984	-0.58441705	-0.6737707	-0.1376037	0.4307608
183579328667984	-0.5845028	-0.67381006	-0.13666275	0.4308827
183579336167984	-0.5846329	-0.673845	-0.13589323	0.4308951
183579343667984	-0.5848666	-0.67382514	-0.13515934	0.43083966
183579351167984	-0.58512956	-0.6737538	-0.1344442	0.43081793
183579358667984	-0.5853576	-0.67365855	-0.13358141	0.4309253
183579366167984	-0.5855188	-0.6735492	-0.13264562	0.43116632
183579373667984	-0.5856321	-0.6734514	-0.13173737	0.43144366
183579381167984	-0.5857576	-0.6733184	-0.13082194	0.43175918
183579388667984	-0.58594435	-0.67313415	-0.12988758	0.43207505
183579396167984	-0.58618027	-0.6729858	-0.12886195	0.43229347
183579403667984	-0.58644575	-0.6728444	-0.12808788	0.4323833
183579411167984	-0.5867534	-0.67262435	-0.12762076	0.4324465
183579418667984	-0.5870651	-0.67239815	-0.12731248	0.43246612
183579426167984	-0.5873575	-0.67216617	-0.12703007	0.43251267
183579433667984	-0.5876595	-0.6718294	-0.12676446	0.4327037
183579441167984	-0.58799255	-0.67142814	-0.12637192	0.43298873
183579544687828	-0.5883496	-0.67093015	-0.12582053	0.4334362
183579551158192	-0.5885507	-0.6706588	-0.12522978	0.43375382
183579558658192	-0.58897316	-0.670005	-0.12456381	0.43438205
183579566158192	-0.5895021	-0.6691856	-0.12370487	0.43517268
183579573658192	-0.5901129	-0.6682522	-0.12246892	0.43612736
183579581158192	-0.59059227	-0.6674674	-0.121425316	0.43697146
183579588658192	-0.59099144	-0.6667818	-0.120531656	0.4377252
183579596158192	-0.5913954	-0.6661131	-0.119714044	0.43842146
183579603658192	-0.59183335	-0.6654443	-0.118966095	0.4390494
183579630860849	-0.59237784	-0.6647598	-0.11826926	0.43954012
183579618658192	-0.5930171	-0.66403747	-0.11762029	0.43994373
183579626158192	-0.59374475	-0.66325736	-0.11699069	0.44030684
183579633658192	-0.59446675	-0.6624878	-0.11632302	0.4406679
183579641158192	-0.5951684	-0.66176	-0.115657404	0.44098946
183579648658192	-0.59584814	-0.66104865	-0.115005486	0.44130877
183579656158192	-0.5964972	-0.6603649	-0.11433829	0.44162896
183579663658192	-0.5970348	-0.65977305	-0.113620386	0.44197235
183579671158192	-0.59744436	-0.6592853	-0.11287467	0.4423377
183579678658192	-0.5977632	-0.658855	-0.11212513	0.44273835
183579686158192	-0.5980359	-0.65844387	-0.11143471	0.44315588
183579693658192	-0.59827983	-0.6580424	-0.11084439	0.44357073
183579701158192	-0.5985212	-0.6576503	-0.11037483	0.44394374
183579708658192	-0.5988158	-0.657245	-0.10991443	0.4442607
183579716158192	-0.59914505	-0.6567709	-0.109284244	0.4446733
183579723658192	-0.59950906	-0.65616256	-0.10830331	0.4453201
183579731158192	-0.5997507	-0.65563226	-0.10757447	0.44595182
183579738658192	-0.5999739	-0.6550632	-0.10692737	0.44664323
183579746158192	-0.60014313	-0.65456367	-0.106332906	0.44728956
183579753658192	-0.60023504	-0.65411574	-0.10577508	0.4479534
183579761158192	-0.60030913	-0.6536638	-0.1052771	0.4486306
183579768658192	-0.6005159	-0.6531494	-0.10484854	0.44920278
183579776158192	-0.60087407	-0.6525793	-0.10451816	0.4496293
183579783658192	-0.6013019	-0.6520158	-0.10409669	0.44997266
183579791158192	-0.6016938	-0.65151864	-0.103508234	0.45030445
183579798658192	-0.6019053	-0.65116596	-0.102871865	0.45067763
183579806158192	-0.6020074	-0.6508971	-0.10228803	0.4510625
183579813658192	-0.6021174	-0.6507032	-0.101863414	0.45129126
183579821158192	-0.6023129	-0.6505133	-0.101518154	0.45138207
183579828658192	-0.6025868	-0.65030485	-0.10118284	0.451392
183579836158192	-0.60285383	-0.65010595	-0.100777656	0.45141277
183579843658192	-0.6030775	-0.6499289	-0.10028198	0.45147938
183579851158192	-0.60322875	-0.6497666	-0.09968793	0.45164245
183579858658192	-0.603291	-0.64964104	-0.099070854	0.45187557
183579866158192	-0.60324	-0.6495854	-0.09849565	0.45214924
183579873658192	-0.6031924	-0.6495279	-0.098041095	0.4523941
183579975443557	-0.6032194	-0.64947164	-0.097716995	0.45250908
183579982943557	-0.6033033	-0.64942306	-0.097537845	0.4525054
183579990443557	-0.6034019	-0.6493441	-0.09736924	0.4525237
183579997943557	-0.6034955	-0.6492582	-0.097227156	0.45255277
183580005443557	-0.60357946	-0.6491523	-0.09708071	0.45262408
183580012943557	-0.6036432	-0.64905924	-0.096924394	0.45270595
183580020443557	-0.6037314	-0.6489628	-0.09677253	0.45275924
183580027943557	-0.60389686	-0.64882743	-0.09661617	0.4527658
183580035443557	-0.6040973	-0.64864206	-0.09643108	0.45280346
183580042943557	-0.60430217	-0.64843005	-0.09620665	0.45288154
183580050443557	-0.6044672	-0.64822584	-0.09598028	0.45300168
183580057943557	-0.60456514	-0.64806336	-0.09582767	0.4531357
183580065443557	-0.6046922	-0.6479089	-0.09568647	0.45321676
183580072943557	-0.6048718	-0.64775556	-0.09554394	0.45322654
183580080443557	-0.6050268	-0.64766854	-0.09532422	0.45319027
183580087943557	-0.60517406	-0.64759076	-0.0950369	0.45316523
183580095443557	-0.60534567	-0.6474998	-0.09480425	0.45311472
183580102943557	-0.60547274	-0.6474477	-0.094688594	0.4530435
183580110443557	-0.60558635	-0.6473811	-0.09466816	0.45299095
183580117943557	-0.6057052	-0.64728117	-0.09472483	0.45296317
183580125443557	-0.60584944	-0.64718205	-0.094719455	0.45291305
183580132943557	-0.6060405	-0.64707816	-0.094579615	0.45283493
183580140443557	-0.60618854	-0.6469936	-0.09434494	0.45280668
183580147943557	-0.6063056	-0.64691144	-0.09401728	0.45283535
183580155443557	-0.6063527	-0.6468926	-0.09378028	0.45284852
183580162943557	-0.6063217	-0.6469677	-0.093676254	0.45280424
183580170443557	-0.60629815	-0.64705163	-0.09360476	0.4527307
183580177943557	-0.60632855	-0.64707536	-0.09357193	0.45266277
183580185443557	-0.60636204	-0.6470873	-0.09355306	0.45260474
183580192943557	-0.6063487	-0.6471511	-0.09357616	0.45252645
183580200443557	-0.60636103	-0.64718765	-0.09349689	0.45247427
183580207943557	-0.6063919	-0.64718974	-0.09320474	0.45249
183580215443557	-0.60634047	-0.6472455	-0.092834614	0.4525554
183580222943557	-0.60624295	-0.64733744	-0.09246537	0.45262995
183580301789755	-0.60616994	-0.64741683	-0.09218046	0.4526723
183580312166838	-0.606181	-0.6474299	-0.091964774	0.4526827
183580245443557	-0.60628724	-0.6473924	-0.091734365	0.4526409
183580330870536	-0.60642576	-0.6473039	-0.09154964	0.4526192
183580260443557	-0.60656655	-0.6471908	-0.091351524	0.45263243
183580267943557	-0.6066836	-0.6470892	-0.091106914	0.45267007
183580275443557	-0.60674626	-0.6470345	-0.090863466	0.45271307
183580282943557	-0.6067771	-0.6470151	-0.09062239	0.45274797
183580387417359	-0.6068226	-0.64699155	-0.09044228	0.45275664
183580388754025	-0.606869	-0.64691454	-0.09028526	0.45283592
183580395308609	-0.60691994	-0.64684325	-0.09014303	0.45289764
183580402808609	-0.6069833	-0.6467809	-0.09009225	0.45291188
183580410308609	-0.60703516	-0.64672506	-0.08998858	0.45294276
183580417808609	-0.60703516	-0.64667845	-0.0898533	0.45303604
183580425308609	-0.60698014	-0.64666784	-0.089690536	0.45315725
183580432808609	-0.6068928	-0.6466773	-0.08951207	0.45329586
183580440308609	-0.6068315	-0.6466769	-0.089280374	0.45342433
183580462571057	-0.6067579	-0.64669585	-0.08901104	0.45354882
183580474269025	-0.60662746	-0.6467586	-0.088707566	0.45369327
183580483220744	-0.60648376	-0.64679724	-0.088443466	0.45388177
183580495428869	-0.6063564	-0.6468112	-0.08822164	0.45407513
183580504178505	-0.60622895	-0.64683235	-0.08810735	0.45423725
183580514564650	-0.60614157	-0.64683235	-0.08805898	0.45436332
183580523331265	-0.60608697	-0.64680135	-0.0880398	0.45448396
183580534586942	-0.60600555	-0.64679843	-0.08800571	0.45460322
183580543483921	-0.60596234	-0.646781	-0.08793184	0.45469984
183580558483921	-0.6059493	-0.64671	-0.087608084	0.45488086
183580530308609	-0.60596466	-0.6466539	-0.087346315	0.4549904
183580537808609	-0.60595036	-0.6466094	-0.08716689	0.4551071
183580592083192	-0.6059498	-0.646522	-0.087004974	0.45526296
183580598354911	-0.6059807	-0.64642525	-0.086865366	0.4553859
183580609511473	-0.6059867	-0.64634806	-0.08674873	0.4555096
183580614272932	-0.6059744	-0.64628685	-0.08662727	0.4556359
183580629272932	-0.6059521	-0.64610595	-0.08634062	0.45597658
183580605308609	-0.6059521	-0.64610595	-0.08634062	0.45597658
183580612808609	-0.6059492	-0.64607054	-0.08633431	0.45603153
183580620308609	-0.6059705	-0.64601445	-0.08628832	0.45609158
183580627808609	-0.606012	-0.6459187	-0.086263195	0.45617673
183580635308609	-0.6061228	-0.645708	-0.086311765	0.45631856
183580642808609	-0.6061989	-0.6456046	-0.08633341	0.4563598
183580650308609	-0.60640657	-0.6454577	-0.086257525	0.456306
183580733227671	-0.6064854	-0.6453108	-0.08608765	0.4564411
183580745693713	-0.60663706	-0.6451499	-0.08601549	0.45648062
183580754181734	-0.6066796	-0.64510787	-0.085885294	0.45650777
183580761186421	-0.6066796	-0.64506966	-0.085708834	0.45659518
183580773280588	-0.60666096	-0.6450236	-0.08571285	0.45668414
183580779397202	-0.6066604	-0.64498544	-0.08575039	0.45673165
183580790576994	-0.60670596	-0.64488244	-0.08573803	0.456819
183580797416369	-0.60672885	-0.64476836	-0.085651055	0.4569659
183580812636682	-0.6067304	-0.6446696	-0.08544084	0.45714238
183580816610379	-0.6068172	-0.6445889	-0.08522407	0.45718154
183580824110379	-0.6068123	-0.64452255	-0.08506527	0.45731118
183580831610379	-0.6068376	-0.6444076	-0.08493458	0.45746398
183580839110379	-0.60691935	-0.6442293	-0.08482795	0.4576262
183580846610379	-0.6070124	-0.6440799	-0.084756136	0.45772645
183580854110379	-0.6070815	-0.64395183	-0.084655635	0.45783362
183580861610379	-0.6071249	-0.64384073	-0.084578484	0.4579464
183580869110379	-0.6071592	-0.6437271	-0.08448022	0.45807877
183580876610379	-0.6071518	-0.6436404	-0.08441509	0.4582226
183580884110379	-0.60709894	-0.64357454	-0.084353216	0.45839632
183580891610379	-0.6070311	-0.64350975	-0.08428491	0.45858973
183580899110379	-0.6069977	-0.64341223	-0.084203556	0.45878577
183580937901004	-0.60699826	-0.64328504	-0.08413301	0.4589763
183580914110379	-0.6070061	-0.64315236	-0.084034964	0.4591698
183580921610379	-0.60700315	-0.6430363	-0.08392816	0.45935553
183580929110379	-0.60703033	-0.6429054	-0.083814904	0.4595237
183580993635744	-0.6071521	-0.64254826	-0.083598346	0.45990145
183580959110379	-0.6071521	-0.64254826	-0.083598346	0.45990145
183580966610379	-0.607177	-0.6424562	-0.083572224	0.46000195
183580974110379	-0.6072257	-0.6423387	-0.08350997	0.46011326
183580981610379	-0.6072615	-0.6422177	-0.08344066	0.4602474
183580989110379	-0.6072564	-0.6419664	-0.08310654	0.46066496
183580996610379	-0.6071892	-0.64187324	-0.08294645	0.4609122
183581062543244	-0.6071435	-0.6417632	-0.08285813	0.46114147
183581068719650	-0.6071279	-0.6416287	-0.082808666	0.46135798
183581019110379	-0.60712343	-0.64147913	-0.08280095	0.46157297
183581026610379	-0.60712916	-0.6413248	-0.082817845	0.46177706
183581034110379	-0.60711527	-0.64117175	-0.082813114	0.46200868
183581041610379	-0.6070545	-0.64103764	-0.082797155	0.46227723
183581049110379	-0.60695136	-0.6409259	-0.082816936	0.46256408
183581127127931	-0.6068597	-0.6408158	-0.08288967	0.4628237
183581138682671	-0.60680336	-0.6406851	-0.08299169	0.46306017
183581171276942	-0.6067698	-0.6402835	-0.082778804	0.46369722
183581171557619	-0.6067698	-0.6402835	-0.082778804	0.46369722
183581171631838	-0.6067698	-0.6402835	-0.082778804	0.46369722
183581186032671	-0.6067711	-0.640187	-0.08266625	0.46384877
183581186663973	-0.60662824	-0.6400011	-0.08271122	0.46428415
183581209249911	-0.6063732	-0.63964486	-0.082858026	0.4650814
183581209163973	-0.6063732	-0.63964486	-0.082858026	0.4650814
183581216663973	-0.60626644	-0.63944656	-0.08297943	0.46547127
183581224163973	-0.6061434	-0.63928014	-0.083131544	0.46583283
183581231663973	-0.6060485	-0.639075	-0.083275996	0.46621186
183581258218504	-0.60593045	-0.6386252	-0.08353916	0.46693397
183581246663973	-0.60593045	-0.6386252	-0.08353916	0.46693397
183581254163973	-0.6058161	-0.6384252	-0.08358882	0.4673469
183581285505379	-0.6055816	-0.6379958	-0.08373532	0.4682102
183581269163973	-0.6055816	-0.6379958	-0.08373532	0.4682102
183581276663973	-0.6054579	-0.6377887	-0.0838387	0.46863362
183581316033765	-0.6050809	-0.6372166	-0.08423228	0.46982664
183581299163973	-0.6049698	-0.6370177	-0.0843985	0.47020945
183581353715483	-0.60466677	-0.63629335	-0.0849484	0.4714793
183581329163973	-0.60466677	-0.63629335	-0.0849484	0.4714793
183581336663973	-0.60449564	-0.63573754	-0.08541126	0.47236407
183581393103244	-0.6043915	-0.6354309	-0.085653536	0.4728657
183581407411473	-0.6043022	-0.63511765	-0.08590615	0.47335467
183581415357619	-0.6041923	-0.63480407	-0.08615136	0.47387066
183581366663973	-0.60408497	-0.63446784	-0.086399466	0.47441238
183581374163973	-0.60402673	-0.6340802	-0.08660664	0.47496682
183581381663973	-0.6039807	-0.6336896	-0.08683347	0.47550467
183581455181629	-0.60394156	-0.6333191	-0.087088786	0.47600123
183581463005640	-0.6039452	-0.63292605	-0.08733121	0.47647476
183581475403660	-0.6039381	-0.6325478	-0.08754648	0.47694626
183581483592463	-0.6038953	-0.63219804	-0.08775157	0.4774262
183581494439129	-0.6038348	-0.63184965	-0.08792368	0.47793198
183581503110483	-0.6037477	-0.6315069	-0.088133745	0.478456
183581518110483	-0.60353726	-0.63082534	-0.088635534	0.47952688
183581449163973	-0.60353726	-0.63082534	-0.088635534	0.47952688
183581456663973	-0.6033894	-0.63010937	-0.08917419	0.4805534
183581568422827	-0.6033249	-0.62976986	-0.08942547	0.4810323
183581569990848	-0.60331947	-0.6297763	-0.08943934	0.48102817
183581577490848	-0.6032969	-0.6297017	-0.089522526	0.48113877
183581578931942	-0.6032741	-0.6293406	-0.089894734	0.48157018
183581587250848	-0.60325974	-0.6292344	-0.08994794	0.48171693
183581598774806	-0.6032376	-0.6288361	-0.09021868	0.48221377
183581609516681	-0.60318273	-0.62845296	-0.09045945	0.48273665
183581617265692	-0.6030995	-0.62807834	-0.0906724	0.48328772
183581629596004	-0.6030402	-0.6276838	-0.090832435	0.483844
183581637086108	-0.6029499	-0.6273156	-0.0909778	0.48440653
183581646674077	-0.6028238	-0.6269642	-0.09115059	0.48498565
183581658854806	-0.60270965	-0.62661093	-0.0913354	0.48554882
183581673854806	-0.6024848	-0.6254992	-0.09212616	0.48710948
183581668931942	-0.60245	-0.62510526	-0.09236661	0.48761252
183581676431942	-0.60242015	-0.6247046	-0.09256563	0.4881247
183581683931942	-0.6023943	-0.6243232	-0.092815764	0.48859692
183581691431942	-0.6023828	-0.6239444	-0.09309984	0.4890407
183581698931942	-0.60240406	-0.62355465	-0.09338749	0.48945662
183581706431942	-0.6024063	-0.62317556	-0.093603455	0.48989522
183581713931942	-0.6023422	-0.62283474	-0.09378016	0.4903735
183581721431942	-0.6022779	-0.6224989	-0.093976304	0.49084118
183581728931942	-0.602212	-0.6221461	-0.09413549	0.49133846
183581736431942	-0.6021602	-0.6217624	-0.09425436	0.4918647
183581743931942	-0.6020946	-0.6214079	-0.09438825	0.49236682
183581803726369	-0.6020659	-0.62104523	-0.09459312	0.49282014
183581758931942	-0.60204136	-0.6206814	-0.09482621	0.49326342
183581766431942	-0.6020305	-0.6203086	-0.095051564	0.49370208
183581773931942	-0.6020213	-0.61993074	-0.0952659	0.49414647
183581781431942	-0.6019781	-0.6195393	-0.095487505	0.49464697
183581847697619	-0.6019167	-0.6191801	-0.09573734	0.49512285
183581859166369	-0.60186094	-0.61883354	-0.09601845	0.49556944
183581868034702	-0.60184693	-0.61847836	-0.0962858	0.49597776
183581877642202	-0.6018537	-0.6181095	-0.0965726	0.49637336
183581818931942	-0.60183346	-0.6177394	-0.09683379	0.49680775
183581826431942	-0.60173994	-0.61740345	-0.097085625	0.497289
183581833931942	-0.60163486	-0.6170704	-0.097275525	0.49779236
183581841431942	-0.60151434	-0.6167418	-0.097445406	0.49831173
183581848931942	-0.6013395	-0.6164636	-0.09764152	0.49882835
183581856431942	-0.60119545	-0.61618745	-0.09782584	0.49930683
183581863931942	-0.60105985	-0.6159033	-0.098036975	0.49977896
183581871431942	-0.60093015	-0.6156278	-0.09824831	0.50023264
183581878931942	-0.6008016	-0.61533976	-0.09844969	0.50070167
183581886431942	-0.6006932	-0.6150348	-0.09865262	0.5011661
183581893931942	-0.60059935	-0.614732	-0.09883468	0.50161403
183581901431942	-0.60049415	-0.6144494	-0.09897645	0.5020583
183581908931942	-0.6003897	-0.61417776	-0.0991029	0.50249034
183582009624650	-0.60030514	-0.6139211	-0.099275544	0.5028709
183582017124650	-0.60027647	-0.613901	-0.09929275	0.50292623
183582024624650	-0.6002158	-0.6136543	-0.09951285	0.503256
183582032124650	-0.6001808	-0.6133655	-0.09970604	0.50361156
183582039624650	-0.60010606	-0.61306804	-0.099846534	0.50403476
183582047124650	-0.5999698	-0.6128046	-0.09994568	0.5044975
183582054624650	-0.5998191	-0.6125685	-0.10008265	0.50493604
183582062124650	-0.59973204	-0.6123095	-0.100220196	0.5053262
183582088997410	-0.59972775	-0.6120436	-0.10038586	0.50562036
183582077124650	-0.59970576	-0.61180776	-0.100608796	0.5058875
183582084624650	-0.59970486	-0.61157244	-0.10085126	0.5061247
183582092124650	-0.5997663	-0.6113002	-0.10110014	0.50633115
183582099624650	-0.59983283	-0.61103636	-0.10138625	0.50651366
183582107124650	-0.5999119	-0.6107837	-0.10162081	0.5066776
183582139530119	-0.59998864	-0.61055857	-0.10184348	0.5068134
183582122124650	-0.6000523	-0.61035943	-0.10204596	0.50693715
183582129624650	-0.6001043	-0.61020344	-0.102199234	0.5070325
183582137124650	-0.600145	-0.6100767	-0.10226952	0.5071227
183582144624650	-0.6001632	-0.6099991	-0.102286495	0.507191
183582152124650	-0.6001658	-0.60996455	-0.10229195	0.5072285
183582159624650	-0.6001754	-0.60997945	-0.10233206	0.507191
183582167124650	-0.6002297	-0.61002034	-0.10239948	0.50706416
183582174624650	-0.60033137	-0.61007315	-0.102434754	0.5068729
183582182124650	-0.60046947	-0.6101356	-0.10246893	0.5066272
183582241938660	-0.6006386	-0.61021423	-0.10247086	0.5063316
183582253025535	-0.6008093	-0.6103142	-0.10248139	0.5060064
183582204624650	-0.6009936	-0.61042535	-0.10247086	0.50565547
183582212124650	-0.60118073	-0.6105661	-0.10243279	0.5052707
183582277850327	-0.6014036	-0.61072385	-0.102344036	0.5048325
183582227124650	-0.6016309	-0.6109851	-0.10227969	0.50425816
183582234624650	-0.60190696	-0.6112856	-0.1021941	0.50358164
183582302822983	-0.6022702	-0.6115992	-0.10207814	0.50278944
183582311964077	-0.6026889	-0.6119479	-0.10194018	0.5018904
183582322388452	-0.60319644	-0.6123022	-0.10189103	0.5008576
183582264624650	-0.6037652	-0.61269104	-0.10179903	0.49971414
183582272124650	-0.60428256	-0.6131262	-0.1015707	0.49860042
183582279624650	-0.60477144	-0.61360455	-0.10130238	0.4974725
183582287124650	-0.6052501	-0.6141376	-0.10104011	0.49628446
183582294624650	-0.60576856	-0.6146772	-0.10079665	0.49503174
183582302124650	-0.6063532	-0.6152481	-0.10049815	0.49366572
183582309624650	-0.6068777	-0.6159282	-0.10011516	0.492249
183582317124650	-0.6073302	-0.616689	-0.09972381	0.4908155
183582421533504	-0.6077124	-0.6174796	-0.09931578	0.48942932
183582429033504	-0.60781354	-0.61759317	-0.09929197	0.4891651
183582436533504	-0.6081562	-0.61849385	-0.09884315	0.48769
183582454806108	-0.60851616	-0.61944383	-0.098431714	0.48611593
183582451533504	-0.60889643	-0.6204603	-0.09808128	0.4844113
183582484806108	-0.60931957	-0.621513	-0.09770539	0.48260224
183582466533504	-0.6098	-0.622562	-0.09720852	0.48074013
183582474033504	-0.61027926	-0.6236212	-0.09665563	0.47886693
183582481533504	-0.61076367	-0.62470555	-0.09613219	0.47693747
183582489033504	-0.6112435	-0.62583905	-0.095481	0.47496343
183582496533504	-0.6116469	-0.62701344	-0.09475611	0.47303644
183582504033504	-0.6120045	-0.62823254	-0.09395504	0.47111234
183582511533504	-0.6123523	-0.6295089	-0.09305469	0.4691312
183582519033504	-0.6127266	-0.630809	-0.09212183	0.46707577
183582526533504	-0.6130762	-0.6321212	-0.091183014	0.46502265
183582534033504	-0.6134221	-0.63343066	-0.09022733	0.46296668
183582541533504	-0.613817	-0.6347228	-0.089305006	0.46084747
183582549033504	-0.6142343	-0.6360148	-0.08847467	0.4586651
183582556533504	-0.61472946	-0.637276	-0.08764729	0.45640442
183582657598295	-0.61528206	-0.6385051	-0.08686817	0.45408496
183582657784285	-0.61548525	-0.6386638	-0.08667039	0.45362395
183582657899910	-0.61548525	-0.6386638	-0.08667039	0.45362395
183582661141629	-0.61561865	-0.63880235	-0.086609356	0.45325935
183582663938139	-0.61587477	-0.63937217	-0.08641492	0.45214382
183582667828973	-0.61611944	-0.6398177	-0.08607628	0.4512438
183582672007202	-0.6164474	-0.6404998	-0.085343175	0.44996586
183582675802358	-0.616594	-0.64116615	-0.08469329	0.44893762
183582680420847	-0.61679727	-0.64179474	-0.084218234	0.44784832
183582686523400	-0.61718595	-0.64250004	-0.08389819	0.4463591
183582695391629	-0.6177884	-0.64335406	-0.08339641	0.44438523
183582705871785	-0.6182771	-0.6444496	-0.08245408	0.44228914
183582715035327	-0.61849594	-0.6456734	-0.081401974	0.44038895
183582726963295	-0.61869675	-0.6469482	-0.08043101	0.43840995
183582739845743	-0.61898065	-0.6481753	-0.079700924	0.436325
183582747691941	-0.6194069	-0.64932823	-0.07906318	0.43411645
183582762691941	-0.61992264	-0.65043813	-0.078413494	0.43183038
183582777691941	-0.62047297	-0.6515107	-0.07773948	0.4295389
183582788946004	-0.621637	-0.65360504	-0.07626553	0.4249134
183582770340639	-0.621637	-0.65360504	-0.07626553	0.4249134
183582777840639	-0.6220757	-0.6547001	-0.07539601	0.42273518
183582785340639	-0.6224011	-0.6558334	-0.07451843	0.42065012
183582792840639	-0.6226952	-0.65818256	-0.072956145	0.41680205
183582800340639	-0.6226518	-0.6594042	-0.072148524	0.41507274
183582807840639	-0.6225409	-0.6606473	-0.07138481	0.41339114
183582815340639	-0.62243646	-0.66187054	-0.0706339	0.4117174
183582822840639	-0.6223329	-0.6630733	-0.06996282	0.41004992
183582830340639	-0.6222807	-0.6642278	-0.069369726	0.40835783
183582837840639	-0.6222065	-0.66537327	-0.06878883	0.40670106
183582845340639	-0.6221091	-0.6664811	-0.06814083	0.405142
183582852840639	-0.6219601	-0.6675542	-0.06743148	0.4037202
183582860340639	-0.621745	-0.6686295	-0.06661927	0.40240487
183582867840639	-0.6214563	-0.66971964	-0.06576498	0.40117654
183582931676264	-0.62114453	-0.6708051	-0.06495663	0.3999758
183582882840639	-0.6208321	-0.6719091	-0.06421847	0.39872515
183582890340639	-0.6205359	-0.67300206	-0.06349845	0.39745608
183582897840639	-0.62021434	-0.6740773	-0.06283958	0.39623898
183582905340639	-0.6198802	-0.6750855	-0.062164195	0.39515036
183582912840639	-0.61954397	-0.6760601	-0.061507646	0.39411274
183582920340639	-0.6191563	-0.67703676	-0.0608353	0.39314863
183582927840639	-0.6187125	-0.6780241	-0.060149252	0.3922502
183582935340639	-0.6182368	-0.6790266	-0.05950632	0.39136344
183582942840639	-0.61778086	-0.6799515	-0.058943592	0.3905617
183582950340639	-0.6173684	-0.68084157	-0.058435753	0.38973865
183582957840639	-0.61697537	-0.68167645	-0.057981268	0.38896906
183582965340639	-0.61656135	-0.6824767	-0.057529334	0.38828874
183582972840639	-0.6161443	-0.6832177	-0.05697545	0.3877288
183582980340639	-0.61569846	-0.683938	-0.056402713	0.3872505
183582987840639	-0.6151839	-0.68469673	-0.056004077	0.38678515
183582995340639	-0.6147011	-0.6854249	-0.05560772	0.38631994
183583002840639	-0.6142481	-0.68606675	-0.0552199	0.38595673
183583105125118	-0.61381656	-0.68666166	-0.054867685	0.38563532
183583112625118	-0.61380816	-0.6866931	-0.05494175	0.38558218
183583120125118	-0.6134423	-0.6871922	-0.05468254	0.38531193
183583127625118	-0.61311334	-0.6876458	-0.054485325	0.385054
183583135125118	-0.61286086	-0.6880237	-0.05440182	0.3847929
183583142625118	-0.6126627	-0.68835986	-0.054407425	0.3845063
183583150125118	-0.61248434	-0.68864524	-0.0543771	0.3842835
183583157625118	-0.6122975	-0.6888804	-0.054293606	0.3841718
183583165125118	-0.61209106	-0.6890793	-0.054195553	0.38415775
183583172625118	-0.6118824	-0.68926954	-0.054054778	0.38416868
183583180125118	-0.6116725	-0.68944037	-0.053920865	0.3842153
183583187625118	-0.61149853	-0.6895878	-0.053790297	0.3842458
183583195125118	-0.61138546	-0.6896739	-0.053726107	0.38428023
183583202625118	-0.61129236	-0.6897433	-0.05371349	0.3843055
183583210125118	-0.61121035	-0.6897935	-0.05369719	0.3843482
183583217625118	-0.6111623	-0.68979627	-0.05367197	0.38442314
183583225125118	-0.611115	-0.68977416	-0.053651147	0.38454095
183583232625118	-0.6110792	-0.6897393	-0.053660225	0.38465902
183583240125118	-0.61103934	-0.6896858	-0.053713556	0.38481078
183583247625118	-0.611009	-0.68957585	-0.053760435	0.38504925
183583297041576	-0.6109813	-0.6894764	-0.053783134	0.38526815
183583262625118	-0.6109793	-0.68937564	-0.05381721	0.38544667
183583270125118	-0.6110146	-0.6892805	-0.053865254	0.38555425
183583322683451	-0.6110252	-0.6891852	-0.0539209	0.38570017
183583336838764	-0.6110329	-0.6890866	-0.05397016	0.38585714
183583344924545	-0.61105317	-0.68897575	-0.053994875	0.38601947
183583356703451	-0.6110506	-0.6888539	-0.053987045	0.3862419
183583371703451	-0.6110527	-0.6885287	-0.05408713	0.3868041
183583315125118	-0.6110527	-0.6885287	-0.05408713	0.3868041
183583322625118	-0.6111388	-0.6883102	-0.054264687	0.38703215
183583330125118	-0.61131227	-0.6880365	-0.054476403	0.38721505
183583337625118	-0.61150527	-0.6877336	-0.05468902	0.38741842
183583345125118	-0.6116936	-0.68742263	-0.054882176	0.38764554
183583352625118	-0.61188895	-0.68708986	-0.055078086	0.38789937
183583360125118	-0.6121264	-0.6867248	-0.055330656	0.38813525
183583367625118	-0.6123861	-0.6863438	-0.05564869	0.38835388
183583375125118	-0.61264783	-0.6859467	-0.055942364	0.38860053
183583382625118	-0.61290777	-0.68553495	-0.05625005	0.38887256
183583390125118	-0.6131634	-0.6851051	-0.05658366	0.38917875
183583397625118	-0.61338425	-0.6846994	-0.056897316	0.3894987
183583405125118	-0.6135753	-0.6843058	-0.05716065	0.38985083
183583412625118	-0.6137262	-0.6839297	-0.05745067	0.39023042
183583420125118	-0.61388797	-0.68356365	-0.057769295	0.39057025
183583427625118	-0.61409247	-0.6831881	-0.058139164	0.39085087
183583528995118	-0.6143578	-0.68276525	-0.058511082	0.3911171
183583536495118	-0.61448765	-0.6828219	-0.05830209	0.39084527
183583543995118	-0.61468846	-0.6824205	-0.058390632	0.39121744
183583551495118	-0.61484885	-0.6820172	-0.05845221	0.39165902
183583558995118	-0.6149599	-0.68163383	-0.058581665	0.39213258
183583566495118	-0.61503416	-0.68127227	-0.058755424	0.39261815
183583573995118	-0.6151508	-0.68086684	-0.058965504	0.39310673
183583581495118	-0.61531913	-0.68041813	-0.059227914	0.39358056
183583588995118	-0.6154893	-0.67995405	-0.05955007	0.39406756
183583596495118	-0.615699	-0.6794676	-0.059903216	0.39452532
183583603995118	-0.61597264	-0.67892945	-0.06024582	0.39497206
183583611495118	-0.61621207	-0.67840564	-0.060537174	0.39545396
183583618995118	-0.6164057	-0.6778969	-0.06079202	0.3959852
183583626495118	-0.6166194	-0.67737275	-0.06102689	0.39651272
183583633995118	-0.61684775	-0.6768293	-0.06123087	0.3970539
183583641495118	-0.6170483	-0.676291	-0.061451014	0.39762494
183583648995118	-0.6172331	-0.675766	-0.06175211	0.39818382
183583656495118	-0.6174941	-0.6751884	-0.062071294	0.39870912
183583702677097	-0.6177868	-0.6745906	-0.062432047	0.3992108
183583671495118	-0.61806864	-0.67399484	-0.062814504	0.39972058
183583678995118	-0.61831945	-0.6733939	-0.06313935	0.4002939
183583730569389	-0.6185774	-0.672776	-0.06339372	0.40089372
183583739591941	-0.61879075	-0.67218995	-0.063640065	0.40150794
183583701495118	-0.61892676	-0.67163086	-0.06390666	0.4021911
183583708995118	-0.6190241	-0.6710978	-0.06418951	0.4028854
183583716495118	-0.61911565	-0.670548	-0.06447286	0.4036142
183583723995118	-0.6192183	-0.669973	-0.06480341	0.40435797
183583731495118	-0.6192744	-0.6694263	-0.06521373	0.40511084
183583738995118	-0.6193471	-0.66886634	-0.065645516	0.40585428
183583746495118	-0.61946934	-0.66826737	-0.06605576	0.40658715
183583753995118	-0.6196286	-0.6676464	-0.0664458	0.4073004
183583761495118	-0.6197912	-0.66703904	-0.06678957	0.4079914
183583768995118	-0.6199513	-0.66645324	-0.06710646	0.4086529
183583776495118	-0.6200888	-0.66588277	-0.06737387	0.4093296
183583783995118	-0.6202336	-0.6653217	-0.06763032	0.40997985
183583791495118	-0.620391	-0.66476715	-0.06793882	0.41058996
183583798995118	-0.6205381	-0.6641941	-0.068350546	0.41122612
183583806495118	-0.6207264	-0.66359955	-0.06878562	0.41182894
183583813995118	-0.6209286	-0.6629715	-0.06923186	0.4124604
183583821495118	-0.6211291	-0.6623312	-0.06967315	0.41311237
183583828995118	-0.62132156	-0.66170144	-0.07007622	0.41376337
183583836495118	-0.62148553	-0.6611115	-0.07044237	0.41439748
183583843995118	-0.6216275	-0.6605305	-0.07078411	0.41505226
183583851495118	-0.6217762	-0.6599538	-0.07111771	0.4156893
183583858995118	-0.62194663	-0.6593936	-0.071457595	0.41626462
183583866495118	-0.6220918	-0.658836	-0.071800016	0.41687125
183583974585795	-0.62221885	-0.658283	-0.07211209	0.41750112
183583982085795	-0.62225485	-0.6583078	-0.07207703	0.4174144
183583988046993	-0.6223664	-0.6577449	-0.072417825	0.4180759
183583995039701	-0.6224732	-0.65730923	-0.07267069	0.41855785
183584002539701	-0.6225993	-0.6568077	-0.07297494	0.4191043
183584010039701	-0.62269974	-0.6562977	-0.07330423	0.4196961
183584017539701	-0.6227713	-0.65582734	-0.07362642	0.4202685
183584025039701	-0.6228643	-0.65535533	-0.07393744	0.4208121
183584032539701	-0.6229596	-0.65487885	-0.07425505	0.42135656
183584040039701	-0.62306195	-0.6544024	-0.074568234	0.42188987
183584047539701	-0.62317383	-0.65393245	-0.07489826	0.42239445
183584055039701	-0.6233148	-0.6534676	-0.075211465	0.42284992
183584062539701	-0.62347215	-0.65298176	-0.07549132	0.42331833
183584070039701	-0.62362427	-0.65251875	-0.07582738	0.423748
183584077539701	-0.62378275	-0.6521022	-0.076210305	0.42408723
183584085039701	-0.6239494	-0.6516986	-0.0765747	0.4243967
183584126704024	-0.6240922	-0.65130454	-0.07692137	0.4247287
183584134015899	-0.6242012	-0.650926	-0.07725705	0.4250879
183584107539701	-0.62428534	-0.650577	-0.07759942	0.425436
183584115039701	-0.62435335	-0.6502358	-0.07788257	0.4258059
183584164854493	-0.6243028	-0.6496476	-0.07825776	0.42670825
183584137539701	-0.6243028	-0.6496476	-0.07825776	0.42670825
183584145039701	-0.6242672	-0.6491438	-0.07860371	0.42746255
183584202919701	-0.6242923	-0.6489186	-0.07874792	0.42774126
183584209645170	-0.62432367	-0.6487186	-0.07881233	0.42798683
183584167539701	-0.6243406	-0.6485271	-0.07885927	0.42824373
183584234187357	-0.6243931	-0.6481172	-0.07915263	0.4287333
183584190039701	-0.6243931	-0.6481172	-0.07915263	0.4287333
183584197539701	-0.62444866	-0.647895	-0.07935291	0.42895114
183584205039701	-0.6245161	-0.64765775	-0.07954016	0.42917642
183584212539701	-0.6246	-0.64742565	-0.079727076	0.4293698
183584220039701	-0.6247623	-0.6470604	-0.08011471	0.42961207
183584299503607	-0.62483746	-0.6469229	-0.080325104	0.42967072
183584235039701	-0.6249036	-0.6468185	-0.08049263	0.42970014
183584315377149	-0.6249362	-0.6467269	-0.08065337	0.4297606
183584250039701	-0.6249716	-0.6466225	-0.08080708	0.4298373
183584257539701	-0.62502486	-0.6465246	-0.080952145	0.42987978
183584265039701	-0.6250801	-0.6464271	-0.08107079	0.42992383
183584272539701	-0.6251118	-0.64635175	-0.081172906	0.42997164
183584280039701	-0.6251516	-0.64628965	-0.0812447	0.42999366
183584287539701	-0.6251971	-0.6462586	-0.081347354	0.42995474
183584295039701	-0.62523323	-0.64624643	-0.08146479	0.42989826
183584394606368	-0.6252778	-0.6462145	-0.081565216	0.4298625
183584404357566	-0.6253464	-0.6461497	-0.08161274	0.42985085
183584413684389	-0.62536323	-0.6461401	-0.081555836	0.42985186
183584423227513	-0.6254266	-0.6460841	-0.08154977	0.4298449
183584438227513	-0.62557614	-0.6459301	-0.08158111	0.42985275
183584441857566	-0.6256619	-0.645848	-0.08163354	0.4298414
183584449357566	-0.6257577	-0.6457558	-0.08170989	0.42982584
183584456857566	-0.6258377	-0.6456777	-0.081821345	0.42980564
183584481244336	-0.6259269	-0.6455895	-0.08195403	0.42978287
183584471857566	-0.62603045	-0.64548254	-0.08207928	0.42976886
183584499268920	-0.62613904	-0.64536977	-0.08218175	0.42976037
183584486857566	-0.6262266	-0.6452889	-0.08230124	0.42973137
183584516982878	-0.62632084	-0.6452061	-0.082383916	0.42970255
183584523071628	-0.6264031	-0.64514256	-0.08248364	0.42965898
183584538071628	-0.6265271	-0.6450543	-0.08257053	0.42959404
183584524357566	-0.6265271	-0.6450543	-0.08257053	0.42959404
183584531857566	-0.6265262	-0.6450251	-0.08255513	0.42964193
183584539357566	-0.6264974	-0.64501125	-0.08249371	0.42971653
183584546857566	-0.6264543	-0.64501077	-0.082431	0.4297921
183584554357566	-0.6264321	-0.6450276	-0.08240295	0.42980474
183584561857566	-0.62639236	-0.64506817	-0.082410395	0.42980036
183584569357566	-0.6263832	-0.64508945	-0.0824168	0.42978033
183584576857566	-0.6264033	-0.6450872	-0.08239872	0.42975792
183584584357566	-0.6263733	-0.64510363	-0.08240861	0.4297751
183584591857566	-0.626343	-0.64510816	-0.08244641	0.4298053
183584653474232	-0.6263638	-0.6450596	-0.08245913	0.42984542
183584661886628	-0.6263878	-0.6450037	-0.08243532	0.42989883
183584614357566	-0.62638247	-0.6449587	-0.08241064	0.42997888
183584680829857	-0.62638146	-0.6449343	-0.08241	0.43001705
183584690880586	-0.6264042	-0.6449096	-0.082425855	0.43001777
183584698774649	-0.62643445	-0.6448789	-0.082424924	0.43002015
183584713774649	-0.626408	-0.6447889	-0.082557	0.43016827
183584659357566	-0.626408	-0.6447889	-0.082557	0.43016827
183584666857566	-0.62645316	-0.64469075	-0.08266514	0.43022877
183584674357566	-0.6265021	-0.6446001	-0.08278591	0.43027025
183584681857566	-0.6265745	-0.64451444	-0.08290027	0.43027106
183584689357566	-0.62665224	-0.64442855	-0.08297009	0.43027285
183584696857566	-0.626692	-0.6443831	-0.08300357	0.43027663
183584704357566	-0.62667984	-0.6443791	-0.08300273	0.43030047
183584796247409	-0.6266494	-0.6443789	-0.082933486	0.4303586
183584807671732	-0.62659496	-0.6443937	-0.08286465	0.430429
183584815983868	-0.6265243	-0.64442295	-0.08281637	0.43049735
183584827458763	-0.6264889	-0.6444161	-0.082789406	0.43056425
183584832522670	-0.6264914	-0.6444012	-0.08276333	0.43058798
183584840022670	-0.62647814	-0.6443747	-0.0827548	0.43064854
183584847522670	-0.6264637	-0.64435166	-0.08275465	0.43070397
183584866384909	-0.626467	-0.644309	-0.08274296	0.43076536
183584873826263	-0.6264543	-0.6442847	-0.082726665	0.43082318
183584870022670	-0.62643516	-0.64426917	-0.08277056	0.4308658
183584877522670	-0.62646526	-0.6442065	-0.08285131	0.4309002
183584885022670	-0.62650764	-0.64411515	-0.08288796	0.43096808
183584892522670	-0.626517	-0.64405733	-0.08291581	0.43103552
183584900022670	-0.6265424	-0.643988	-0.08290133	0.4311049
183584907522670	-0.6265591	-0.6439155	-0.08289658	0.43118995
183584915022670	-0.62655	-0.6438678	-0.08283247	0.43128666
183584922522670	-0.6265128	-0.6438594	-0.08277166	0.43136498
183584930022670	-0.62647915	-0.6438792	-0.08270832	0.43139637
183584937522670	-0.6264167	-0.6439008	-0.08266682	0.43146276
183584945022670	-0.6263362	-0.64391583	-0.082658604	0.4315588
183584987308190	-0.6262918	-0.643893	-0.08266265	0.43165648
183584960022670	-0.6262823	-0.6438273	-0.082658075	0.43176913
183584967522670	-0.62626153	-0.64375865	-0.082604155	0.4319119
183584975022670	-0.62622344	-0.64372987	-0.0825424	0.4320218
183584982522670	-0.62620777	-0.6436901	-0.08243778	0.43212363
183584990022670	-0.62620187	-0.6436354	-0.08236153	0.43222824
183584997522670	-0.62619454	-0.6435772	-0.082367636	0.4323245
183585005022670	-0.6262213	-0.64349765	-0.08237585	0.43240243
183585012522670	-0.62625456	-0.6433908	-0.08241446	0.432506
183585020022670	-0.6262824	-0.6432933	-0.08245446	0.432603
183585027522670	-0.6262834	-0.64323777	-0.08246144	0.4326828
183585094041315	-0.62632394	-0.6431805	-0.08240663	0.43271977
183585105444076	-0.6263394	-0.6431476	-0.08234205	0.43275863
183585111804909	-0.6263443	-0.6431362	-0.08222587	0.43279055
183585126804909	-0.62633294	-0.64314884	-0.08188042	0.4328536
183585072522670	-0.62631965	-0.64314276	-0.081774704	0.4329018
183585080022670	-0.6263343	-0.64312494	-0.08172257	0.43291685
183585087522670	-0.6263842	-0.6430843	-0.081678346	0.43291354
183585170877097	-0.6264381	-0.64304876	-0.081636354	0.43289617
183585102522670	-0.6264292	-0.6430603	-0.08158815	0.43290097
183585110022670	-0.62642324	-0.64309406	-0.081509314	0.43287447
183585117522670	-0.6264538	-0.6430861	-0.081390455	0.43286434
183585125022670	-0.6264709	-0.64308506	-0.08124639	0.4328682
183585219619076	-0.6264572	-0.6430891	-0.08117741	0.43289497
183585227892201	-0.6264694	-0.6430725	-0.08113334	0.4329103
183585147522670	-0.62649196	-0.64301723	-0.08108644	0.43296847
183585258225638	-0.6265022	-0.64295346	-0.081046626	0.43305582
183585258350847	-0.62648755	-0.64295596	-0.08107565	0.43306792
183585265742044	-0.62647086	-0.64296544	-0.081116155	0.43307033
183585280613138	-0.6265085	-0.64290553	-0.08113151	0.4331021
183585286289180	-0.6265085	-0.64290553	-0.08113151	0.4331021
183585288242044	-0.62654364	-0.6428643	-0.08118478	0.4331024
183585295742044	-0.6265792	-0.6428074	-0.08124087	0.43312475
183585303242044	-0.6266389	-0.6427091	-0.08126668	0.43317965
183585310742044	-0.62670076	-0.64259726	-0.081250615	0.43325886
183585318242044	-0.62674195	-0.6425182	-0.08120931	0.43332434
183585344030951	-0.6267489	-0.64248174	-0.0811188	0.4333852
183585355203711	-0.6267556	-0.64246154	-0.08095889	0.43343553
183585364015169	-0.6267432	-0.64248246	-0.08080126	0.43345183
183585374962513	-0.62670195	-0.6425293	-0.080662936	0.43346786
183585383045794	-0.62667525	-0.6425609	-0.08052722	0.43348476
183585363242044	-0.6266551	-0.64257836	-0.08041871	0.43350807
183585400879232	-0.62664914	-0.6425925	-0.08038741	0.4335017
183585414070013	-0.62668097	-0.6425694	-0.080381274	0.43349102
183585419274909	-0.6267252	-0.6425445	-0.080370076	0.4334661
183585393242044	-0.62675387	-0.64251524	-0.08030705	0.43347964
