179918632780060	0.4137324	0.8172371	-0.35176778	0.1928947
179918708121101	0.4137324	0.8172371	-0.35176778	0.1928947
179918757658601	0.4137324	0.8172371	-0.35176778	0.1928947
179918813616935	0.4137324	0.8172371	-0.35176778	0.1928947
179918817658601	0.4137324	0.8172371	-0.35176778	0.1928947
179918832658601	0.4137324	0.8172371	-0.35176778	0.1928947
179918847658601	0.4137324	0.8172371	-0.35176778	0.1928947
179918854307247	0.4135552	0.8173731	-0.35170045	0.19282213
179918861807247	0.43631804	0.77355796	-0.27804938	0.36595508
179918869307247	0.43800706	0.7042187	-0.20070566	0.5214818
179918905289070	0.45166197	0.70622194	-0.18955004	0.51119757
179918884307247	0.45262295	0.71799713	-0.19087726	0.49313143
179918891807247	0.44893897	0.71977776	-0.18763821	0.4951422
179918899307247	0.44659594	0.7206712	-0.18517634	0.4968851
179918906807247	0.44481674	0.72107154	-0.18303382	0.49869096
179918914307247	0.4443222	0.72125447	-0.18280505	0.49895093
179918921807247	0.44427073	0.72154886	-0.18328287	0.49839577
179918929307247	0.44421893	0.721842	-0.18372117	0.4978558
179918936807247	0.44411874	0.7221448	-0.18409261	0.4973685
179918944307247	0.4439558	0.7224997	-0.18443382	0.4968719
179918951807247	0.44372427	0.7229198	-0.1848441	0.496315
179918959307247	0.44343758	0.7234703	-0.18536878	0.4955726
179918966807247	0.44307268	0.72418267	-0.18599647	0.49462256
179918974307247	0.4426052	0.7250788	-0.18680997	0.49342027
179918981807247	0.44219163	0.7259571	-0.18757382	0.4922083
179918989307247	0.44184828	0.7267489	-0.18825135	0.49108827
179918996807247	0.4414709	0.72768986	-0.18910694	0.48970345
179919004307247	0.44119015	0.7285199	-0.18990439	0.488412
179919011807247	0.44097206	0.7291498	-0.19051148	0.48743156
179919019307247	0.44080308	0.72969276	-0.19105239	0.48655948
179919026807247	0.44074216	0.73011	-0.19153851	0.4857971
179919034307247	0.4406798	0.7305554	-0.19202591	0.48499107
179919041807247	0.44059753	0.73106766	-0.19258854	0.4840698
179919049307247	0.4405347	0.7315999	-0.19320397	0.48307663
179919056807247	0.4403336	0.7322983	-0.1939217	0.4819128
179919064307247	0.43999782	0.73323965	-0.19484998	0.48041147
179919071807247	0.43956488	0.7344486	-0.19616888	0.4784202
179919079307247	0.4391447	0.73556316	-0.19737643	0.47659343
179919086807247	0.43870452	0.73657393	-0.19847865	0.4749775
179919188053914	0.4381831	0.73765355	-0.19973288	0.4732543
179919194430216	0.4376214	0.7387758	-0.20091555	0.47151968
179919201930216	0.43706024	0.739721	-0.20202693	0.47008133
179919209430216	0.4363383	0.7408688	-0.20342866	0.46833664
179919216930216	0.43565845	0.74192375	-0.20471184	0.46673766
179919224430216	0.43498218	0.7429007	-0.20588332	0.46529686
179919231930216	0.43425342	0.7439404	-0.20703986	0.46380097
179919239430216	0.4334821	0.7450315	-0.20829584	0.46220598
179919262737924	0.4328059	0.7459146	-0.20939371	0.4609175
179919254430216	0.4322237	0.7466308	-0.21029104	0.45989448
179919261930216	0.43151787	0.7476071	-0.21139108	0.4584647
179919269430216	0.43079218	0.748717	-0.21258043	0.4567828
179919276930216	0.4300225	0.74999535	-0.21393898	0.4547722
179919284430216	0.42922407	0.75141555	-0.21538399	0.45249438
179919291930216	0.42853257	0.75261015	-0.21658538	0.45058697
179919299430216	0.427847	0.7538591	-0.2178775	0.44852284
179919335799695	0.42719713	0.7550843	-0.21916129	0.44645125
179919346388445	0.42653626	0.7563291	-0.22043693	0.444343
179919360259799	0.42573982	0.7578481	-0.22199333	0.4417361
179919368996934	0.4251235	0.7591048	-0.22326162	0.4395271
179919336930216	0.42463097	0.76016724	-0.22427168	0.43764883
179919344430216	0.42421573	0.76104236	-0.22506495	0.43612084
179919351930216	0.42381445	0.7618215	-0.22580056	0.4347683
179919359430216	0.4234238	0.7625679	-0.22653583	0.43345588
179919366930216	0.4230216	0.76331073	-0.22725497	0.43216282
179919374430216	0.4225493	0.7640909	-0.22795326	0.43087634
179919381930216	0.421984	0.7649499	-0.22875692	0.4294782
179919389430216	0.4213953	0.7658086	-0.22964802	0.42804804
179919396930216	0.42076847	0.7667053	-0.23057698	0.4265574
179919404430216	0.42007816	0.7676479	-0.23150381	0.42503777
179919411930216	0.4193422	0.7686488	-0.23253937	0.4233872
179919419430216	0.41845453	0.769883	-0.23386912	0.42128527
179919426930216	0.41744062	0.77125615	-0.2353929	0.41892424
179919434430216	0.41666588	0.7722699	-0.2364679	0.41721892
179919441930216	0.41600838	0.7731446	-0.23739958	0.41572344
179919449430216	0.4154502	0.77389395	-0.2382226	0.41441432
179919456930216	0.4149371	0.7745929	-0.23904303	0.4131485
179919464430216	0.41442862	0.77532625	-0.23993687	0.41176257
179919471930216	0.41385585	0.7761637	-0.2409482	0.41016728
179919479430216	0.41333652	0.7769969	-0.24196662	0.40851054
179919486930216	0.41282043	0.7778593	-0.24294579	0.40680653
179919494430216	0.4122645	0.7787701	-0.24393491	0.4050321
179919501930216	0.41175345	0.7796378	-0.24488038	0.40330815
179919509430216	0.41121823	0.78056365	-0.24586403	0.4014609
179919516930216	0.41062805	0.781563	-0.24694283	0.39945367
179919524430216	0.4098378	0.7828181	-0.2483173	0.39694762
179919531930216	0.40903038	0.784104	-0.2497391	0.3943419
179919632910268	0.40824547	0.78530926	-0.2511394	0.3918599
179919640410268	0.40741566	0.78645384	-0.25250876	0.3895411
179919647910268	0.40659714	0.7875894	-0.2538638	0.3872144
179919655410268	0.4058417	0.788629	-0.2550481	0.38510692
179919662910268	0.4050638	0.7896552	-0.25618166	0.3830652
179919670410268	0.40439665	0.7905382	-0.2571078	0.38132447
179919677910268	0.40369347	0.79142815	-0.25808206	0.37956133
179919685410268	0.40298912	0.79230565	-0.25907385	0.37779936
179919692910268	0.40231627	0.79312754	-0.25999552	0.37615526
179919700410268	0.40154687	0.794061	-0.26108375	0.37424937
179919707910268	0.40045014	0.7954178	-0.26273566	0.37137616
179919715410268	0.3995586	0.7965075	-0.26403907	0.36906928
179919722910268	0.39885232	0.7973651	-0.2650229	0.3672718
179919730410268	0.3982318	0.79813015	-0.26590043	0.36564544
179919737910268	0.39762053	0.7988652	-0.2667981	0.3640482
179919745410268	0.39692476	0.7997045	-0.26785377	0.3621848
179919752910268	0.39612997	0.8006581	-0.2691076	0.36001223
179919760410268	0.39521042	0.80176497	-0.2705655	0.35745794
179919767910268	0.39457783	0.80255777	-0.27158695	0.3555981
179919775410268	0.3939924	0.80326796	-0.27246475	0.35396823
179919782910268	0.3934084	0.80396575	-0.27331164	0.35237712
179919790410268	0.39280626	0.80468905	-0.27421772	0.35069013
179919797910268	0.39222994	0.8053725	-0.27514467	0.34903613
179919805410268	0.3913769	0.80631906	-0.27653876	0.34669864
179919812910268	0.39089483	0.8068992	-0.27746707	0.34514797
179919820410268	0.39038134	0.80753297	-0.2784069	0.34348598
179919827910268	0.38967356	0.80840003	-0.27955526	0.3413105
179919835410268	0.389019	0.8091988	-0.28052735	0.33936128
179919842910268	0.3882419	0.8100865	-0.2815956	0.33724174
179919850410268	0.38758266	0.8107974	-0.28246525	0.33556026
179919857910268	0.38692012	0.8114728	-0.2833896	0.33390883
179919865410268	0.38617796	0.8122114	-0.28448972	0.33203146
179919872910268	0.38539442	0.81296396	-0.2856075	0.33013493
179919880410268	0.3845775	0.81374156	-0.2867673	0.3281605
179919887910268	0.38384795	0.8144369	-0.2877233	0.32644865
179919895410268	0.38317537	0.81506044	-0.2885277	0.32496932
179919902910268	0.38257793	0.8156032	-0.2892488	0.32366753
179919910410268	0.38199493	0.8161419	-0.28995803	0.32236102
179919917910268	0.38140202	0.8166845	-0.2906792	0.3210369
179919925410268	0.38077053	0.81725293	-0.2914809	0.3196095
179919932910268	0.3800646	0.81791586	-0.29239962	0.3179106
179919940410268	0.37933764	0.8185947	-0.29333377	0.31616616
179919947910268	0.3787711	0.81909645	-0.29408914	0.3148414
179919955410268	0.37826377	0.8195665	-0.29486135	0.3135031
179920056030268	0.37777722	0.8200489	-0.29561755	0.31211266
179920063530268	0.3773136	0.82048905	-0.29624015	0.31092474
179920071030268	0.3768814	0.820934	-0.29685158	0.30968866
179920078530268	0.37639672	0.8214186	-0.29746243	0.30840412
179920086030268	0.37580463	0.82198215	-0.29825822	0.30685216
179920093530268	0.37509933	0.82262665	-0.2992195	0.30504692
179920101030268	0.3744322	0.82326066	-0.30007863	0.30330715
179920108530268	0.373791	0.823866	-0.30082154	0.30171415
179920116030268	0.37315303	0.8244608	-0.3014964	0.30020174
179920123530268	0.37262014	0.8249514	-0.302064	0.29894295
179920131030268	0.37207463	0.82544804	-0.30266336	0.29764256
179920138530268	0.37143946	0.8259936	-0.30334818	0.29622164
179920146030268	0.37089327	0.8264476	-0.3039266	0.29504424
179920153530268	0.37041304	0.8268662	-0.30437824	0.29400724
179920161030268	0.36996612	0.82724255	-0.30476436	0.29311013
179920168530268	0.36952767	0.8276093	-0.30515745	0.2922176
179920176030268	0.3690775	0.8280082	-0.3055845	0.29120862
179920183530268	0.36864078	0.8283971	-0.30598912	0.29022923
179920191030268	0.36819503	0.82883054	-0.30640468	0.289117
179920198530268	0.3676418	0.8293691	-0.30692965	0.287716
179920206030268	0.367225	0.82974964	-0.30732888	0.2867236
179920213530268	0.36687717	0.8300654	-0.3076677	0.28589022
179920221030268	0.36656746	0.83033746	-0.3079705	0.28517035
179920228530268	0.366203	0.83065486	-0.30835617	0.28429642
179920236030268	0.36568257	0.8310886	-0.30898076	0.28301772
179920243530268	0.3653039	0.8313962	-0.30944	0.2820999
179920251030268	0.36497185	0.831668	-0.3098276	0.28130206
179920313097142	0.36464092	0.8319468	-0.3102041	0.28049073
179920266030268	0.36431268	0.83223546	-0.31048948	0.27974394
179920273530268	0.3639685	0.8325472	-0.31074068	0.2789847
179920281030268	0.36346704	0.83300376	-0.31123084	0.27772647
179920288530268	0.36317724	0.83327943	-0.3114852	0.27699202
179920296030268	0.36294326	0.83348644	-0.31171456	0.2764174
179920303530268	0.3627556	0.8336512	-0.3119747	0.275873
179920311030268	0.36259457	0.83380455	-0.31227514	0.2752807
179920318530268	0.36230263	0.8340871	-0.31273055	0.27429035
179920326030268	0.36208424	0.8343404	-0.31303695	0.2734578
179920333530268	0.36190394	0.83455354	-0.31323525	0.2728181
179920341030268	0.36171848	0.83473635	-0.31342772	0.27228332
179920348530268	0.36150673	0.83492583	-0.31366193	0.27171323
179920356030268	0.36127707	0.8351216	-0.31392717	0.27111003
179920363530268	0.3609963	0.8353271	-0.31419566	0.2705391
179920371030268	0.36066732	0.8355838	-0.31451103	0.26981798
179920378530268	0.3602795	0.83589727	-0.31491166	0.26889598
179920386030268	0.3597612	0.83631843	-0.3154452	0.26765227
179920486712507	0.35929742	0.8366921	-0.31593972	0.26652175
179920494212507	0.35894576	0.8369463	-0.3163848	0.26566812
179920501712507	0.35867214	0.83715963	-0.3167911	0.26487988
179920509212507	0.3584317	0.83731824	-0.31722578	0.26418343
179920516712507	0.35821044	0.8374563	-0.31769535	0.26348078
179920524212507	0.35803115	0.83758414	-0.3180803	0.2628524
179920531712507	0.35778373	0.83776593	-0.31841454	0.2622047
179920539212507	0.35742676	0.8380355	-0.31878927	0.26137328
179920546712507	0.35708034	0.83827806	-0.31918427	0.26058573
179920554212507	0.3567227	0.8385134	-0.31958708	0.2598235
179920561712507	0.3563917	0.8387394	-0.3199253	0.25913134
179920569212507	0.3560998	0.83894056	-0.32023847	0.2584936
179920576712507	0.3558347	0.8391462	-0.32053706	0.25782016
179920584212507	0.35558626	0.83934325	-0.3208584	0.2571213
179920591712507	0.3553561	0.8395278	-0.3211801	0.2564343
179920599212507	0.3551669	0.8396526	-0.32155034	0.25582314
179920606712507	0.35495788	0.8397959	-0.32195896	0.25512797
179920614212507	0.35473862	0.8399449	-0.32237348	0.2544177
179920621712507	0.35447997	0.84012187	-0.32277933	0.2536783
179920629212507	0.35417348	0.8403445	-0.32316458	0.2528775
179920636712507	0.3539062	0.84054637	-0.32343978	0.25222793
179920644212507	0.35362917	0.8407565	-0.3237001	0.25158182
179920651712507	0.35336107	0.84095216	-0.32395437	0.25097623
179920659212507	0.35313937	0.84111553	-0.32413578	0.25050595
179920666712507	0.35290197	0.8412844	-0.32433432	0.25001633
179920674212507	0.35268447	0.8414189	-0.32457617	0.249556
179920681712507	0.35251743	0.8415255	-0.32480672	0.2491324
179920689212507	0.3523001	0.8416547	-0.32512495	0.24858749
179920696712507	0.35206273	0.8418015	-0.32546085	0.24798648
179920704212507	0.3518656	0.8419236	-0.3257681	0.24744783
179920711712507	0.3516536	0.8420262	-0.3260783	0.24699105
179920719212507	0.35146946	0.8421258	-0.3263368	0.24657191
179920726712507	0.3512753	0.8422361	-0.32657397	0.24615742
179920734212507	0.35106662	0.8423539	-0.32678246	0.24577527
179920741712507	0.3508758	0.8424798	-0.32692608	0.24542493
179920749212507	0.35068437	0.8425951	-0.32709858	0.2450725
179920756712507	0.35049093	0.84270585	-0.3272637	0.24474786
179920764212507	0.35028386	0.84281754	-0.3274118	0.24446154
179920771712507	0.3500641	0.8429239	-0.32758266	0.24418063
179920779212507	0.34982374	0.8430409	-0.3277916	0.24384034
179920786712507	0.34950605	0.84317863	-0.32813075	0.24336298
179920794212507	0.34919965	0.8433089	-0.32850754	0.2428426
179920801712507	0.348965	0.8434376	-0.3287514	0.24240267
179920809212507	0.34875724	0.84356374	-0.3289239	0.24202828
179920816712507	0.3485511	0.8436903	-0.32907054	0.24168457
179920824212507	0.34836382	0.84380215	-0.3291921	0.24139851
179920925717767	0.34811944	0.84393835	-0.32933652	0.24107762
179920933217767	0.347908	0.84403145	-0.32964888	0.2406298
179920940717767	0.347641	0.84417677	-0.32981566	0.24027711
179920948217767	0.34743115	0.8442951	-0.32994398	0.2399882
179920955717767	0.3472464	0.8444013	-0.3300751	0.23970205
179920963217767	0.34708533	0.8445032	-0.33020452	0.23939745
179920970717767	0.34695917	0.844594	-0.3303241	0.23909457
179920978217767	0.34684545	0.84468764	-0.3304339	0.2387773
179920985717767	0.34671724	0.8447815	-0.33057523	0.2384352
179920993217767	0.34654328	0.84489596	-0.330762	0.23802322
179921000717767	0.34639865	0.8449672	-0.3309645	0.23769918
179921008217767	0.34621647	0.84505427	-0.33117688	0.23735888
179921015717767	0.34598225	0.8451532	-0.33142874	0.23699656
179921023217767	0.34580132	0.84523106	-0.3315892	0.23675811
179921030717767	0.34563628	0.8453171	-0.33171752	0.23651241
179921038217767	0.3454409	0.84543	-0.33181784	0.23625365
179921045717767	0.34520534	0.8455605	-0.33193132	0.23597094
179921053217767	0.34496102	0.84570146	-0.33205274	0.2356523
179921060717767	0.34471956	0.845833	-0.3322282	0.23528582
179921068217767	0.34450257	0.84595823	-0.3324155	0.23488876
179921075717767	0.3443354	0.84609497	-0.33249524	0.23452802
179921083217767	0.34419933	0.8462155	-0.3325212	0.23425567
179921090717767	0.34408826	0.84633046	-0.33252063	0.2340044
179921098217767	0.34398013	0.84641653	-0.3325708	0.23378097
179921105717767	0.3438893	0.8464814	-0.33266357	0.23354734
179921113217767	0.34379414	0.84655833	-0.33277315	0.23325214
179921120717767	0.34366447	0.84664714	-0.33291256	0.23292221
179921128217767	0.34355882	0.84673584	-0.33297962	0.23265913
179921135717767	0.34345913	0.8468317	-0.33306104	0.23234071
179921143217767	0.34334075	0.84694546	-0.33314607	0.2319794
179921150717767	0.3432141	0.84705937	-0.33326572	0.23157835
179921158217767	0.343065	0.8471689	-0.3334441	0.23114131
179921165717767	0.34294844	0.84727347	-0.33357432	0.2307427
179921173217767	0.34284827	0.8473686	-0.33370742	0.23034939
179921180717767	0.3427781	0.8474538	-0.33379734	0.23001005
179921188217767	0.3426868	0.84751636	-0.33395013	0.22969359
179921195717767	0.34259003	0.84756064	-0.3341799	0.22934012
179921203217767	0.3424858	0.84761244	-0.3343777	0.22901596
179921210717767	0.34236136	0.8476637	-0.33456376	0.22873999
179921218217767	0.3421937	0.8477542	-0.33471337	0.2284366
179921225717767	0.3419652	0.8478729	-0.334875	0.22810121
179921233217767	0.34173778	0.8479984	-0.33499524	0.22779904
179921240717767	0.34149486	0.8481186	-0.33511353	0.22754133
179921248217767	0.3412554	0.84824115	-0.33519685	0.22732145
179921255717767	0.3410318	0.84836304	-0.33525166	0.2271209
179921263217767	0.3408098	0.8484718	-0.33531126	0.22695972
179921364089694	0.34061426	0.848568	-0.3353484	0.22683871
179921371589694	0.34055248	0.8486099	-0.3354084	0.22668603
179921379089694	0.3403514	0.84870166	-0.33548498	0.22653127
179921386589694	0.34019756	0.84877527	-0.33556527	0.22636709
179921394089694	0.3400814	0.8488509	-0.33563527	0.22615446
179921415082767	0.33998823	0.8489243	-0.33568186	0.22594973
179921409089694	0.33991873	0.8490048	-0.3357007	0.22572377
179921416589694	0.33987486	0.84908134	-0.33572814	0.22546065
179921424089694	0.33983016	0.84915215	-0.3358028	0.22515023
179921431589694	0.3397661	0.84924793	-0.33589062	0.22475441
179921439089694	0.3397163	0.84932894	-0.3359784	0.2243919
179921446589694	0.3396335	0.8494026	-0.3361147	0.22403426
179921454089694	0.3395368	0.84948754	-0.3362095	0.22371647
179921461589694	0.3394437	0.84959614	-0.336226	0.22341985
179921469089694	0.33932742	0.8497076	-0.33620363	0.22320637
179921476589694	0.33916578	0.849833	-0.33623448	0.22292818
179921484089694	0.3390151	0.8499257	-0.33630067	0.22270373
179921491589694	0.33888474	0.84999996	-0.33640745	0.22245723
179921499089694	0.3387591	0.8500766	-0.33650956	0.2222017
179921506589694	0.33863562	0.85015106	-0.3365736	0.2220075
179921514089694	0.33848715	0.8502327	-0.33661306	0.2218614
179921521589694	0.33829936	0.8503347	-0.33664036	0.2217155
179921529089694	0.33808625	0.8504603	-0.33663312	0.22157007
179921536589694	0.33789158	0.8505795	-0.3366181	0.22143188
179921544089694	0.33772707	0.8506768	-0.3366378	0.22127916
179921551589694	0.33758116	0.8507575	-0.33672312	0.22106183
179921611907194	0.3374957	0.8508087	-0.33683017	0.22083215
179921566589694	0.33744797	0.85084575	-0.3369494	0.22057965
179921574089694	0.33744037	0.85086495	-0.3370756	0.22032507
179921581589694	0.33747843	0.8508628	-0.33722413	0.22004713
179921589089694	0.33758903	0.85083026	-0.3373824	0.21976078
179921596589694	0.33770806	0.8507972	-0.33751726	0.21949862
179921604089694	0.33784348	0.8507692	-0.33763853	0.21921183
179921611589694	0.33799753	0.8507472	-0.33773005	0.21891834
179921619089694	0.33813885	0.8507516	-0.33774897	0.21865417
179921626589694	0.33819154	0.8507979	-0.33773726	0.21841004
179921634089694	0.3381926	0.8508547	-0.3377783	0.21812364
179921641589694	0.33818614	0.8508984	-0.33786783	0.21782455
179921649089694	0.33819583	0.85096693	-0.337894	0.21750093
179921656589694	0.33816698	0.8510594	-0.3378573	0.21724087
179921664089694	0.33813787	0.8511422	-0.33779645	0.21705614
179921671589694	0.33810166	0.8512431	-0.33770338	0.21686147
179921679089694	0.33804885	0.8513702	-0.33758852	0.21662372
179921686589694	0.3380354	0.8514779	-0.3374584	0.21642387
179921786770840	0.33801758	0.85158885	-0.3373583	0.21617167
179921794270840	0.3379515	0.8516311	-0.3374222	0.21600807
179921801770840	0.3379378	0.85175735	-0.33734557	0.21565145
179921809270840	0.33798444	0.8518781	-0.33724117	0.21526399
179921816770840	0.3380633	0.85200256	-0.33714822	0.21479306
179921824270840	0.33820194	0.85210997	-0.33702365	0.21434331
179921831770840	0.3384009	0.85219336	-0.33689508	0.21390003
179921839270840	0.3386348	0.8522582	-0.33677897	0.21345384
179921846770840	0.33888787	0.8523243	-0.3366619	0.2129724
179921854270840	0.33913392	0.8524271	-0.3364456	0.21251014
179921861770840	0.33934763	0.8525604	-0.33615732	0.21209022
179921869270840	0.33954173	0.85270643	-0.33587292	0.2116425
179921876770840	0.33970726	0.85286194	-0.33562785	0.21113852
179921884270840	0.33986473	0.853014	-0.33538067	0.21066292
179921891770840	0.3400265	0.85316086	-0.33510008	0.21025379
179921899270840	0.34016567	0.8533357	-0.3347901	0.20981236
179921906770840	0.34026358	0.8535423	-0.3344604	0.20933788
179921914270840	0.34032062	0.85375243	-0.3341384	0.2089027
179921921770840	0.3403577	0.8539773	-0.33381352	0.20844147
179921929270840	0.34039503	0.85419285	-0.33355242	0.20791526
179921936770840	0.3404695	0.8543832	-0.3333015	0.20741257
179921944270840	0.34057257	0.8545869	-0.33300763	0.20687567
179921951770840	0.3406901	0.85479486	-0.3327003	0.20631671
179921959270840	0.34084597	0.8550044	-0.33240408	0.20566748
179921966770840	0.34103122	0.8552036	-0.33212546	0.20498112
179921974270840	0.34124348	0.8553835	-0.33184895	0.2043235
179921981770840	0.34143862	0.8555695	-0.33154613	0.20371023
179921989270840	0.3416294	0.8557521	-0.33120358	0.20317984
179921996770840	0.3418037	0.8559639	-0.3308028	0.20264633
179922004270840	0.3419565	0.85619	-0.33036926	0.20214005
179922011770840	0.34206083	0.856436	-0.32994696	0.20161036
179922019270840	0.34213468	0.85670996	-0.32949528	0.20105939
179922026770840	0.3422181	0.85700166	-0.3290094	0.20046918
179922034270840	0.34229913	0.85727966	-0.3286011	0.19981064
179922041770840	0.3424221	0.8575251	-0.32820275	0.19920057
179922049270840	0.34257165	0.8577558	-0.32779792	0.19861609
179922056770840	0.3427179	0.8580013	-0.32736486	0.19801623
179922064270840	0.3428672	0.8582403	-0.3269307	0.19743848
179922071770840	0.34299007	0.85849726	-0.32643995	0.19691984
179922079270840	0.3431001	0.8587615	-0.32592684	0.19642486
179922086770840	0.34320432	0.85903865	-0.32536668	0.195959
179922094270840	0.34333658	0.85932326	-0.32479274	0.19543092
179922101770840	0.34347942	0.8596142	-0.32418466	0.19490936
179922109270840	0.34361815	0.8598959	-0.32358205	0.19442299
179922116770840	0.3437627	0.8601733	-0.32299703	0.19391248
179922124270840	0.34394085	0.86045307	-0.32241437	0.1933243
179922225809746	0.3441287	0.8607162	-0.32187548	0.19271582
179922233309746	0.3441089	0.8607495	-0.32185987	0.19262809
179922240809746	0.34433475	0.8609838	-0.32138604	0.19196767
179922248309746	0.34458625	0.8612132	-0.3208936	0.19130996
179922255809746	0.3448307	0.861465	-0.32035428	0.19063866
179922263309746	0.34507084	0.8617251	-0.31975588	0.19003215
179922270809746	0.34530047	0.8619845	-0.31912678	0.18949525
179922278309746	0.34552163	0.8622445	-0.31847337	0.1890082
179922285809746	0.34572774	0.8625028	-0.3178681	0.18847089
179922293309746	0.34594667	0.86274016	-0.3173104	0.1879216
179922300809746	0.34615487	0.86298066	-0.31675622	0.18736815
179922308309746	0.34636053	0.8632065	-0.31623888	0.18682078
179922315809746	0.34655282	0.8634193	-0.31577402	0.18626595
179922323309746	0.34671295	0.86361825	-0.3153918	0.18569243
179922330809746	0.34689662	0.8638213	-0.31496704	0.18512519
179922338309746	0.34711248	0.864011	-0.31452993	0.18457775
179922345809746	0.3473588	0.8641942	-0.31405455	0.18406536
179922353309746	0.34761906	0.8643644	-0.3136056	0.18353967
179922360809746	0.34787565	0.864525	-0.31317312	0.18303457
179922368309746	0.3481291	0.86468583	-0.31273556	0.18254048
179922375809746	0.3483791	0.8648687	-0.31223255	0.18205775
179922383309746	0.3486093	0.8650813	-0.31168345	0.18154709
179922390809746	0.34886658	0.86527896	-0.31115082	0.1810239
179922398309746	0.34913805	0.8654693	-0.31063947	0.18046854
179922405809746	0.34941998	0.865638	-0.3101624	0.17993301
179922413309746	0.3497039	0.8658042	-0.3096667	0.17943478
179922420809746	0.3499903	0.8659696	-0.30917016	0.17893346
179922428309746	0.35027203	0.8661494	-0.30865195	0.1784058
179922435809746	0.35056478	0.8663504	-0.30804336	0.17790613
179922443309746	0.35083407	0.8665593	-0.30743822	0.17740439
179922450809746	0.35110757	0.8667655	-0.30684343	0.17688468
179922458309746	0.35135445	0.86697596	-0.30627528	0.17634715
179922465809746	0.35158822	0.8671647	-0.30578193	0.17580836
179922473309746	0.35180157	0.86736995	-0.3052549	0.17528433
179922480809746	0.35201415	0.86756116	-0.30476925	0.17475572
179922488309746	0.35223076	0.86775935	-0.30426133	0.17421883
179922495809746	0.35245815	0.8679563	-0.3037738	0.1736277
179922503309746	0.35266975	0.8681485	-0.3033251	0.17302091
179922510809746	0.35285693	0.86835825	-0.30289468	0.17233932
179922518309746	0.35303944	0.8685761	-0.30244341	0.17165871
179922525809746	0.35321486	0.8687929	-0.3019797	0.17101587
179922616527298	0.35338572	0.86901253	-0.301507	0.17037964
179922629710839	0.35355553	0.869232	-0.30102387	0.1697611
179922638408808	0.3537262	0.86943364	-0.30058908	0.16914237
179922659087194	0.3538833	0.86966825	-0.3001369	0.1684093
179922659196517	0.3538833	0.86966825	-0.3001369	0.1684093
179922664873027	0.35386792	0.86971563	-0.30008894	0.16828237
179922673577454	0.35401285	0.8698488	-0.29978323	0.16783343
179922685518079	0.35423133	0.869999	-0.299389	0.16729665
179922687373027	0.35446012	0.8701553	-0.29895496	0.16677466
179922694873027	0.35467902	0.87029356	-0.2985721	0.1662733
179922702373027	0.35491782	0.8704168	-0.29820758	0.1657717
179922709873027	0.35515073	0.8705396	-0.2978506	0.16526923
179922717373027	0.3553556	0.8706562	-0.29754516	0.164764
179922724873027	0.35555828	0.87077546	-0.29722	0.1642825
179922749237819	0.35572955	0.8708845	-0.2969094	0.16389494
179922761741517	0.35587025	0.87100184	-0.29658234	0.1635582
179922769008600	0.35598662	0.8711525	-0.29617542	0.16323899
179922784008600	0.35617587	0.8714605	-0.2954096	0.16256893
179922769873027	0.35617587	0.8714605	-0.2954096	0.16256893
179922777373027	0.3563486	0.8717378	-0.29473513	0.16192673
179922821960631	0.35643426	0.8718601	-0.294457	0.16158521
179922830015214	0.3565071	0.8719743	-0.2941993	0.16127767
179922841854850	0.3565764	0.8720874	-0.29392898	0.16100511
179922848675319	0.3566366	0.8722009	-0.29366067	0.16074623
179922860253496	0.3566876	0.87230414	-0.29341596	0.1605194
179922868455735	0.35673553	0.87239534	-0.29318923	0.16033205
179922880144641	0.35679743	0.8724675	-0.29301536	0.16011901
179922887731516	0.356871	0.87250954	-0.2929029	0.15993185
179922895500423	0.35696366	0.8725199	-0.2928586	0.15974945
179922900335475	0.35706666	0.87251383	-0.2928306	0.15960403
179922913469433	0.3571534	0.8725095	-0.2927903	0.15950695
179922923159798	0.3572188	0.8725179	-0.2926942	0.15949121
179922934162662	0.35727432	0.8725416	-0.292507	0.15958056
179922940571360	0.35730675	0.8725857	-0.29224983	0.15973768
179922953171204	0.35731795	0.87261724	-0.29203114	0.1599406
179922961385475	0.35730642	0.87262595	-0.29187235	0.16020784
179922972287402	0.35728672	0.87258685	-0.29189342	0.16042604
179922984625839	0.3572849	0.8724849	-0.29208964	0.16062778
179922919873027	0.35728848	0.87236303	-0.29233098	0.16084275
179923001576308	0.3573001	0.87222576	-0.29262	0.16103514
179923012416725	0.35733014	0.8720694	-0.29290748	0.1612931
179923021292558	0.35737455	0.87189955	-0.29320094	0.16157933
179923031725527	0.3574322	0.8717121	-0.29349068	0.1619374
179923039758287	0.3574513	0.8715201	-0.29380032	0.16236588
179923052324225	0.3574113	0.87134904	-0.29409015	0.16284652
179923059578704	0.35734692	0.8711597	-0.294459	0.16333386
179923066216048	0.35730508	0.87090933	-0.29496554	0.16384608
179923077689746	0.35724822	0.8706181	-0.29556766	0.16443098
179923082461152	0.35717395	0.87031364	-0.29619393	0.16507643
179923093841829	0.35707936	0.86999136	-0.29685673	0.16578776
179923106174173	0.35695174	0.8696627	-0.2975644	0.16651659
179923113682350	0.35694802	0.86962116	-0.29764876	0.16659066
179923126201621	0.35678688	0.8692383	-0.29847705	0.16744956
179923134927298	0.35658666	0.86885506	-0.29931557	0.16836645
179923146178339	0.35636848	0.86844134	-0.30021125	0.16936454
179923154787766	0.3561184	0.8680156	-0.30110028	0.17049141
179923165695475	0.3558327	0.8675782	-0.30199382	0.17172927
179923158674173	0.35552263	0.867115	-0.30296424	0.17299697
179923166174173	0.35520062	0.8665951	-0.30406693	0.17432396
179923173674173	0.35482937	0.8660605	-0.30520692	0.17573886
179923181174173	0.35438094	0.8655217	-0.30637965	0.17725109
179923188674173	0.35387793	0.8649852	-0.3075525	0.17883632
179923196174173	0.3533184	0.864471	-0.3086873	0.18046667
179923203674173	0.35273755	0.8639798	-0.30976412	0.18210255
179923211174173	0.35210624	0.863505	-0.3108297	0.18375352
179923218674173	0.35144684	0.8630236	-0.31192118	0.18542045
179923226174173	0.35079876	0.86250865	-0.3130492	0.18713465
179923233674173	0.3501451	0.8619598	-0.31426188	0.18884736
179923241174173	0.34950396	0.86135584	-0.3155563	0.19062382
179923248674173	0.3488584	0.8607184	-0.31690255	0.19244349
179923256174173	0.34819758	0.86006004	-0.3182762	0.19430795
179923263674173	0.34752902	0.8593871	-0.31964886	0.1962192
179923271174173	0.34686497	0.8586746	-0.3210826	0.19816306
179923278674173	0.34619215	0.8579143	-0.32257703	0.20019495
179923286174173	0.34550202	0.85710955	-0.32417753	0.20223922
179923293674173	0.34474143	0.8562898	-0.32581723	0.20436302
179923301174173	0.3438702	0.8554546	-0.32756552	0.20652251
179923308674173	0.34288448	0.85459423	-0.32941505	0.20876956
179923316174173	0.34180596	0.85369956	-0.33136788	0.21109535
179923323674173	0.34066325	0.8527417	-0.3334703	0.21348952
179923331174173	0.3394947	0.85171807	-0.33567646	0.21596526
179923338674173	0.33830616	0.8506437	-0.3379213	0.21854842
179923346174173	0.3366668	0.849013	-0.3414877	0.2218526
179923353674173	0.33548936	0.8476365	-0.34434018	0.22447541
179923361174173	0.3338751	0.84691954	-0.3458407	0.22726418
179923368674173	0.33225137	0.84636796	-0.34683433	0.23016605
179923376174173	0.3308803	0.8455831	-0.34848726	0.232517
179923383674173	0.32972416	0.84466606	-0.3503772	0.23464227
179923391174173	0.32844946	0.84375906	-0.35243723	0.23660016
179923398674173	0.32734707	0.84265006	-0.35463944	0.23877995
179923406174173	0.32627538	0.8415559	-0.35671368	0.24100496
179923497517402	0.3252345	0.84053785	-0.3585716	0.24319763
179923508246672	0.3242325	0.83952224	-0.36040428	0.24532504
179923428674173	0.32323873	0.8384578	-0.3623374	0.24742033
179923436174173	0.32222724	0.83738524	-0.3643101	0.24946702
179923536628443	0.32121643	0.8363132	-0.36627692	0.25147873
179923544128443	0.32123387	0.8363738	-0.36617652	0.25140104
179923554353131	0.32020098	0.8352998	-0.36808515	0.2534938
179923559128443	0.3191446	0.834233	-0.36991847	0.2556606
179923566628443	0.31807908	0.833176	-0.3717062	0.25783327
179923574128443	0.31702003	0.83211046	-0.37348038	0.2600058
179923581628443	0.31594062	0.8310377	-0.37527084	0.26216337
179923589128443	0.31484187	0.8299417	-0.37716836	0.26422617
179923596628443	0.3137593	0.82885677	-0.37908643	0.26616734
179923604128443	0.31264818	0.8278279	-0.38088995	0.26809517
179923611628443	0.3115048	0.82683504	-0.3826003	0.27004752
179923619128443	0.31035355	0.82588553	-0.38424024	0.2719434
179923626628443	0.30921683	0.82497966	-0.38574404	0.27385223
179923634128443	0.3080709	0.82410413	-0.3872003	0.2757185
179923641628443	0.3069864	0.8232208	-0.38865864	0.27750945
179923681623287	0.30591246	0.8223922	-0.38998112	0.27929074
179923690775006	0.30483305	0.8216207	-0.39116988	0.28107378
179923700853079	0.3037615	0.8208686	-0.39231682	0.28282687
179923708288704	0.30271497	0.82012767	-0.39345384	0.28451452
179923679128443	0.30167845	0.8194139	-0.39453712	0.2861667
179923729928808	0.29863605	0.81749785	-0.3975717	0.29060394
179923709128443	0.29863605	0.81749785	-0.3975717	0.29060394
179923716628443	0.2977148	0.81694007	-0.3984578	0.29190093
179923724128443	0.296813	0.8164095	-0.39928558	0.29316977
179923731628443	0.2950743	0.8153984	-0.400843	0.29560375
179923801359589	0.29339945	0.81463337	-0.4018366	0.29802132
179923754128443	0.29339945	0.81463337	-0.4018366	0.29802132
179923761628443	0.2925375	0.8142872	-0.40232554	0.29915258
179923769128443	0.29171225	0.8139581	-0.40277657	0.30024523
179923776628443	0.29087046	0.81367135	-0.4031816	0.3012942
179923784128443	0.29001674	0.8133982	-0.40360266	0.30228898
179923791628443	0.28920904	0.81312275	-0.40404138	0.30321628
179923799128443	0.28843895	0.81284785	-0.40445024	0.30414015
179923875170162	0.28694728	0.8123058	-0.4052526	0.3059263
179923814128443	0.28694728	0.8123058	-0.4052526	0.3059263
179923821628443	0.285694	0.81175715	-0.4060636	0.3074764
179923909414068	0.28513303	0.8114963	-0.40640622	0.30823195
179923913489224	0.28463927	0.8112598	-0.40666497	0.3089686
179923844128443	0.2841357	0.8110632	-0.40684292	0.30971348
179923932908235	0.28362945	0.81090903	-0.4069211	0.3104772
179923947908235	0.2831337	0.8107946	-0.40697652	0.31115544
179923953229172	0.28264305	0.8106403	-0.40716183	0.31176043
179923965724797	0.28222886	0.8104619	-0.4074071	0.31227836
179923978197089	0.28192896	0.8102946	-0.40760574	0.312724
179923986711516	0.2818723	0.8101191	-0.40784657	0.31291556
179923995892766	0.28158486	0.81001097	-0.4079476	0.3133228
179924008007349	0.281308	0.80989885	-0.40806067	0.3137136
179924008197089	0.28104794	0.8098392	-0.40808442	0.31406978
179924015697089	0.28077874	0.80982536	-0.4080612	0.314376
179924023197089	0.28054833	0.80979943	-0.40810046	0.31459722
179924030697089	0.28035206	0.8097717	-0.40816998	0.3147535
179924038197089	0.28016734	0.80972886	-0.4082804	0.3148847
179924064286360	0.28007364	0.80972	-0.4082971	0.3149696
179924053197089	0.27996987	0.8097361	-0.40819618	0.31515092
179924060697089	0.27986252	0.8097908	-0.4079995	0.31536052
179924068197089	0.2797548	0.8098666	-0.40773115	0.31560847
179924075697089	0.27965403	0.8099354	-0.4074599	0.31587124
179924083197089	0.27958983	0.8100063	-0.4071813	0.31610563
179924090697089	0.27948365	0.8100747	-0.4069222	0.3163577
179924098197089	0.2793866	0.8101504	-0.40664858	0.31660157
179924105697089	0.2793165	0.8101777	-0.40642098	0.3168857
179924113197089	0.27926764	0.8101886	-0.40622756	0.3171485
179924120697089	0.2792448	0.81009465	-0.40619504	0.31745026
179924128197089	0.27926978	0.81000227	-0.40620223	0.31765476
179924135697089	0.27930167	0.8098273	-0.40630475	0.3179413
179924143197089	0.27931204	0.8097639	-0.4062804	0.31812474
179924150697089	0.27930173	0.8097817	-0.40614742	0.31825852
179924158197089	0.27931058	0.8098471	-0.40592876	0.31836328
179924215621412	0.2793361	0.80993265	-0.4056331	0.31849986
179924227329172	0.27930996	0.81004727	-0.40532306	0.3186261
179924234991203	0.2792851	0.810161	-0.40512723	0.3186079
179924245700162	0.2792821	0.8102397	-0.40501478	0.31855348
179924252281985	0.2792915	0.8103133	-0.40491098	0.31848994
179924263956203	0.27928168	0.8104024	-0.404746	0.3184814
179924272134276	0.2792402	0.81051964	-0.4045314	0.31849235
179924281570631	0.27920485	0.8106191	-0.4043153	0.31854427
179924290127037	0.27917406	0.81066036	-0.40414342	0.31868425
179924301720422	0.2791237	0.8107366	-0.40398002	0.31874174
179924306257089	0.2791297	0.81081074	-0.40384153	0.3187234
179924318143287	0.27920133	0.81085765	-0.4037288	0.31868416
179924331448651	0.27928194	0.8109066	-0.40362003	0.31862655
179924340223964	0.27938527	0.8109464	-0.40348953	0.31860036
179924347926308	0.27945578	0.8109945	-0.40333277	0.31861418
179924359799953	0.27953267	0.81103665	-0.40318313	0.3186293
179924370539537	0.2796112	0.8110642	-0.40309712	0.31859902
179924409361308	0.2797716	0.81058484	-0.40342987	0.3192562
179924409529016	0.2797716	0.81058484	-0.40342987	0.3192562
179924409609120	0.2797716	0.81058484	-0.40342987	0.3192562
179924415233912	0.2797513	0.8104279	-0.40360263	0.3194537
179924427589068	0.27982268	0.8103997	-0.40361235	0.3194507
179924435624797	0.27993944	0.8104009	-0.40358952	0.31937394
179924446687922	0.28005305	0.8103825	-0.403579	0.31933454
179924453450526	0.280114	0.81037885	-0.40359387	0.3192715
179924452869745	0.28016403	0.8103686	-0.40368408	0.31913963
179924474608599	0.28024995	0.81031793	-0.40383956	0.31899622
179924479143339	0.28034532	0.81028265	-0.40397203	0.31883422
179924493060474	0.28038353	0.8102759	-0.40404937	0.31871966
179924501968391	0.28038815	0.8102834	-0.40415424	0.3185634
179924513103651	0.28039587	0.8102659	-0.40430468	0.3184105
179924522055578	0.2803894	0.810225	-0.40449685	0.3182761
179924532663391	0.2804047	0.8101744	-0.40471432	0.31811458
179924540619901	0.28045145	0.81013393	-0.40490374	0.31793547
179924551521151	0.28046867	0.8100832	-0.40509525	0.3178059
179924559287037	0.28045037	0.81003517	-0.4052955	0.31768873
179924572104433	0.28039128	0.8099826	-0.40545493	0.31767178
179924587104433	0.2800481	0.81003565	-0.40563238	0.3176125
179924565369745	0.2800481	0.81003565	-0.40563238	0.3176125
179924572869745	0.27996242	0.8100364	-0.40563858	0.31767842
179924580369745	0.2798645	0.81004274	-0.40564865	0.3177355
179924587869745	0.27977312	0.8100318	-0.40570065	0.31777766
179924595369745	0.27968884	0.8100201	-0.4057492	0.3178193
179924602869745	0.27959436	0.81001407	-0.4057851	0.3178722
179924610369745	0.27950042	0.80999273	-0.40582997	0.31795165
179924617869745	0.2794632	0.80995816	-0.40589	0.31799564
179924625369745	0.27944854	0.8099357	-0.40595382	0.31798476
179924632869745	0.27945045	0.80988634	-0.40607274	0.31795657
179924640369745	0.27946883	0.8098701	-0.40611154	0.3179325
179924712721203	0.27950117	0.80984277	-0.40616614	0.31790394
179924724644068	0.27952683	0.80982745	-0.40622142	0.31784979
179924732068287	0.27953637	0.80981636	-0.40627947	0.31779543
179924742811099	0.2795206	0.809795	-0.40634993	0.31777367
179924752139276	0.2794847	0.80980265	-0.40641806	0.3176986
179924759881672	0.27948904	0.80983436	-0.40642783	0.31760144
179924771238495	0.2794585	0.80987257	-0.40644932	0.31750345
179924807505109	0.2793909	0.809744	-0.4066525	0.31763044
179924807667505	0.2793909	0.809744	-0.4066525	0.31763044
179924807739120	0.2793909	0.809744	-0.4066525	0.31763044
179924812781776	0.2793614	0.8096845	-0.40674034	0.31769598
179924825361620	0.27923822	0.8096718	-0.40682518	0.3177275
179924835660474	0.27910876	0.8096825	-0.4069239	0.31768805
179924846869797	0.27897254	0.8096906	-0.407061	0.3176113
179924855699693	0.27885497	0.809655	-0.40722838	0.3175904
179924865600057	0.27874634	0.8096324	-0.40735707	0.31757873
179924876725682	0.27863386	0.80962163	-0.40746254	0.31756935
179924891725682	0.2783918	0.8097136	-0.40754616	0.31743988
179924880414745	0.2783918	0.8097136	-0.40754616	0.31743988
179924887914745	0.2782414	0.8097746	-0.40758318	0.3173688
179924895414745	0.2781164	0.8098167	-0.40767017	0.3172587
179924902914745	0.2779982	0.8098548	-0.40776446	0.31714392
179924910414745	0.2778826	0.8099022	-0.4078233	0.31704903
179924917914745	0.27780524	0.80993235	-0.40786034	0.31699175
179924925414745	0.27775338	0.8099568	-0.40784872	0.31698972
179924932914745	0.2776799	0.81002235	-0.40776935	0.31698874
179924940414745	0.2774946	0.8101362	-0.4076818	0.3169728
179924993549953	0.27737397	0.8102078	-0.4076253	0.31696814
179924962914745	0.27737397	0.8102078	-0.4076253	0.31696814
179924970414745	0.2773495	0.810247	-0.407569	0.31696165
179924977914745	0.27731952	0.8102658	-0.40753278	0.3169862
179924985414745	0.27727777	0.8102606	-0.40756235	0.31699806
179924992914745	0.277258	0.8102343	-0.4076334	0.3169913
179925000414745	0.27725482	0.81020695	-0.40772405	0.31694707
179925007914745	0.2772978	0.8101763	-0.4079219	0.31673354
179925015414745	0.27737087	0.81017584	-0.40798023	0.31659523
179925022914745	0.27742592	0.81018794	-0.40799722	0.31649455
179925030414745	0.27750117	0.81019497	-0.40800434	0.31640103
179925037914745	0.27753407	0.8101845	-0.40805164	0.3163381
179925045414745	0.27756032	0.8101758	-0.40809104	0.3162866
179925125542245	0.27752018	0.81019557	-0.40813863	0.3162097
179925132165474	0.2774965	0.81019557	-0.40819976	0.3161518
179925141481984	0.2775148	0.8101828	-0.4082029	0.31616414
179925150539120	0.277489	0.8101773	-0.40817317	0.31623915
179925082914745	0.27739963	0.8101825	-0.40815753	0.3163246
179925090414745	0.27728063	0.8101774	-0.40821174	0.31637213
179925176882661	0.27717996	0.81015843	-0.408298	0.31639758
179925187303286	0.2770772	0.8101171	-0.40842402	0.31643078
179925197258599	0.27700144	0.8100514	-0.40858608	0.3164559
179925208280734	0.27696115	0.80999917	-0.40870082	0.31647673
179925218514641	0.2769545	0.80994457	-0.4088156	0.31647417
179925229352453	0.27698305	0.8098852	-0.4089089	0.31648025
179925240160109	0.27699015	0.8098474	-0.40893823	0.31653327
179925246462036	0.27701375	0.80981165	-0.4090035	0.3165195
179925259134536	0.27703407	0.8097787	-0.40906525	0.3165066
179925267153130	0.27703744	0.8097937	-0.40905228	0.31648183
179925279413547	0.27701938	0.8098258	-0.40903336	0.31644002
179925284574797	0.2770258	0.809839	-0.40904194	0.31638914
179925295087193	0.2770562	0.8098533	-0.4090427	0.31632528
179925307179016	0.2770541	0.8098625	-0.4090379	0.31630954
179925296852453	0.27703497	0.80987597	-0.40902615	0.31630737
179925323154536	0.27701503	0.80987614	-0.40905318	0.31628937
179925331987974	0.27697852	0.80990875	-0.4090533	0.31623724
179925343370422	0.27694866	0.80995405	-0.40906173	0.31613696
179925352233807	0.27691272	0.8099967	-0.40908393	0.31603
179925362237870	0.27686968	0.8100173	-0.40916258	0.3159132
179925367425578	0.27687404	0.8100287	-0.40922225	0.31580338
179925382425578	0.2768613	0.8100349	-0.40926906	0.3157374
179925389116568	0.27685618	0.81002295	-0.40931317	0.3157156
179925402951359	0.27683744	0.8100411	-0.4093046	0.3156962
179925410623599	0.27679285	0.8100764	-0.40923637	0.3157336
179925423059224	0.27671787	0.8101235	-0.4092171	0.31570315
179925431746411	0.2766551	0.81013966	-0.40924186	0.31568477
179925439135578	0.27661183	0.8101227	-0.40934792	0.3156283
179925451546203	0.27657408	0.8101061	-0.40946472	0.315553
179925458061203	0.2765077	0.81011605	-0.4095549	0.31546816
179925470799536	0.27642104	0.81014645	-0.40961415	0.3153896
179925478184745	0.27636907	0.8101783	-0.40964055	0.31531876
179925488448182	0.27632812	0.8102106	-0.4096216	0.31529626
179925503448182	0.276235	0.810258	-0.4096375	0.31523547
179925454352453	0.27619275	0.8102704	-0.40968442	0.31517947
179925524678026	0.27614304	0.8102609	-0.4097234	0.31519687
179925532410838	0.27609047	0.81028235	-0.40972814	0.31518152
179925540948703	0.27603605	0.8103202	-0.40973863	0.31511837
179925553325838	0.27600476	0.81036556	-0.40970927	0.3150674
179925559819849	0.27598372	0.8104263	-0.40962982	0.31503284
179925573372453	0.2759696	0.8104623	-0.40961507	0.31497183
179925506852453	0.27598277	0.81044924	-0.40961275	0.31499693
179925592032297	0.27598703	0.810455	-0.40955642	0.3150516
179925603254120	0.27597216	0.8104834	-0.40949485	0.31507158
179925612451568	0.2759324	0.8105341	-0.40940335	0.31509477
179925621740578	0.27588758	0.81058383	-0.4093256	0.31510726
179925629631932	0.2758726	0.8106112	-0.40927222	0.31511915
179925642507974	0.27586362	0.81064737	-0.40922213	0.3150987
179925650004328	0.27584425	0.8106925	-0.40918222	0.31505182
179925661755526	0.27582675	0.81074244	-0.40914607	0.31498557
179925669255526	0.2757862	0.8107283	-0.409209	0.31497565
179925678293859	0.275809	0.8107431	-0.4092043	0.31492344
179925685910786	0.27587605	0.8107441	-0.40923187	0.3148267
179925696331047	0.27597988	0.81074023	-0.40925908	0.31470987
179925705047088	0.27605367	0.8107692	-0.40925363	0.3145781
179925706755526	0.27610418	0.810809	-0.40924972	0.31443578
179925722883495	0.27615047	0.8108456	-0.40923756	0.31431693
179925735096880	0.27616197	0.81089085	-0.40923265	0.31419617
179925744158651	0.27614334	0.8109463	-0.40921822	0.31408826
179925755277609	0.27612257	0.81097674	-0.40924603	0.31399158
179925763372401	0.27609935	0.81098336	-0.4093041	0.31391957
179925775491672	0.2760746	0.8110064	-0.4093435	0.31383014
179925790491672	0.27603817	0.8110564	-0.4094062	0.31365117
179925774255526	0.27603817	0.8110564	-0.4094062	0.31365117
179925781755526	0.27605447	0.8110768	-0.40943214	0.31355017
179925789255526	0.27610868	0.81107503	-0.40946218	0.31346783
179925796755526	0.27615795	0.81106406	-0.40948913	0.31341776
179925804255526	0.2761788	0.8110596	-0.409461	0.31344774
179925811755526	0.2761705	0.811077	-0.40939513	0.3134957
179925819255526	0.27609333	0.8111471	-0.4092994	0.31350753
179925826755526	0.27596378	0.81121975	-0.40925243	0.31349468
179925834255526	0.27586493	0.8112819	-0.40923664	0.3134418
179925841755526	0.275752	0.81132835	-0.40927374	0.31337225
179925849255526	0.2756323	0.81138605	-0.40929347	0.31330246
179925899572817	0.27538696	0.81155944	-0.40921322	0.31317386
179925864255526	0.27538696	0.81155944	-0.40921322	0.31317386
179925871755526	0.27525422	0.81172293	-0.4090217	0.31311727
179925879255526	0.27505228	0.81189483	-0.4088279	0.31310186
179925886755526	0.27482972	0.81205004	-0.40869263	0.3130716
179925894255526	0.27464437	0.81218034	-0.40859768	0.3130202
179925901755526	0.27447653	0.8122988	-0.40850538	0.3129802
179925909255526	0.27427506	0.8124238	-0.40839314	0.31297907
179925916755526	0.27406752	0.8125663	-0.4082447	0.31298456
179925991222453	0.27352768	0.812948	-0.4078391	0.3129945
179925931755526	0.27352768	0.812948	-0.4078391	0.3129945
179925939255526	0.27324906	0.81313616	-0.4076906	0.31294218
179925946755526	0.27301568	0.81328875	-0.40761766	0.31284475
179926029449588	0.2725846	0.8135719	-0.40752372	0.31260696
179925961755526	0.2725846	0.8135719	-0.40752372	0.31260696
179925969255526	0.27207997	0.813948	-0.40733862	0.3123085
179926058242765	0.27179983	0.8141634	-0.40727082	0.3120793
179926066228911	0.27152413	0.81437856	-0.40722024	0.31182364
179926080767557	0.27122423	0.814612	-0.40713382	0.31158757
179926087679849	0.2709119	0.81484306	-0.4070261	0.31139556
179926006755526	0.27057683	0.81508	-0.4069186	0.31120762
179926107925109	0.2702574	0.81530935	-0.40677863	0.31106716
179926115425109	0.27033398	0.81531525	-0.4066757	0.31111988
