183269999961029	6.9248285	-3.050849	-5.910272
183270027848842	6.8985076	-3.0388846	-5.9318075
183270034879206	6.8865438	-3.0317063	-5.9437714
183270105607227	6.876972	-3.0293136	-5.9150577
183270115775769	6.8339014	-3.129812	-5.8887367
183270130775769	6.812366	-3.1800613	-5.8767724
183270145775769	6.869794	-3.1369905	-5.907879
183270160775769	6.8602223	-3.1082766	-5.9653068
183270175775769	6.879365	-3.2207394	-5.9916277
183270190775769	6.8650084	-3.3092737	-6.0227346
183270205775769	6.8913293	-3.290131	-6.0251274
183270220775769	6.903293	-3.2614172	-6.053841
183270229083217	6.8817577	-3.3547373	-6.0490556
183270239250144	6.8578296	-3.4456646	-6.053841
183270246726290	6.853044	-3.385844	-6.046663
183270259301967	6.8339014	-3.347559	-6.029913
183270270642904	6.7429743	-3.2997024	-5.994021
183270280687696	6.6711893	-3.2949169	-6.0323057
183270292237123	6.6329045	-3.2805598	-5.9820566
183270299911029	6.647261	-3.3260236	-5.946164
183270310419883	6.762117	-3.2327034	-5.9007006
183270320631342	6.977471	-2.9312077	-5.7547383
183270330080404	7.0636125	-2.7206392	-5.680561
183270337598946	7.066005	-2.507678	-5.656633
183270343979519	7.02772	-2.3425734	-5.666204
183270356135196	6.9344	-2.4622145	-5.7523456
183270361812852	6.867401	-2.6536403	-5.8504515
183270376812852	6.8410797	-2.8426733	-5.9150577
183270384182644	6.8243303	-2.9982069	-5.936593
183270394103008	6.8506513	-3.1106694	-5.9437714
183270405124415	6.8602223	-3.1800613	-5.953343
183270414192748	6.853044	-3.2733815	-5.871987
183270426614311	6.9009004	-3.4504502	-5.800202
183270434122019	6.9559355	-3.4408789	-5.721239
183270446536446	6.9583282	-3.211168	-5.733203
183270454134727	6.9894347	-3.0915267	-5.680561
183270462953685	6.9702926	-2.8785655	-5.6327047
183270474339727	6.903293	-3.1561332	-5.6853466
183270482218269	6.838687	-3.4217365	-5.6590257
183270522844258	6.8410797	-4.005585	-5.907879
183270523009883	6.946364	-3.9481573	-5.9916277
183270523087540	6.9726853	-3.9050865	-5.95095
183270529857852	6.896115	-3.845266	-5.828916
183270539216290	6.786045	-3.830909	-5.7379885
183270544983946	6.6855464	-3.888337	-5.709275
183270552483946	6.647261	-3.912265	-5.65424
183270568133842	6.7022963	-3.751946	-5.6877394
183270574983946	6.795616	-3.6681972	-5.6877394
183270590301498	6.8650084	-3.6275191	-5.6590257
183270589983946	6.8482585	-3.8380876	-5.6614184
183270597483946	6.8410797	-4.0534415	-5.6709895
183270604983946	6.8650084	-4.048656	-5.6733823
183270612483946	6.910472	-3.8811584	-5.6350975
183270619983946	6.943971	-3.6897326	-5.6470613
183270627483946	6.9894347	-3.5533416	-5.6279187
183270634983946	6.9990063	-3.4672	-5.6279187
183270642483946	6.9678993	-3.397808	-5.5896335
183270649983946	6.91765	-3.3882368	-5.704489
183270657483946	6.910472	-3.4432719	-5.7451673
183270664983946	6.91765	-3.4839497	-5.7523456
183270709620196	6.8602223	-3.507878	-5.759524
183270679983946	6.802795	-3.5294135	-5.804988
183270687483946	6.800402	-3.5413775	-5.788238
183270694983946	6.769295	-3.6083765	-5.802595
183270702483946	6.7118673	-3.615555	-5.802595
183270709983946	6.6687965	-3.6729827	-5.831309
183270717483946	6.690332	-3.6251264	-5.831309
183270724983946	6.664011	-3.5772698	-5.804988
183270732483946	6.6568327	-3.5509489	-5.8217373
183270739983946	6.6831536	-3.548556	-5.828916
183270747483946	6.7022963	-3.5700915	-5.855237
183270754983946	6.7238317	-3.546163	-5.831309
183270825644467	6.7740808	-3.4504502	-5.8265233
183270835396758	6.7836523	-3.4049866	-5.8504515
183270777483946	6.7932234	-3.4169507	-5.8241305
183270784983946	6.7836523	-3.3930225	-5.8073807
183270792483946	6.7645097	-3.3810585	-5.800202
183270799983946	6.7812595	-3.4073794	-5.8337016
183270807483946	6.812366	-3.4241292	-5.8911295
183270814983946	6.8075805	-3.4121652	-5.8600225
183270822483946	6.7645097	-3.5437703	-5.85763
183270829983946	6.7094746	-3.6394832	-5.8600225
183270837483946	6.6999035	-3.7878382	-5.852844
183270844983946	6.647261	-3.8213377	-5.8265233
183270852483946	6.6257257	-3.8333018	-5.759524
183270952560144	6.6089764	-3.8835511	-5.7523456
183270960060144	6.6305118	-3.8931224	-5.7427745
183270967560144	6.7094746	-3.8811584	-5.749953
183270975060144	6.7836523	-3.7591243	-5.8097734
183270992509779	6.8315086	-3.65384	-5.7810597
183271000817227	6.853044	-3.5772698	-5.733203
183271011584883	6.8315086	-3.644269	-5.6733823
183271005060144	6.7908306	-3.723232	-5.7116675
183271012560144	6.778867	-3.6897326	-5.7355957
183271020060144	6.759724	-3.694518	-5.692525
183271027560144	6.8219376	-3.6394832	-5.663811
183271035060144	6.8315086	-3.574877	-5.690132
183271042560144	6.867401	-3.4791641	-5.6709895
183271072496029	6.867401	-3.4719856	-5.680561
183271087496029	6.795616	-3.5605202	-5.716453
183271065060144	6.759724	-3.6658044	-5.773881
183271072560144	6.786045	-3.7040894	-5.773881
183271080060144	6.802795	-3.6897326	-5.716453
183271087560144	6.8099732	-3.694518	-5.7116675
183271095060144	6.8243303	-3.6394832	-5.7547383
183271102560144	6.74776	-3.591627	-5.7810597
183271110060144	6.6831536	-3.5653057	-5.7786665
183271117560144	6.680761	-3.6011982	-5.76431
183271125060144	6.7238317	-3.6394832	-5.7667027
183271132560144	6.74776	-3.6466618	-5.7930236
183271140060144	6.838687	-3.6394832	-5.771488
183271147560144	6.8219376	-3.6490545	-5.7355957
183271155060144	6.788438	-3.6514473	-5.723632
183271162560144	6.7645097	-3.629912	-5.7451673
183271170060144	6.7932234	-3.6514473	-5.76431
183271177560144	6.829116	-3.656233	-5.7690954
183271185060144	6.7932234	-3.6873398	-5.7834525
183271192560144	6.7908306	-3.656233	-5.759524
183271200060144	6.759724	-3.615555	-5.749953
183271207560144	6.728617	-3.5892339	-5.7786665
183271215060144	6.7118673	-3.615555	-5.802595
183271222560144	6.759724	-3.6346977	-5.759524
183271230060144	6.8219376	-3.5940197	-5.7786665
183271237560144	6.7932234	-3.6131623	-5.773881
183271245060144	6.73101	-3.6849468	-5.74756
183271356581914	6.6759753	-3.7615173	-5.733203
183271364081914	6.7094746	-3.790231	-5.7762737
183271371581914	6.788438	-3.792624	-5.7786665
183271379081914	6.843473	-3.8261235	-5.788238
183271381719154	6.8099732	-3.8548372	-5.790631
183271389219154	6.8075805	-3.8333018	-5.771488
183271392004987	6.8171515	-3.8380876	-5.7523456
183271399504987	6.802795	-3.940979	-5.76431
183271407004987	6.7740808	-3.952943	-5.7834525
183271414504987	6.800402	-3.938586	-5.845666
183271422004987	6.869794	-3.8356948	-5.84088
183271429504987	6.91765	-3.7710886	-5.757131
183271437004987	6.9894347	-3.6634114	-5.6757755
183271444504987	7.015756	-3.5581272	-5.663811
183271452004987	7.0085773	-3.4695928	-5.6183476
183271459504987	7.018149	-3.3930225	-5.5106707
183271467004987	6.987042	-3.397808	-5.465207
183271498335143	6.948757	-3.4432719	-5.45085
183271511035091	6.9128647	-3.5102708	-5.503492
183271517497591	6.910472	-3.5533416	-5.5250273
183271529418477	6.9344	-3.5198421	-5.56092
183271538221758	6.9320073	-3.4648073	-5.601598
183271512004987	6.9655066	-3.5270207	-5.5920267
183271519504987	7.01097	-3.6131623	-5.54417
183271527004987	7.0636125	-3.749553	-5.556134
183271534504987	7.1186476	-3.859623	-5.5537415
183271542004987	7.1306114	-3.859623	-5.548956
183271549504987	7.109076	-3.7878382	-5.5537415
183271557004987	7.085148	-3.7160535	-5.4963136
183271564504987	7.04447	-3.7328033	-5.477171
183271572004987	6.9990063	-3.7471602	-5.4676
183271579504987	6.9678993	-3.76391	-5.4125648
183271587004987	6.975078	-3.7758741	-5.386244
183271594504987	7.018149	-3.7304106	-5.3647084
183271602004987	7.051648	-3.6658044	-5.352744
183271609504987	7.0372915	-3.6107693	-5.367101
183271617004987	7.0325055	-3.6107693	-5.367101
183271624504987	6.991828	-3.615555	-5.3240304
183271632004987	6.9726853	-3.6323047	-5.343173
183271639504987	6.963114	-3.6921253	-5.352744
183271647004987	6.963114	-3.7686956	-5.3814583
183271654504987	6.9726853	-3.7806597	-5.383851
183271738061341	7.0061846	-3.8285162	-5.4125648
183271669504987	7.003792	-3.8165522	-5.4388857
183271677004987	6.9798636	-3.7615173	-5.4843497
183271684504987	6.9726853	-3.778267	-5.4723854
183271692004987	6.963114	-3.778267	-5.501099
183271699504987	6.9678993	-3.8141594	-5.474778
183271707004987	7.025327	-3.8213377	-5.4388857
183271714504987	7.02772	-3.8572302	-5.3718867
183271722004987	6.991828	-3.8907297	-5.345566
183271823347070	6.9702926	-3.897908	-5.326423
183271830847070	6.975078	-3.8404803	-5.3072805
183271838347070	7.0301127	-3.7591243	-5.2737813
183271845847070	7.058827	-3.7016966	-5.252246
183271853347070	7.1138616	-3.6729827	-5.206782
183271860847070	7.1186476	-3.67059	-5.1661043
183271868347070	7.1210403	-3.7160535	-5.13739
183271875847070	7.125826	-3.792624	-5.113462
183271883347070	7.1449685	-3.8093736	-5.1014977
183271890847070	7.1569324	-3.7830527	-5.127819
183271898347070	7.1808605	-3.7878382	-5.1732826
183271905847070	7.245467	-3.845266	-5.180461
183271913347070	7.2358956	-3.859623	-5.1732826
183271920847070	7.257431	-3.8404803	-5.1421757
183271928347070	7.2693954	-3.8213377	-5.1158547
183271935847070	7.233503	-3.8165522	-5.1349974
183271943347070	7.2382884	-3.8237305	-5.1086764
183271950847070	7.2382884	-3.778267	-5.087141
183271958347070	7.245467	-3.804588	-5.0799623
183271965847070	7.243074	-3.7950168	-5.089534
183271973347070	7.2358956	-3.802195	-5.063213
183271980847070	7.1808605	-3.7950168	-5.056034
183271988347070	7.1688967	-3.792624	-5.056034
183271995847070	7.204789	-3.7734814	-5.0536413
183272003347070	7.259824	-3.749553	-5.0344987
183272010847070	7.2526455	-3.7710886	-5.0344987
183272018347070	7.2119675	-3.8117664	-4.9938207
183272025847070	7.23111	-3.8835511	-4.9603214
183272033347070	7.2215385	-3.8333018	-4.962714
183272040847070	7.243074	-3.802195	-4.914858
183272048347070	7.298109	-3.8165522	-4.9172506
183272055847070	7.3196445	-3.845266	-4.912465
183272063347070	7.3196445	-3.8811584	-4.8933225
183272070847070	7.288538	-3.8668015	-4.900501
183272078347070	7.30768	-3.8668015	-4.8765726
183272186035560	7.331609	-3.8476589	-4.8765726
183272186962383	7.3268228	-3.8333018	-4.8502517
183272197959466	7.350751	-3.7758741	-4.8454657
183272201848841	7.3770723	-3.7878382	-4.802395
183272201929310	7.348358	-3.8093736	-4.7832522
183272206304570	7.2909307	-3.7710886	-4.7976093
183272217319362	7.274181	-3.723232	-4.7712884
183272221304570	7.2789664	-3.7328033	-4.749753
183272236548268	7.283752	-3.7423747	-4.7425747
183272247296081	7.312466	-3.7447674	-4.7401814
183272256951237	7.30768	-3.737589	-4.7784667
183272268666862	7.2861447	-3.790231	-4.800002
183272279151029	7.298109	-3.8548372	-4.8215375
183272266304570	7.2957163	-3.9314077	-4.8215375
183272273804570	7.281359	-3.979264	-4.833502
183272281304570	7.3028946	-3.993621	-4.8382874
183272288804570	7.300502	-3.9577286	-4.8095737
183272296304570	7.288538	-3.871587	-4.8047876
183272303804570	7.314859	-3.7758741	-4.761717
183272311304570	7.32443	-3.7304106	-4.792824
183272318804570	7.3196445	-3.7256248	-4.802395
183272326304570	7.3196445	-3.6681972	-4.84068
183272333804570	7.32443	-3.6179478	-4.84068
183272341304570	7.32443	-3.7040894	-4.867001
183272348804570	7.3459654	-3.735196	-4.8646083
183272356304570	7.3172517	-3.7758741	-4.8933225
183272363804570	7.3292155	-3.7208393	-4.962714
183272371304570	7.3100734	-3.644269	-4.974678
183272378804570	7.3028946	-3.6466618	-4.9698925
183272386304570	7.338787	-3.6275191	-4.974678
183272393804570	7.34118	-3.603591	-5.022535
183272401304570	7.3579297	-3.6323047	-5.0392847
183272408804570	7.3459654	-3.7280176	-5.103891
183272416304570	7.3268228	-3.7088752	-5.127819
183272423804570	7.298109	-3.6897326	-5.1732826
183272431304570	7.2526455	-3.5940197	-5.197211
183272438804570	7.233503	-3.591627	-5.2259245
183272562792435	7.0636125	-3.7591243	-5.2905307
183272563094258	6.987042	-3.7758741	-5.3407803
183272563169518	6.9702926	-3.8548372	-5.3886366
183272563239778	6.963114	-3.7974095	-5.436493
183272572031393	6.960721	-3.735196	-5.4484572
183272579972278	6.9248285	-3.6370904	-5.4676
183272590555195	6.879365	-3.6370904	-5.4891353
183272593267695	6.8889365	-3.6083765	-5.5226345
183272611666081	6.893722	-3.591627	-5.5537415
183272608267695	6.8602223	-3.6346977	-5.5393844
183272615767695	6.853044	-3.6849468	-5.556134
183272623267695	6.8865438	-3.6873398	-5.599205
183272630767695	6.8889365	-3.6658044	-5.6877394
183272638267695	6.977471	-3.6490545	-5.7116675
183272645767695	7.003792	-3.5844483	-5.8073807
183272653267695	6.9966135	-3.562913	-5.907879
183272660767695	7.02772	-3.4743786	-5.962914
183272668267695	7.068398	-3.574877	-5.994021
183272715436341	7.0540414	-3.6251264	-5.9724855
183272690767695	7.082755	-3.6251264	-5.9724855
183272698267695	7.0372915	-3.6346977	-5.994021
183272705767695	6.9894347	-3.546163	-5.9964137
183272713267695	6.927222	-3.4600215	-5.936593
183272720767695	6.8721867	-3.4719856	-5.9748783
183272728267695	6.9128647	-3.397808	-5.9270215
183272735767695	6.910472	-3.3762727	-5.9413786
183272743267695	6.908079	-3.3547373	-5.9916277
183272750767695	6.853044	-3.2303107	-6.0251274
183272758267695	6.786045	-3.1944182	-6.0634127
183272765767695	6.721439	-3.1489546	-5.9988065
183272773267695	6.355337	-2.8594232	-5.9581285
183272780767695	7.1162543	-3.5365918	-5.7427745
183272788267695	7.001399	-3.9146578	-6.489335
183272795767695	6.309873	-3.8931224	-5.9844494
183272803267695	6.273981	-3.0987053	-5.9820566
183272810767695	6.5491557	-2.713461	-6.0921264
183272892324726	6.611369	-3.1848469	-6.168697
183272904527591	6.491728	-3.7471602	-6.175875
183272909574622	6.2979093	-3.6849468	-6.242874
183272924127070	6.2548385	-3.333202	-6.309873
183272929517903	6.326623	-3.129812	-6.343373
183272940917591	6.355337	-3.196811	-6.3864436
183272948586549	6.3314085	-3.3379877	-6.3768725
183272969286445	6.3050876	-3.5557344	-6.4175506
183272969394570	6.283552	-3.548556	-6.407979
183272973634674	6.2548385	-3.4313076	-6.4773707
183272981134674	6.2548385	-3.397808	-6.489335
183272995377018	6.2691956	-3.290131	-6.4701924
183273005134466	6.2715883	-3.2925239	-6.4821568
183273017309935	6.2955165	-3.330809	-6.491728
183273027379830	6.235696	-3.35713	-6.501299
183273037428789	6.2309103	-3.318845	-6.5084777
183273026134674	6.2548385	-3.2327034	-6.515656
183273033634674	6.2117677	-3.1752756	-6.506085
183273041134674	6.1710896	-3.2015967	-6.558727
183273048634674	6.1591253	-3.2063823	-6.5682983
183273056134674	6.1160545	-3.237489	-6.5946193
183273063634674	6.1567326	-3.2303107	-6.6281185
183273071134674	6.1998034	-3.1848469	-6.6592255
183273078634674	6.202196	-3.2015967	-6.7022963
183273086134674	6.1830535	-3.2542388	-6.719046
183273093634674	6.1567326	-3.2542388	-6.7166533
183273101134674	6.101698	-3.2231321	-6.762117
183273108634674	6.056234	-3.2231321	-6.7836523
183273116134674	6.056234	-3.2159536	-6.759724
183273123634674	6.1160545	-3.1633115	-6.762117
183273131134674	6.135197	-3.050849	-6.800402
183273138634674	6.125626	-3.0939198	-6.843473
183273146134674	6.1232333	-3.1680973	-6.8578296
183273153634674	6.094519	-3.1369905	-6.862615
183273161134674	6.0394845	-3.1082766	-6.920043
183273168634674	6.02752	-3.1130621	-6.9391856
183273176134674	5.9653068	-3.1513474	-6.9320073
183273183634674	5.9150577	-3.182454	-6.9224358
183273191134674	5.905486	-3.158526	-6.9320073
183273198634674	5.8887367	-3.1082766	-6.8985076
183273206134674	5.8743796	-3.101098	-6.9009004
183273213634674	5.85763	-3.1345978	-6.876972
183273221134674	5.871987	-3.1537402	-6.9056864
183273228634674	5.8911295	-3.103491	-6.9152575
183273236134674	5.907879	-3.0915267	-6.8817577
183273243634674	5.898308	-3.0939198	-6.862615
183273251134674	5.9007006	-3.1130621	-6.8650084
183273258634674	5.919843	-3.129812	-6.836294
183273266134674	5.979664	-3.1489546	-6.8602223
183273273634674	6.005985	-3.129812	-6.812366
183273376792070	6.06102	-3.1441689	-6.8339014
183273384292070	6.013163	-3.1393833	-6.826723
183273391792070	5.994021	-3.2231321	-6.867401
183273399292070	5.9700923	-3.2638102	-6.869794
183273406792070	5.979664	-3.2997024	-6.903293
183273414292070	6.056234	-3.2829528	-6.8913293
183273421792070	6.0753765	-3.2757742	-6.843473
183273429292070	6.096912	-3.2638102	-6.802795
183273436792070	6.1208405	-3.2709885	-6.812366
183273444292070	6.125626	-3.2398818	-6.771688
183273451792070	6.135197	-3.2279177	-6.812366
183273459292070	6.1184473	-3.2685957	-6.8099732
183273466792070	6.0777693	-3.2925239	-6.838687
183273474292070	6.020342	-3.306881	-6.8650084
183273481792070	6.0227346	-3.278167	-6.893722
183273489292070	5.9820566	-3.2949169	-6.869794
183273496792070	5.9748783	-3.3164523	-6.8865438
183273538526809	6.0227346	-3.2853456	-6.8865438
183273511792070	6.0490556	-3.2614172	-6.8889365
183273519292070	6.0514483	-3.266203	-6.9128647
183273526792070	6.0753765	-3.3284163	-6.8913293
183273534292070	6.0418773	-3.3954153	-6.8817577
183273541792070	6.02752	-3.3930225	-6.893722
183273549292070	6.0753765	-3.3786657	-6.9344
183273556792070	6.15434	-3.3547373	-6.9942207
183273564292070	6.2141604	-3.3403804	-6.9894347
183273571792070	6.1854467	-3.3882368	-6.977471
183273630499778	6.151947	-3.4480574	-6.9391856
183273586792070	6.1232333	-3.507878	-6.946364
183273594292070	6.0801625	-3.5030923	-6.91765
183273601792070	6.020342	-3.4504502	-6.9009004
183273609292070	6.017949	-3.438486	-6.843473
183273616792070	6.0107703	-3.4241292	-6.786045
183273624292070	6.0083776	-3.4672	-6.719046
183273631792070	5.989235	-3.5605202	-6.6999035
183273639292070	5.9748783	-3.574877	-6.664011
183273646792070	5.9748783	-3.548556	-6.6281185
183273654292070	5.9342003	-3.5724843	-6.664011
183273661792070	5.910272	-3.641876	-6.6975107
183273669292070	5.864808	-3.7064822	-6.7166533
183273756720507	5.790631	-3.6921253	-6.6927247
183273765717799	5.723632	-3.7088752	-6.6592255
183273774802747	5.73081	-3.7136607	-6.6017976
183273786068268	5.73081	-3.6897326	-6.573084
183273797307070	5.704489	-3.586841	-6.515656
183273803404257	5.759524	-3.4911282	-6.5108705
183273825589518	5.7690954	-3.4097722	-6.5276203
183273826679309	5.800202	-3.3810585	-6.556334
183273834179309	5.8217373	-3.3810585	-6.5946193
183273845240559	5.8217373	-3.4743786	-6.599405
183273849179309	5.8241305	-3.6610186	-6.6281185
183273856679309	5.8624153	-3.6634114	-6.6831536
183273864179309	5.9030933	-3.641876	-6.728617
183273871679309	5.9294147	-3.574877	-6.8315086
183273884943320	5.9030933	-3.522235	-6.8219376
183273886679309	5.8743796	-3.4097722	-6.7405815
183273905856549	5.907879	-3.347559	-6.687939
183273920005090	5.912665	-3.4241292	-6.6089764
183273930769257	5.9150577	-3.4408789	-6.611369
183273938384934	5.938986	-3.4695928	-6.661618
183273924179309	5.9916277	-3.4648073	-6.719046
183273959051965	6.0418773	-3.3930225	-6.7645097
183273970575872	6.0658054	-3.385844	-6.7932234
183273978264934	6.099305	-3.4241292	-6.8506513
183273954179309	6.1184473	-3.4025939	-6.814759
183273961679309	6.020342	-3.4121652	-6.8075805
183273969179309	5.8887367	-3.4097722	-6.7669024
183273976679309	5.7834525	-3.385844	-6.7334027
183273984179309	5.73081	-3.3690944	-6.6855464
183273991679309	5.623133	-3.3547373	-6.7334027
183273999179309	5.584848	-3.3236306	-6.8482585
183274006679309	5.5130634	-3.3619158	-6.9296145
183274014179309	5.4628143	-3.4360933	-7.0731835
183274021679309	5.474778	-3.414558	-7.190432
183274029179309	5.5369916	-3.414558	-7.2789664
183274036679309	5.613562	-3.4695928	-7.3196445
183274044179309	5.682954	-3.5102708	-7.3866434
183274051679309	5.721239	-3.5772698	-7.4440713
183274059179309	5.7427745	-3.6059837	-7.4440713
183274066679309	5.7188463	-3.5892339	-7.389036
183274074179309	5.625526	-3.4648073	-7.2550383
183274081679309	5.5226345	-3.4480574	-7.1306114
183274089179309	5.4484572	-3.4073794	-7.092326
183274096679309	5.4436717	-3.2709885	-6.9798636
183274104179309	5.45085	-3.1465619	-6.8219376
183274111679309	5.400601	-3.0293136	-6.6855464
183274119179309	5.3479586	-2.9623144	-6.5611196
183274126679309	5.312066	-2.9216363	-6.4869423
183274218498997	5.312066	-2.845066	-6.491728
183274141679309	5.367101	-2.8115666	-6.4701924
183274149179309	5.4891353	-2.8905299	-6.530013
183274156679309	5.6183476	-2.9168508	-6.5946193
183274164179309	5.845666	-2.9431717	-6.7118673
183274171679309	6.0514483	-2.940779	-6.826723
183274275937226	6.2644095	-2.9742785	-6.853044
183274280872486	6.4534426	-3.0843484	-6.8745794
183274288372486	6.623333	-3.1513474	-6.836294
183274295872486	6.728617	-3.2279177	-6.826723
183274303372486	6.762117	-3.2805598	-6.7764735
183274310872486	6.812366	-3.3690944	-6.7740808
183274318372486	6.8578296	-3.5509489	-6.728617
183274325872486	6.9415784	-3.6370904	-6.5611196
183274352124361	6.9296145	-3.6251264	-6.407979
183274340872486	6.8865438	-3.6323047	-6.2404814
183274348372486	6.795616	-3.6897326	-6.0490556
183274355872486	6.7094746	-3.830909	-5.8839507
183274363372486	6.649654	-3.8835511	-5.709275
183274370872486	6.623333	-3.9553359	-5.568098
183274378372486	6.6089764	-3.9744785	-5.3814583
183274385872486	6.597012	-3.9481573	-5.2307105
183274431430299	6.6305118	-3.9194436	-5.0512486
183274408372486	6.7166533	-3.9098723	-4.8861437
183274415872486	6.8315086	-3.7016966	-4.6755753
183274423372486	6.843473	-3.6993039	-4.627719
183274472845194	6.8482585	-3.8380876	-4.625326
183274484593163	6.9009004	-4.0558343	-4.7401814
183274494536340	7.0205417	-4.1922255	-4.8191447
183274503942642	7.164111	-4.345366	-4.898108
183274460872486	7.257431	-4.3788652	-4.9938207
183274468372486	7.2933235	-4.4051867	-5.058427
183274475872486	7.420143	-4.462614	-5.046463
183274483372486	7.52782	-4.469793	-4.9938207
183274490872486	7.5254273	-4.421936	-4.938786
183274498372486	7.503892	-4.3334017	-4.8933225
183274505872486	7.446464	-4.1922255	-4.7856455
183274513372486	7.331609	-4.0366917	-4.6612186
183274520872486	7.1976104	-3.9481573	-4.584648
183274528372486	7.109076	-3.926622	-4.508078
183274535872486	7.02772	-3.8500516	-4.453043
183274543372486	7.01097	-3.7040894	-4.465007
183274550872486	7.02772	-3.5724843	-4.469793
183274558372486	7.0468626	-3.438486	-4.469793
183274565872486	7.056434	-3.4456646	-4.503292
183274573372486	7.0133634	-3.522235	-4.5631127
183274580872486	6.991828	-3.7136607	-4.7138605
183274588372486	7.051648	-3.8524444	-4.8765726
183274595872486	7.111469	-3.95055	-5.1182475
183274697146965	7.274181	-3.9553359	-5.2833524
183274704646965	7.503892	-3.9361932	-5.2953167
183274712146965	7.6402826	-3.9577286	-5.3144593
183274719646965	7.7120676	-4.0390844	-5.259424
183274727146965	7.6977105	-4.0965123	-5.2809596
183274734646965	7.661818	-4.019942	-5.2666025
183274742146965	7.6331043	-3.9744785	-5.343173
183274749646965	7.6331043	-4.031906	-5.3718867
183274757146965	7.580462	-4.031906	-5.395815
183274764646965	7.568498	-3.9050865	-5.465207
183274772146965	7.5828547	-3.792624	-5.5369916
183274779646965	7.60439	-3.7040894	-5.608776
183274787146965	7.5469627	-3.682554	-5.5896335
183274794646965	7.4153576	-3.6658044	-5.5800624
183274802146965	7.259824	-3.67059	-5.663811
183274809646965	7.1545396	-3.629912	-5.6757755
183274817146965	6.9990063	-3.5676985	-5.723632
183274824646965	6.910472	-3.5533416	-5.84088
183274832146965	6.9320073	-3.5509489	-5.895915
183274839646965	6.903293	-3.5437703	-5.9724855
183274847146965	6.8482585	-3.4576287	-6.029913
183274854646965	6.8195443	-3.3379877	-6.005985
183274862146965	6.704689	-3.3619158	-5.989235
183274869646965	6.580262	-3.4097722	-5.977271
183274877146965	6.501299	-3.4025939	-5.9964137
183274884646965	6.422336	-3.3667014	-6.056234
183274892146965	6.4271216	-3.359523	-6.04427
183274899646965	6.410372	-3.330809	-5.979664
183274907146965	6.4127645	-3.3260236	-5.9700923
183274914646965	6.4055862	-3.2805598	-5.922236
183274922146965	6.381658	-3.3667014	-5.936593
183274929646965	6.424729	-3.3643086	-5.9270215
183274937146965	6.4295144	-3.400201	-5.9270215
183274944646965	6.439086	-3.426522	-5.919843
183274952146965	6.4797635	-3.4456646	-5.9246287
183274959646965	6.4821568	-3.4648073	-5.948557
183275039203371	6.465407	-3.4695928	-6.0083776
183274974646965	6.431907	-3.5437703	-6.0083776
183274982146965	6.350551	-3.548556	-5.9964137
183275069052225	6.24766	-3.5820556	-5.946164
183275082596757	6.1734824	-3.6203406	-5.9437714
183275092312434	6.1160545	-3.6466618	-5.8887367
183275101519100	6.0801625	-3.6897326	-5.922236
183275112887277	6.1304116	-3.6753755	-5.9581285
183275117869777	6.192625	-3.6777685	-5.95095
183275125369777	6.262017	-3.696911	-5.9342003
183275132869777	6.3601227	-3.7088752	-5.8504515
183275140369777	6.4821568	-3.6681972	-5.8672013
183275147869777	6.518049	-3.6179478	-5.790631
183275155369777	6.5108705	-3.7280176	-5.814559
183275162869777	6.5539412	-3.7878382	-5.788238
183275170369777	6.63769	-3.7710886	-5.759524
183275177869777	6.6687965	-3.7136607	-5.7954164
183275185369777	6.71426	-3.641876	-5.7834525
183275192869777	6.7908306	-3.6179478	-5.73081
183275200369777	6.908079	-3.6131623	-5.74756
183275207869777	6.9224358	-3.6514473	-5.773881
183275215369777	6.903293	-3.6514473	-5.7762737
183275222869777	6.8985076	-3.5724843	-5.74756
183275230369777	6.9152575	-3.5653057	-5.771488
183275237869777	6.876972	-3.6131623	-5.804988
183275245369777	6.8650084	-3.6203406	-5.855237
183275252869777	6.8506513	-3.6323047	-5.9676995
183275303305507	6.9583282	-3.6203406	-6.058627
183275311035819	7.0205417	-3.6610186	-6.084948
183275319549934	7.0348988	-3.6370904	-6.068198
183275332700142	7.051648	-3.682554	-6.0658054
183275341008059	6.987042	-3.711268	-6.0634127
183275351713788	6.8721867	-3.778267	-6.084948
183275305369777	6.802795	-3.8069808	-6.070591
183275375224517	6.65444	-3.8524444	-6.128019
183275327869777	6.5371914	-4.0677986	-6.108876
183275394351913	6.4606214	-4.089334	-6.0825553
183275342869777	6.431907	-4.1228333	-6.070591
183275350369777	6.463014	-4.091727	-6.087341
183275357869777	6.5252275	-4.0295134	-6.0418773
183275365369777	6.5276203	-3.9361932	-6.0251274
183275372869777	6.4797635	-3.8333018	-5.9988065
183275380369777	6.472585	-3.7208393	-6.020342
183275387869777	6.45105	-3.5964124	-6.0083776
183275395369777	6.448657	-3.574877	-5.977271
183275402869777	6.4366927	-3.5964124	-5.9676995
183275410369777	6.4414787	-3.5796626	-5.9676995
183275417869777	6.45105	-3.5820556	-5.9653068
183275425369777	6.4055862	-3.6610186	-5.986842
183275543770246	6.3864436	-3.7088752	-6.017949
183275545260819	6.4271216	-3.735196	-6.113662
183275545333319	6.489335	-3.8213377	-6.2213387
183275552833319	6.5276203	-3.926622	-6.2691956
183275560333319	6.518049	-4.0151563	-6.3385873
183275567833319	6.5347986	-4.1371903	-6.398408
183275575333319	6.539584	-4.180261	-6.4031935
183275582833319	6.515656	-4.1587257	-6.35773
183275590333319	6.491728	-4.0941195	-6.3194447
183275615054934	6.4606214	-4.072584	-6.1710896
183275605333319	6.4199433	-4.0438704	-6.0777693
183275629178319	6.4008007	-3.9481573	-6.0801625
183275640426861	6.34098	-3.8380876	-6.06102
183275627833319	6.3361945	-3.8117664	-6.04427
183275635333319	6.3601227	-3.739982	-5.960521
183275642833319	6.3768725	-3.6346977	-5.9724855
183275650333319	6.393622	-3.546163	-5.9748783
183275657833319	6.4127645	-3.505485	-5.9246287
183275665333319	6.391229	-3.4648073	-5.8480587
183275672833319	6.3457656	-3.4504502	-5.869594
183275680333319	6.3050876	-3.426522	-5.9007006
183275687833319	6.34098	-3.4672	-5.9030933
183275695333319	6.4199433	-3.5294135	-5.938986
183275702833319	6.4965134	-3.548556	-5.986842
183275710333319	6.5108705	-3.5437703	-6.0418773
183275717833319	6.556334	-3.5964124	-6.0251274
183275725333319	6.546763	-3.6610186	-6.0658054
183275732833319	6.503692	-3.696911	-6.029913
183275740333319	6.463014	-3.7878382	-6.0227346
183275747833319	6.398408	-3.938586	-6.0227346
183275755333319	6.3481584	-4.0031924	-5.977271
183275762833319	6.384051	-3.9074793	-6.0323057
183275770333319	6.465407	-3.7663028	-6.0346985
183275777833319	6.4701924	-3.723232	-5.977271
183275785333319	6.463014	-3.711268	-5.95095
183275792833319	6.4845495	-3.6346977	-5.8767724
183275800333319	6.4797635	-3.6011982	-5.812166
183275807833319	6.506085	-3.5509489	-5.85763
183275815333319	6.6089764	-3.522235	-5.8887367
183275822833319	6.666404	-3.5246277	-5.919843
183275830333319	6.680761	-3.5581272	-5.95095
183275837833319	6.7764735	-3.6370904	-5.9581285
183275845333319	6.8171515	-3.6777685	-5.9964137
183275852833319	6.8171515	-3.7160535	-6.058627
183275860333319	6.8339014	-3.7686956	-6.1184473
183275867833319	6.876972	-3.802195	-6.1208405
183275875333319	6.843473	-3.8237305	-6.125626
183275882833319	6.798009	-3.8476589	-6.1208405
183275986115194	6.728617	-3.8572302	-6.0921264
183275993615194	6.687939	-3.8093736	-6.056234
183276001115194	6.6017976	-3.7543387	-6.0394845
183276008615194	6.4965134	-3.723232	-5.989235
183276016115194	6.4606214	-3.656233	-5.960521
183276023615194	6.407979	-3.6490545	-5.8600225
183276031115194	6.3481584	-3.6059837	-5.8360944
183276038615194	6.3792653	-3.5581272	-5.8097734
183276046115194	6.439086	-3.5318062	-5.773881
183276072598319	6.4438715	-3.481557	-5.7762737
183276079927433	6.463014	-3.495914	-5.802595
183276091863215	6.4462643	-3.5030923	-5.8193445
183276100558267	6.4606214	-3.5557344	-5.879165
183276083615194	6.513263	-3.5198421	-5.85763
183276091115194	6.570691	-3.4887354	-5.864808
183276098615194	6.5682983	-3.495914	-5.871987
183276106115194	6.6281185	-3.5318062	-5.9294147
183276113615194	6.7022963	-3.5389848	-5.994021
183276121115194	6.728617	-3.546163	-6.0251274
183276128615194	6.7669024	-3.5365918	-6.0514483
183276136115194	6.771688	-3.5150564	-6.084948
183276143615194	6.798009	-3.546163	-6.094519
183276151115194	6.7764735	-3.546163	-6.1471615
183276158615194	6.74776	-3.5413775	-6.161518
183276166115194	6.7238317	-3.5557344	-6.1591253
183276173615194	6.707082	-3.5509489	-6.1184473
183276181115194	6.6831536	-3.591627	-6.06102
183276188615194	6.6448684	-3.6203406	-6.0323057
183276196115194	6.556334	-3.6083765	-6.0083776
183276203615194	6.532406	-3.5964124	-6.0107703
183276211115194	6.463014	-3.6203406	-6.0155563
183276218615194	6.439086	-3.6466618	-6.0083776
183276226115194	6.4175506	-3.6658044	-6.0251274
183276233615194	6.4055862	-3.6634114	-5.989235
183276241115194	6.4271216	-3.67059	-6.005985
183276248615194	6.4677997	-3.6849468	-5.9820566
183276256115194	6.472585	-3.682554	-5.989235
183276263615194	6.4821568	-3.6849468	-6.0155563
183276271115194	6.474978	-3.6993039	-6.005985
183276278615194	6.506085	-3.6873398	-6.013163
183276367537850	6.530013	-3.6610186	-6.0346985
183276378994204	6.5228343	-3.65384	-6.053841
183276301115194	6.570691	-3.656233	-6.0753765
183276308615194	6.6424756	-3.6586258	-6.0634127
183276316115194	6.6687965	-3.6514473	-6.099305
183276418367589	6.6305118	-3.6394832	-6.06102
183276424737954	6.6352973	-3.586841	-6.013163
183276432237954	6.5946193	-3.6107693	-6.0634127
183276439737954	6.6089764	-3.6753755	-6.0370917
183276458300975	6.623333	-3.6251264	-6.0011992
183276462237954	6.5946193	-3.5988052	-5.977271
183276488300975	6.580262	-3.6251264	-6.0083776
183276492237954	6.63769	-3.5940197	-6.0107703
183276499737954	6.6568327	-3.603591	-5.9988065
183276507237954	6.6185474	-3.6251264	-5.9748783
183276514737954	6.582655	-3.6059837	-5.922236
183276550252850	6.5252275	-3.6466618	-5.9030933
183276529737954	6.515656	-3.6131623	-5.8504515
183276537237954	6.530013	-3.5964124	-5.85763
183276587317069	6.5371914	-3.5676985	-5.8743796
183276559737954	6.606583	-3.574877	-5.8863435
183276567237954	6.65444	-3.5676985	-5.9007006
183276574737954	6.623333	-3.5533416	-5.9342003
183276582237954	6.5778694	-3.5892339	-5.9724855
183276589737954	6.5491557	-3.615555	-6.003592
183276597237954	6.556334	-3.6131623	-6.0394845
183276604737954	6.5682983	-3.6323047	-6.058627
183276612237954	6.6089764	-3.6610186	-6.068198
183276619737954	6.6448684	-3.6681972	-6.099305
183276627237954	6.7238317	-3.6634114	-6.142376
183276634737954	6.719046	-3.6514473	-6.113662
183276642237954	6.6975107	-3.6729827	-6.0921264
183276649737954	6.6592255	-3.6514473	-6.0921264
183276657237954	6.6735826	-3.591627	-6.084948
183276664737954	6.623333	-3.5413775	-6.070591
183276672237954	6.6161547	-3.5365918	-6.0658054
183276679737954	6.611369	-3.5270207	-6.0155563
183276687237954	6.5778694	-3.5318062	-5.979664
183276694737954	6.546763	-3.562913	-5.953343
183276702237954	6.5443697	-3.5509489	-5.922236
183276709737954	6.5276203	-3.5198421	-5.910272
183276717237954	6.556334	-3.548556	-5.898308
183276724737954	6.5539412	-3.5389848	-5.912665
183276732237954	6.532406	-3.5437703	-5.948557
183276739737954	6.5898337	-3.546163	-5.979664
183276747237954	6.6161547	-3.5653057	-5.989235
183276851772954	6.6185474	-3.6107693	-5.9724855
183276856846808	6.6257257	-3.6323047	-5.9653068
183276864346808	6.652047	-3.6514473	-5.960521
183276871846808	6.666404	-3.6849468	-5.9724855
183276879346808	6.6592255	-3.6849468	-6.029913
183276886846808	6.7166533	-3.6681972	-6.070591
183276894346808	6.74776	-3.6346977	-6.0777693
183276901846808	6.762117	-3.656233	-6.056234
183276909346808	6.7429743	-3.6370904	-6.053841
183276916846808	6.7166533	-3.6059837	-6.029913
183276924346808	6.687939	-3.586841	-5.9964137
183276931846808	6.65444	-3.5796626	-5.962914
183276939346808	6.613762	-3.5318062	-5.9174504
183276946846808	6.6017976	-3.5557344	-5.895915
183276954346808	6.606583	-3.562913	-5.9318075
183276961846808	6.647261	-3.5413775	-5.9437714
183276969346808	6.6927247	-3.505485	-5.948557
183276976846808	6.6999035	-3.5294135	-5.9653068
183276984346808	6.678368	-3.5246277	-5.9676995
183276991846808	6.664011	-3.522235	-5.9150577
183276999346808	6.678368	-3.5270207	-5.907879
183277006846808	6.719046	-3.5533416	-5.8839507
183277014346808	6.649654	-3.586841	-5.8743796
183277021846808	6.6305118	-3.6514473	-5.8624153
183277029346808	6.6448684	-3.656233	-5.8839507
183277036846808	6.652047	-3.5964124	-5.907879
183277044346808	6.65444	-3.5964124	-5.912665
183277051846808	6.6975107	-3.6083765	-5.8839507
183277059346808	6.7405815	-3.6323047	-5.8887367
183277066846808	6.735796	-3.6394832	-5.8863435
183277074346808	6.690332	-3.6490545	-5.869594
183277081846808	6.6592255	-3.5988052	-5.852844
183277089346808	6.640083	-3.5940197	-5.8241305
183277096846808	6.6305118	-3.5844483	-5.8504515
183277104346808	6.613762	-3.5772698	-5.869594
183277111846808	6.6185474	-3.5365918	-5.8600225
183277119346808	6.6855464	-3.5605202	-5.8480587
183277126846808	6.6975107	-3.5820556	-5.869594
183277134346808	6.680761	-3.5796626	-5.8743796
183277141846808	6.666404	-3.5964124	-5.8863435
183277233465558	6.661618	-3.6251264	-5.8743796
183277237984672	6.6759753	-3.644269	-5.898308
183277164346808	6.719046	-3.6610186	-5.898308
183277171846808	6.707082	-3.644269	-5.8887367
183277273439360	6.7166533	-3.6658044	-5.8767724
183277279377589	6.7573314	-3.656233	-5.8600225
183277286877589	6.7740808	-3.6227336	-5.8073807
183277294377589	6.769295	-3.603591	-5.8265233
183277310666235	6.7573314	-3.5892339	-5.8360944
183277320555870	6.7669024	-3.6107693	-5.8217373
183277331790454	6.814759	-3.6083765	-5.8432727
183277324377589	6.8219376	-3.6466618	-5.84088
183277331877589	6.8650084	-3.6514473	-5.814559
183277339377589	6.8650084	-3.6801612	-5.814559
183277346877589	6.853044	-3.6729827	-5.7930236
183277354377589	6.8219376	-3.6634114	-5.759524
183277361877589	6.795616	-3.6011982	-5.7355957
183277369377589	6.778867	-3.6131623	-5.7523456
183277376877589	6.769295	-3.641876	-5.7379885
183277384377589	6.812366	-3.6394832	-5.704489
183277391877589	6.8219376	-3.591627	-5.7020965
183277399377589	6.8482585	-3.6107693	-5.6997037
183277406877589	6.855437	-3.6346977	-5.6949177
183277414377589	6.8602223	-3.6346977	-5.6374903
183277421877589	6.893722	-3.6251264	-5.6279187
183277429377589	6.893722	-3.6131623	-5.6470613
183277436877589	6.8650084	-3.6179478	-5.608776
183277444377589	6.8721867	-3.6634114	-5.639883
183277451877589	6.8578296	-3.7088752	-5.625526
183277459377589	6.843473	-3.7136607	-5.6470613
183277466877589	6.8913293	-3.7328033	-5.651847
183277474377589	6.9248285	-3.7471602	-5.649454
183277481877589	6.908079	-3.7615173	-5.6590257
183277489377589	6.867401	-3.751946	-5.649454
183277496877589	6.8219376	-3.751946	-5.6207404
183277504377589	6.8315086	-3.792624	-5.6207404
183277511877589	6.798009	-3.7854455	-5.5776696
183277519377589	6.759724	-3.7663028	-5.5537415
183277526877589	6.7836523	-3.76391	-5.5393844
183277534377589	6.8075805	-3.7734814	-5.517849
183277616045558	6.8075805	-3.735196	-5.5393844
183277556877589	6.867401	-3.7256248	-5.5537415
183277564377589	6.8985076	-3.7471602	-5.558527
183277571877589	6.903293	-3.7591243	-5.5704913
183277579377589	6.910472	-3.7854455	-5.5776696
183277586877589	6.936793	-3.792624	-5.5633125
183277693794516	6.920043	-3.790231	-5.4987063
183277693898683	6.920043	-3.7615173	-5.5130634
183277702706495	6.920043	-3.694518	-5.5202417
183277708898683	6.9559355	-3.6993039	-5.477171
183277721190558	6.975078	-3.7016966	-5.4436717
183277735161756	7.018149	-3.6610186	-5.4388857
183277741552120	7.066005	-3.6610186	-5.4795637
183277754219985	7.111469	-3.7256248	-5.424529
183277762238579	7.1042905	-3.7256248	-5.4053864
183277769887901	7.085148	-3.739982	-5.407779
183277780745349	7.0468626	-3.7806597	-5.4173503
183277785321912	7.0133634	-3.7663028	-5.3718867
183277776398683	7.015756	-3.7447674	-5.3742795
183277783898683	7.025327	-3.7471602	-5.3503513
183277791398683	7.0468626	-3.7686956	-5.3407803
183277798898683	6.991828	-3.7543387	-5.328816
183277840843526	6.95115	-3.7256248	-5.3312087
183277846973110	6.9702926	-3.7423747	-5.3144593
183277857869724	6.960721	-3.735196	-5.326423
183277870016704	6.9894347	-3.7136607	-5.3240304
183277877994151	7.0325055	-3.735196	-5.2809596
183277887596651	7.0372915	-3.7064822	-5.2642097
183277902596651	7.042077	-3.7208393	-5.2642097
183277866398683	7.0492554	-3.6466618	-5.237889
183277873898683	7.02772	-3.7830527	-5.319245
183277881398683	7.0301127	-3.8955152	-5.2977095
183277888898683	7.1210403	-3.8261235	-5.300102
183277896398683	7.1306114	-3.8141594	-5.300102
183277903898683	7.1306114	-3.8620157	-5.252246
183277911398683	7.135397	-3.8237305	-5.1756754
183277918898683	7.097112	-3.7686956	-5.180461
183277926398683	7.0803623	-3.8069808	-5.1613183
183277933898683	7.092326	-3.8213377	-5.103891
183277941398683	7.1018977	-3.7878382	-5.0847483
183277948898683	7.1138616	-3.749553	-5.1062837
183277956398683	7.1617184	-3.7734814	-5.1014977
183277963898683	7.1712894	-3.778267	-5.089534
183278052326912	7.1688967	-3.7591243	-5.0847483
183278058059203	7.183254	-3.792624	-5.0943193
183277986398683	7.1712894	-3.8835511	-5.056034
183277993898683	7.1880393	-3.8500516	-5.0536413
183278001398683	7.192825	-3.8356948	-5.0273204
183278008898683	7.2263246	-3.802195	-5.005785
183278016398683	7.2693954	-3.7615173	-5.0129633
183278117101755	7.2957163	-3.7591243	-5.0249276
183278124601755	7.3172517	-3.7471602	-4.9986067
183278132101755	7.3196445	-3.7328033	-4.9986067
183278139601755	7.2957163	-3.735196	-4.996214
183278147101755	7.2646093	-3.7256248	-5.022535
183278154601755	7.2502527	-3.7543387	-5.015356
183278162101755	7.24786	-3.7806597	-5.0249276
183278169601755	7.2263246	-3.7950168	-5.005785
183278177101755	7.2502527	-3.7758741	-5.0392847
183278184601755	7.2502527	-3.7567315	-5.0392847
183278207965714	7.2502527	-3.7734814	-5.0679984
183278222965714	7.2358956	-3.7710886	-4.9986067
183278214601755	7.23111	-3.7160535	-5.0105705
183278222101755	7.2287173	-3.6993039	-5.020142
183278229601755	7.219146	-3.7088752	-5.0416775
183278237101755	7.204789	-3.751946	-5.0368915
183278244601755	7.1784678	-3.7471602	-5.056034
183278252101755	7.183254	-3.7758741	-5.0775695
183278259601755	7.192825	-3.7878382	-5.089534
183278267101755	7.152147	-3.739982	-5.1326046
183278327966912	7.135397	-3.7160535	-5.1349974
183278289601755	7.1425757	-3.7710886	-5.1493545
183278297101755	7.1545396	-3.7998023	-5.1613183
183278304601755	7.152147	-3.6658044	-5.2331033
183278361408891	7.1425757	-3.67059	-5.2331033
183278373737849	7.1425757	-3.7040894	-5.2283173
183278386987537	7.135397	-3.6514473	-5.2642097
183278393191078	7.164111	-3.656233	-5.319245
183278406212849	7.166504	-3.6203406	-5.352744
183278412564985	7.1066833	-3.6011982	-5.3647084
183278426052849	7.003792	-3.5820556	-5.3982077
183278364601755	6.9702926	-3.6610186	-5.436493
183278372101755	6.903293	-3.6586258	-5.45085
183278379601755	6.896115	-3.6011982	-5.493921
183278387101755	6.862615	-3.5940197	-5.5393844
183278472637068	6.8578296	-3.6490545	-5.575277
183278484207589	6.8602223	-3.644269	-5.6374903
183278490293474	6.862615	-3.6275191	-5.6709895
183278511150453	6.829116	-3.5772698	-5.733203
183278511387641	6.7932234	-3.6083765	-5.76431
183278516896599	6.802795	-3.6203406	-5.7762737
183278529609932	6.728617	-3.6275191	-5.7858453
183278539355193	6.6999035	-3.5820556	-5.812166
183278543840037	6.704689	-3.546163	-5.828916
183278546896599	6.65444	-3.5533416	-5.838487
183278569744359	6.6281185	-3.5940197	-5.8432727
183278576089359	6.6568327	-3.6610186	-5.869594
183278586355818	6.6927247	-3.6658044	-5.905486
183278601355818	6.7429743	-3.7064822	-5.9413786
183278591896599	6.8075805	-3.7447674	-5.948557
183278599396599	6.879365	-3.7280176	-5.989235
183278633253578	6.9415784	-3.6586258	-5.9988065
183278614396599	6.984649	-3.6346977	-6.029913
183278621896599	6.9942207	-3.6370904	-6.0011992
183278629396599	6.9415784	-3.5940197	-6.02752
183278636896599	6.8171515	-3.603591	-6.0753765
183278644396599	6.7908306	-3.5700915	-6.0753765
183278690111964	6.7381887	-3.4624143	-6.070591
183278701189359	6.7573314	-3.3499517	-6.13759
183278710821859	6.71426	-3.266203	-6.168697
183278720118266	6.62094	-3.2446675	-6.1902323
183278730026651	6.5108705	-3.251846	-6.2261243
183278689396599	6.161518	-2.969493	-7.164111
183278696896599	7.0325055	-3.6753755	-5.6063833
183278704396599	6.869794	-3.6490545	-6.73101
183278711896599	6.15434	-3.723232	-6.6831536
183278719396599	5.912665	-3.426522	-6.4151573
183278726896599	6.161518	-3.2350962	-6.5635123
183278734396599	6.1591253	-3.1226335	-6.5778694
183278741896599	5.9964137	-3.4528432	-6.6831536
183278749396599	5.9294147	-3.495914	-6.721439
183278756896599	5.879165	-3.5030923	-6.7764735
183278764396599	5.8887367	-3.3212378	-6.8315086
183278771896599	5.910272	-3.2327034	-6.826723
183278779396599	5.9581285	-3.306881	-6.862615
183278786896599	6.0634127	-3.385844	-6.838687
183278794396599	6.111269	-3.4169507	-6.8650084
183278801896599	6.1064835	-3.414558	-6.8482585
183278809396599	6.135197	-3.3499517	-6.778867
183278816896599	6.151947	-3.266203	-6.7501526
183278824396599	6.195018	-3.345166	-6.759724
183278831896599	6.235696	-3.3260236	-6.71426
183278934651495	6.2237315	-3.3140593	-6.745367
183278940816599	6.250053	-3.318845	-6.7118673
183278948316599	6.2309103	-3.3523445	-6.6927247
183278955816599	6.1734824	-3.3020952	-6.707082
183278963316599	6.0897336	-3.2279177	-6.6975107
183278970816599	6.017949	-3.2279177	-6.73101
183278978316599	5.962914	-3.3236306	-6.7094746
183278985816599	5.922236	-3.318845	-6.7405815
183278993316599	5.879165	-3.2925239	-6.7525454
183279000816599	5.8432727	-3.2638102	-6.7812595
183279008316599	5.8480587	-3.2231321	-6.8219376
183279015816599	5.8480587	-3.2207394	-6.943971
183279023316599	5.85763	-3.2183464	-6.991828
183279054842693	5.802595	-3.2135608	-7.058827
183279038316599	5.76431	-3.2973096	-7.1186476
183279045816599	5.7427745	-3.3140593	-7.173682
183279053316599	5.666204	-3.2829528	-7.183254
183279060816599	5.6590257	-3.2566316	-7.207182
183279068316599	5.6303115	-3.1561332	-7.1952176
183279075816599	5.6039906	-3.0604203	-7.204789
183279083316599	5.5872407	-3.0963125	-7.1976104
183279090816599	5.505885	-3.0867412	-7.183254
183279098316599	5.453243	-2.9982069	-7.233503
183279105816599	5.4436717	-3.022135	-7.2765737
183279113316599	5.426922	-2.9647074	-7.300502
183279120816599	5.4221363	-2.9503503	-7.3196445
183279128316599	5.45085	-2.955136	-7.3363943
183279135816599	5.4580283	-2.952743	-7.331609
183279143316599	5.453243	-2.9838498	-7.32443
183279150816599	5.4484572	-3.0053852	-7.312466
183279158316599	5.4819565	-2.9790642	-7.3172517
183279165816599	5.4484572	-3.0197423	-7.30768
183279250905140	5.4556355	-3.0556345	-7.3268228
183279180816599	5.465207	-3.0795627	-7.3363943
183279188316599	5.5106707	-3.062813	-7.367501
183279195816599	5.534599	-3.0388846	-7.381858
183279203316599	5.5657053	-3.0125637	-7.396215
183279210816599	5.601598	-2.9718857	-7.3268228
183279218316599	5.6303115	-2.9718857	-7.3028946
183279303480922	5.6997037	-2.9982069	-7.257431
183279233316599	5.6997037	-2.9838498	-7.2119675
183279240816599	5.6733823	-2.940779	-7.192825
183279248316599	5.6470613	-2.9431717	-7.1688967
183279356514620	5.6446686	-2.9048867	-7.1545396
183279357460036	5.639883	-2.8689942	-7.1688967
183279363834255	5.639883	-2.9048867	-7.207182
183279375591495	5.599205	-2.969493	-7.2502527
183279385232588	5.556134	-3.0317063	-7.2909307
183279386334255	5.5369916	-3.103491	-7.32443
183279393834255	5.534599	-3.089134	-7.3052874
183279401334255	5.4987063	-3.07717	-7.300502
183279408834255	5.4891353	-3.0963125	-7.312466
183279416334255	5.465207	-3.1393833	-7.32443
183279423834255	5.424529	-3.1920254	-7.355537
183279431334255	5.3766723	-3.2159536	-7.4129643
183279438834255	5.3718867	-3.2135608	-7.4512496
183279446334255	5.400601	-3.237489	-7.487142
183279453834255	5.4580283	-3.2470603	-7.436893
183279461334255	5.453243	-3.2422748	-7.4105716
183279468834255	5.4699926	-3.199204	-7.379465
183279476334255	5.493921	-3.1537402	-7.348358
183279519930713	5.4987063	-3.0867412	-7.3340015
183279530421078	5.558527	-3.07717	-7.3627152
183279538224255	5.5704913	-3.0963125	-7.3698936
183279506334255	5.601598	-3.141776	-7.322037
183279513834255	5.6470613	-3.1776686	-7.322037
183279521334255	5.6757755	-3.1561332	-7.288538
183279528834255	5.6997037	-3.1441689	-7.288538
183279536334255	5.7355957	-3.1609187	-7.2526455
183279543834255	5.759524	-3.182454	-7.2287173
183279551334255	5.788238	-3.2566316	-7.2382884
183279558834255	5.814559	-3.3212378	-7.223932
183279628564411	5.8217373	-3.3260236	-7.2119675
183279635279255	5.831309	-3.318845	-7.1976104
183279581334255	5.852844	-3.2829528	-7.1688967
183279651824463	5.8911295	-3.3020952	-7.1688967
183279660926859	5.871987	-3.347559	-7.183254
183279603834255	5.8624153	-3.3403804	-7.1688967
183279611334255	5.879165	-3.493521	-7.1569324
183279618834255	5.922236	-3.5700915	-7.1186476
183279626334255	5.881558	-3.574877	-7.070791
183279633834255	5.8480587	-3.5557344	-7.042077
183279641334255	5.8241305	-3.562913	-6.975078
183279648834255	5.831309	-3.4887354	-6.9152575
183279656334255	5.7930236	-3.4672	-6.8650084
183279663834255	5.797809	-3.4432719	-6.876972
183279671334255	5.7954164	-3.4073794	-6.853044
183279769352380	5.773881	-3.4528432	-6.8243303
183279777008630	5.761917	-3.4767714	-6.7908306
183279788405505	5.73081	-3.5150564	-6.7836523
183279796124463	5.709275	-3.493521	-6.7908306
183279803405505	5.6709895	-3.4695928	-6.7405815
183279810905505	5.639883	-3.4289148	-6.7022963
183279818405505	5.611169	-3.3930225	-6.6759753
183279825905505	5.575277	-3.4408789	-6.7334027
183279833405505	5.568098	-3.4313076	-6.7118673
183279840905505	5.56092	-3.4025939	-6.7022963
183279862824619	5.5537415	-3.397808	-6.690332
183279874433109	5.5800624	-3.4839497	-6.687939
183279883945869	5.601598	-3.495914	-6.7094746
183279895542276	5.6183476	-3.4672	-6.7334027
183279878405505	5.6733823	-3.426522	-6.7836523
183279914113474	5.697311	-3.4528432	-6.7908306
183279921237067	5.749953	-3.3930225	-6.759724
183279934791807	5.7403817	-3.4025939	-6.762117
183279908405505	5.6685967	-3.4097722	-6.7740808
183279951509932	5.613562	-3.438486	-6.788438
183279923405505	5.5465627	-3.400201	-6.8219376
183279930905505	5.4795637	-3.3164523	-6.8219376
183279938405505	5.426922	-3.182454	-6.8051877
183279987765817	5.3336015	-3.0987053	-6.771688
183279999839671	5.2737813	-3.0939198	-6.759724
183280004150661	5.211568	-3.0532417	-6.7836523
183280018331963	5.252246	-3.0412776	-6.8315086
183280027299515	5.359923	-3.0245278	-6.8865438
183280038677328	5.453243	-3.0173492	-6.987042
183280046842484	5.54417	-3.0460632	-7.1210403
183280057764984	5.5633125	-3.0843484	-7.2287173
183280068689463	5.534599	-3.1082766	-7.314859
183280075739411	5.5537415	-3.1106694	-7.4010005
183280020905505	5.5393844	-3.1728828	-7.496713
183280028405505	5.501099	-3.400201	-7.539784
183280035905505	5.424529	-3.548556	-7.570891
183280116821286	5.395815	-3.5796626	-7.645068
183280050905505	5.419743	-3.5509489	-7.6546397
183280058405505	5.4795637	-3.4791641	-7.6594253
183280065905505	5.4843497	-3.3906298	-7.668997
183280073405505	5.503492	-3.3643086	-7.6402826
183280080905505	5.548956	-3.3762727	-7.542177
183280088405505	5.534599	-3.3882368	-7.350751
183280095905505	5.465207	-3.3379877	-7.1880393
183280103405505	5.3790655	-3.2829528	-7.068398
183280110905505	5.2929235	-3.2231321	-6.9702926
183280118405505	5.2642097	-3.158526	-6.855437
183280223014151	5.2426744	-3.0675986	-6.7836523
183280226828526	5.2737813	-2.9862428	-6.7381887
183280234328526	5.319245	-2.9072795	-6.73101
183280241828526	5.3982077	-2.8594232	-6.71426
183280249328526	5.4556355	-2.8426733	-6.690332
183280256828526	5.6350975	-2.8594232	-6.6735826
183280264328526	5.7762737	-2.9048867	-6.664011
183280271828526	5.905486	-2.981457	-6.6281185
183280279328526	6.0897336	-3.0652058	-6.65444
183280286828526	6.3074803	-3.0915267	-6.6999035
183280294328526	6.513263	-3.0843484	-6.754938
183280301828526	6.597012	-3.17049	-6.6975107
183280309328526	6.582655	-3.3547373	-6.6352973
183280316828526	6.5228343	-3.2925239	-6.5252275
183280324328526	6.501299	-3.3403804	-6.4534426
183280331828526	6.5491557	-3.4193435	-6.4199433
183280339328526	6.6305118	-3.615555	-6.3744793
183280346828526	6.707082	-3.6466618	-6.34098
183280391941807	6.7669024	-3.6897326	-6.350551
183280361828526	6.893722	-3.7447674	-6.3481584
183280369328526	6.9535427	-3.6849468	-6.2380886
183280376828526	6.9056864	-3.9601214	-6.1974106
183280384328526	6.9296145	-3.9146578	-6.020342
183280391828526	6.893722	-3.871587	-5.936593
183280399328526	6.862615	-3.9960139	-5.8337016
183280406828526	6.893722	-4.0295134	-5.680561
183280468283369	6.960721	-3.95055	-5.572884
183280421828526	7.066005	-3.7998023	-5.4484572
183280429328526	7.173682	-3.6681972	-5.328816
183280436828526	7.1306114	-3.6179478	-5.180461
183280509122327	7.056434	-3.6059837	-5.0512486
183280518519463	7.025327	-3.7088752	-4.9531426
183280531325140	6.927222	-3.7734814	-4.8933225
183280533330921	6.8315086	-3.739982	-4.9028935
183280474328526	6.8243303	-3.711268	-4.912465
183280481828526	6.884151	-3.8285162	-4.924429
183280489328526	7.0348988	-3.6658044	-4.9196434
183280496828526	7.166504	-3.603591	-4.965107
183280504328526	7.2382884	-3.7304106	-4.965107
183280511828526	7.331609	-3.8261235	-4.883751
183280622800400	7.355537	-3.9481573	-4.9603214
183280623057275	7.3842506	-4.019942	-5.029713
183280623151859	7.4536424	-4.0869412	-5.029713
183280638117275	7.4847493	-4.208975	-5.0249276
183280653117275	7.463214	-4.130012	-5.0009995
183280653151859	7.4129643	-3.9864426	-5.005785
183280660651859	7.405786	-3.9361932	-4.955536
183280668151859	7.3746796	-3.885944	-4.871787
183280675651859	7.2861447	-3.8261235	-4.7808595
183280683151859	6.9990063	-3.6729827	-4.7401814
183280690651859	6.8650084	-3.6490545	-4.7808595
183280698151859	6.7764735	-3.5940197	-4.8095737
183280705651859	6.74776	-3.5437703	-4.9435716
183280713151859	6.771688	-3.4839497	-5.058427
183280720651859	6.7501526	-3.574877	-5.245067
183280728151859	6.7908306	-3.6323047	-5.4029937
183280735651859	6.9128647	-3.7304106	-5.505885
183280743151859	7.1306114	-3.8668015	-5.5465627
183280750651859	7.3292155	-3.8811584	-5.534599
183280758151859	7.4153576	-3.8165522	-5.5393844
183280765651859	7.4153576	-3.790231	-5.599205
183280773151859	7.479964	-3.7136607	-5.532206
183280780651859	7.5182486	-3.6921253	-5.5513487
183280788151859	7.4344997	-3.629912	-5.6781683
183280795651859	7.3196445	-3.6227336	-5.814559
183280803151859	7.1856465	-3.656233	-5.879165
183280810651859	7.0540414	-3.6227336	-5.852844
183280818151859	6.927222	-3.5940197	-5.8935223
183280825651859	6.862615	-3.5581272	-5.8624153
183280833151859	6.7932234	-3.3930225	-5.800202
183280840651859	6.678368	-3.3619158	-5.7667027
183280848151859	6.623333	-3.3164523	-5.7140603
183280855651859	6.582655	-3.2925239	-5.6997037
183280926286754	6.5539412	-3.2973096	-5.709275
183280937724046	6.5228343	-3.330809	-5.716453
183280950249046	6.546763	-3.3619158	-5.761917
183280885651859	6.6089764	-3.3164523	-5.828916
183280893151859	6.6424756	-3.290131	-5.9437714
183280900651859	6.6831536	-3.2877383	-6.029913
183280988612848	6.678368	-3.3427732	-6.0825553
183280915651859	6.704689	-3.4025939	-6.1208405
183281007992744	6.7166533	-3.4767714	-6.1567326
183281028660661	6.786045	-3.5365918	-6.1974106
183281029102171	6.8578296	-3.5389848	-6.195018
183281044068942	6.800402	-3.5126636	-6.1878395
183281055815765	6.6855464	-3.4456646	-6.161518
183281059102171	6.5850477	-3.3690944	-6.142376
183281066602171	6.5347986	-3.3116665	-6.125626
183281074102171	6.4175506	-3.2973096	-6.0658054
183281081602171	6.3888364	-3.385844	-6.020342
183281089102171	6.3792653	-3.4911282	-6.013163
183281096602171	6.3314085	-3.5509489	-5.989235
183281104102171	6.3290157	-3.5557344	-6.0418773
183281111602171	6.3960147	-3.5796626	-6.02752
183281119102171	6.391229	-3.603591	-6.005985
183281126602171	6.4151573	-3.6011982	-5.9653068
183281134102171	6.472585	-3.629912	-5.9676995
183281141602171	6.501299	-3.6586258	-5.9581285
183281149102171	6.5252275	-3.67059	-5.953343
183281156602171	6.5228343	-3.6921253	-6.0083776
183281164102171	6.570691	-3.6777685	-6.06102
183281171602171	6.5946193	-3.6466618	-6.099305
183281179102171	6.678368	-3.6753755	-6.166304
183281186602171	6.745367	-3.7710886	-6.218946
183281292142431	6.7740808	-3.8141594	-6.2644095
183281294733525	6.7501526	-3.842873	-6.276374
183281295504463	6.7764735	-3.8213377	-6.2237315
183281296220921	6.7262244	-3.7304106	-6.1998034
183281296921858	6.6568327	-3.7256248	-6.192625
183281300321963	6.599405	-3.6777685	-6.1184473
183281301330556	6.570691	-3.603591	-6.1567326
183281302292067	6.6352973	-3.5389848	-6.178268
183281309792067	6.6831536	-3.4839497	-6.178268
183281317292067	6.678368	-3.3954153	-6.1591253
183281324792067	6.65444	-3.4456646	-6.1040907
183281332292067	6.6281185	-3.505485	-6.0490556
183281339792067	6.6017976	-3.5198421	-5.9748783
183281363785504	6.5850477	-3.5150564	-5.922236
183281373249827	6.5898337	-3.5174494	-5.879165
183281382819202	6.5778694	-3.5198421	-5.838487
183281369792067	6.5922265	-3.4719856	-5.8337016
183281377292067	6.5946193	-3.4408789	-5.804988
183281384792067	6.6041903	-3.4600215	-5.788238
183281392292067	6.6161547	-3.4767714	-5.7930236
183281399792067	6.623333	-3.495914	-5.864808
183281407292067	6.652047	-3.5820556	-5.864808
183281414792067	6.6831536	-3.6370904	-5.9030933
183281469303942	6.7022963	-3.6275191	-5.9007006
183281444792067	6.800402	-3.5413775	-5.9007006
183281452292067	6.8219376	-3.5509489	-5.9342003
183281459792067	6.8099732	-3.522235	-5.948557
183281467292067	6.8099732	-3.5030923	-5.979664
183281474792067	6.795616	-3.4624143	-5.9964137
183281482292067	6.7908306	-3.4887354	-5.9724855
183281489792067	6.8243303	-3.4791641	-5.962914
183281497292067	6.8243303	-3.493521	-5.9557357
183281504792067	6.8315086	-3.4121652	-5.9437714
183281512292067	6.862615	-3.3954153	-5.9294147
183281519792067	6.8339014	-3.347559	-5.8863435
183281527292067	6.7573314	-3.3379877	-5.9174504
183281534792067	6.721439	-3.278167	-5.881558
183281542292067	6.6568327	-3.3284163	-5.9150577
183281549792067	6.6281185	-3.347559	-5.9294147
183281557292067	6.5754766	-3.3619158	-5.9246287
183281564792067	6.5754766	-3.333202	-5.9653068
183281572292067	6.6281185	-3.3092737	-5.977271
183281579792067	6.678368	-3.3260236	-6.003592
183281587292067	6.7740808	-3.3643086	-6.0227346
183281594792067	6.843473	-3.3643086	-6.0251274
183281602292067	6.838687	-3.3379877	-6.029913
183281609792067	6.836294	-3.4911282	-6.04427
183281617292067	6.7932234	-3.5772698	-6.056234
183281717773160	6.7740808	-3.6083765	-6.0753765
183281725273160	6.7645097	-3.6251264	-6.096912
183281732773160	6.7669024	-3.6083765	-6.1184473
183281740273160	6.7501526	-3.603591	-6.113662
183281747773160	6.7836523	-3.5509489	-6.0801625
183281755273160	6.8075805	-3.4911282	-6.013163
183281762773160	6.800402	-3.4241292	-5.948557
183281770273160	6.7381887	-3.3690944	-5.9174504
183281777773160	6.7094746	-3.3714871	-5.8839507
183281785273160	6.6927247	-3.4097722	-5.8217373
183281792773160	6.661618	-3.4480574	-5.8337016
183281800273160	6.6281185	-3.397808	-5.8480587
183281830920452	6.6089764	-3.426522	-5.814559
183281845920452	6.6687965	-3.4528432	-5.8624153
183281830273160	6.7405815	-3.4600215	-5.9150577
183281837773160	6.788438	-3.4432719	-5.95095
183281845273160	6.798009	-3.4528432	-5.9581285
183281852773160	6.8075805	-3.5102708	-5.9653068
183281860273160	6.695118	-3.5318062	-5.946164
183281909673421	6.6711893	-3.4863427	-5.8863435
183281923016546	6.6281185	-3.4360933	-5.9150577
183281882773160	6.6448684	-3.3834512	-5.9174504
183281890273160	6.666404	-3.3523445	-5.9150577
183281897773160	6.690332	-3.3403804	-5.9342003
183281959410660	6.7381887	-3.333202	-5.95095
183281912773160	6.74776	-3.2757742	-5.9724855
183281987275400	6.7501526	-3.2542388	-5.9581285
183281935273160	6.745367	-3.2327034	-5.989235
183281942773160	6.771688	-3.2446675	-5.9724855
183282006121546	6.7238317	-3.2446675	-5.962914
183281957773160	6.6999035	-3.2614172	-5.9581285
183281965273160	6.687939	-3.3236306	-5.9916277
183281972773160	6.6711893	-3.3882368	-6.058627
183282046152796	6.640083	-3.4432719	-6.0729837
183281987773160	6.647261	-3.4504502	-5.989235
183281995273160	6.7238317	-3.455236	-5.986842
183282002773160	6.7645097	-3.438486	-6.0011992
183282010273160	6.74776	-3.3906298	-6.017949
183282017773160	6.7166533	-3.455236	-6.0323057
183282025273160	6.7501526	-3.548556	-6.02752
183282032773160	6.762117	-3.5270207	-6.0083776
183282040273160	6.745367	-3.5174494	-6.0323057
183282142701494	6.7118673	-3.507878	-6.058627
183282149087014	6.707082	-3.5413775	-6.0155563
183282156587014	6.7429743	-3.4863427	-6.0011992
183282164087014	6.769295	-3.4480574	-6.005985
183282171587014	6.795616	-3.4241292	-6.005985
183282179087014	6.8075805	-3.4289148	-5.9964137
183282186587014	6.71426	-3.4289148	-5.9964137
183282194087014	6.65444	-3.4289148	-5.9916277
183282201587014	6.556334	-3.4432719	-5.9748783
183282209087014	6.474978	-3.455236	-5.953343
183282216587014	6.4366927	-3.4432719	-5.9150577
183282224087014	6.439086	-3.414558	-5.8863435
183282231587014	6.506085	-3.3690944	-5.8887367
183282239087014	6.582655	-3.3810585	-5.9270215
183282246587014	6.6448684	-3.4241292	-5.9653068
183282286443473	6.6831536	-3.4313076	-5.9700923
183282261587014	6.6975107	-3.3906298	-5.962914
183282269087014	6.735796	-3.3834512	-5.953343
183282276587014	6.719046	-3.4719856	-5.936593
183282284087014	6.6687965	-3.4791641	-5.9581285
183282326785191	6.6687965	-3.4528432	-5.95095
183282340357171	6.6855464	-3.4073794	-5.9820566
183282306587014	6.707082	-3.455236	-5.9844494
183282314087014	6.735796	-3.493521	-5.986842
183282321587014	6.7764735	-3.493521	-5.9653068
183282329087014	6.7764735	-3.4839497	-5.989235
183282336587014	6.7740808	-3.5174494	-6.0083776
183282344087014	6.74776	-3.505485	-6.013163
183282351587014	6.7573314	-3.4839497	-5.960521
183282359087014	6.7238317	-3.4504502	-5.9724855
183282366587014	6.661618	-3.4289148	-5.9964137
183282374087014	6.6568327	-3.4504502	-6.0011992
183282381587014	6.62094	-3.481557	-5.960521
183282389087014	6.570691	-3.5006995	-5.9844494
183282396587014	6.5635123	-3.5006995	-6.02752
183282404087014	6.5515485	-3.5126636	-6.0634127
183282411587014	6.556334	-3.5437703	-6.0514483
183282419087014	6.573084	-3.5174494	-6.056234
183282426587014	6.6089764	-3.505485	-6.068198
183282518026650	6.6687965	-3.4983068	-6.056234
183282525718941	6.6855464	-3.4863427	-6.0753765
183282533437795	6.6831536	-3.4695928	-6.087341
183282456587014	6.6831536	-3.3906298	-6.056234
183282552159306	6.623333	-3.37388	-6.0323057
183282560037431	6.6305118	-3.347559	-6.003592
183282570111389	6.6352973	-3.345166	-5.9437714
183282584816598	6.6281185	-3.306881	-5.960521
183282589529410	6.640083	-3.3284163	-5.979664
183282602365295	6.664011	-3.3786657	-6.0155563
183282604529410	6.6975107	-3.4624143	-6.0083776
183282612029410	6.719046	-3.4863427	-6.0011992
183282619529410	6.7094746	-3.4887354	-6.0107703
183282643483056	6.6855464	-3.5174494	-6.0346985
183282634529410	6.6448684	-3.5700915	-6.0418773
183282673483056	6.6161547	-3.574877	-5.989235
183282664529410	6.4965134	-3.6394832	-5.9988065
183282672029410	6.5204415	-3.5676985	-5.9700923
183282679529410	6.5778694	-3.5246277	-5.95095
183282687029410	6.65444	-3.4791641	-5.9174504
183282694529410	6.6352973	-3.455236	-5.895915
183282702029410	6.5850477	-3.414558	-5.8863435
183282709529410	6.546763	-3.3667014	-5.8887367
183282717029410	6.5491557	-3.359523	-5.8600225
183282724529410	6.5635123	-3.3762727	-5.8887367
183282732029410	6.6185474	-3.3092737	-5.919843
183282739529410	6.680761	-3.3355947	-5.962914
183282747029410	6.704689	-3.397808	-5.9844494
183282803111597	6.73101	-3.4337006	-5.9964137
183282762029410	6.795616	-3.3714871	-5.9964137
183282769529410	6.795616	-3.345166	-6.0107703
183282777029410	6.8051877	-3.37388	-6.06102
183282784529410	6.829116	-3.4073794	-6.101698
183282792029410	6.8578296	-3.4193435	-6.125626
183282860999202	6.884151	-3.385844	-6.1328044
183282865492535	6.853044	-3.3403804	-6.1495543
183282880492535	6.836294	-3.3020952	-6.108876
183282885146493	6.7501526	-3.2709885	-6.084948
183282829529410	6.6185474	-3.2853456	-6.087341
183282907873785	6.5611196	-3.3690944	-6.0346985
183282922873785	6.5635123	-3.4241292	-6.06102
183282859529410	6.573084	-3.4049866	-6.0514483
183282949231597	6.6089764	-3.4791641	-6.06102
183282955504618	6.623333	-3.5557344	-6.0107703
183282966154722	6.6185474	-3.5318062	-5.994021
183282979486962	6.5754766	-3.5246277	-5.9653068
183282984997274	6.5084777	-3.5174494	-5.948557
183283006899358	6.501299	-3.5006995	-5.9342003
183283007011337	6.4965134	-3.4528432	-5.907879
183283014511337	6.503692	-3.4528432	-5.895915
183283022011337	6.4845495	-3.5126636	-5.879165
183283029511337	6.501299	-3.562913	-5.905486
183283037011337	6.5515485	-3.5772698	-5.922236
183283044511337	6.5754766	-3.586841	-5.962914
183283052011337	6.6257257	-3.6083765	-5.9964137
183283059511337	6.6999035	-3.615555	-6.02752
183283078529358	6.759724	-3.548556	-6.005985
183283093068316	6.814759	-3.481557	-5.9748783
183283100970243	6.8315086	-3.4169507	-5.9294147
183283109785660	6.786045	-3.3786657	-5.8935223
183283121539202	6.7573314	-3.3044882	-5.8672013
183283132477222	6.7262244	-3.2733815	-5.8432727
183283140138160	6.6999035	-3.290131	-5.8337016
183283148672691	6.666404	-3.2949169	-5.8743796
183283159732170	6.6975107	-3.2949169	-5.946164
183283134511337	6.7238317	-3.345166	-5.9844494
183283142011337	6.7381887	-3.3882368	-5.994021
183283149511337	6.762117	-3.37388	-6.0155563
183283157011337	6.778867	-3.3786657	-6.0346985
183283164511337	6.8195443	-3.3930225	-6.056234
183283172011337	6.8506513	-3.4097722	-6.06102
183283179511337	6.8458657	-3.4049866	-6.04427
183283187011337	6.802795	-3.3762727	-6.046663
183283194511337	6.762117	-3.3834512	-6.068198
183283202011337	6.707082	-3.3714871	-6.0634127
183283209511337	6.661618	-3.4193435	-6.0658054
183283217011337	6.6257257	-3.455236	-6.013163
183283224511337	6.6185474	-3.4313076	-6.0227346
183283232011337	6.6352973	-3.455236	-6.005985
183283239511337	6.6592255	-3.4408789	-5.9964137
183283247011337	6.678368	-3.4504502	-5.977271
183283254511337	6.6735826	-3.4480574	-5.9724855
183283331770868	6.664011	-3.4408789	-5.9964137
183283340537951	6.661618	-3.4887354	-6.0107703
183283352642066	6.695118	-3.4983068	-6.005985
183283284511337	6.690332	-3.4767714	-5.95095
183283292011337	6.666404	-3.4528432	-5.9318075
183283299511337	6.6687965	-3.414558	-5.946164
183283307011337	6.721439	-3.4097722	-5.977271
183283314511337	6.7381887	-3.414558	-5.9294147
183283322011337	6.6687965	-3.3236306	-5.895915
183283329511337	6.6305118	-3.333202	-5.9150577
183283337011337	6.62094	-3.4193435	-5.879165
183283439695087	6.6161547	-3.4432719	-5.898308
183283448044045	6.649654	-3.4313076	-5.912665
183283452642274	6.71426	-3.3954153	-5.9437714
183283462926753	6.7573314	-3.3714871	-5.95095
183283477926753	6.7525454	-3.3690944	-5.9581285
183283482642274	6.7381887	-3.4073794	-5.962914
183283490142274	6.7022963	-3.3930225	-5.95095
183283497642274	6.6855464	-3.3954153	-5.9246287
183283505142274	6.6711893	-3.4217365	-5.9653068
183283512642274	6.680761	-3.4025939	-6.0155563
183283520142274	6.721439	-3.3020952	-5.9964137
183283527642274	6.721439	-3.3667014	-5.9964137
183283535142274	6.7573314	-3.3882368	-5.9844494
183283573979566	6.7764735	-3.3954153	-5.994021
183283579507483	6.778867	-3.347559	-6.017949
183283591475764	6.7908306	-3.3164523	-6.0370917
183283565142274	6.771688	-3.2949169	-5.9964137
183283614352378	6.7238317	-3.3092737	-5.9676995
183283587642274	6.687939	-3.330809	-5.953343
183283595142274	6.687939	-3.3092737	-5.938986
183283602642274	6.6711893	-3.2925239	-6.003592
183283610142274	6.6592255	-3.290131	-6.029913
183283673160347	6.687939	-3.3690944	-6.0921264
183283625142274	6.6927247	-3.400201	-6.084948
183283632642274	6.707082	-3.4672	-6.053841
183283640142274	6.7094746	-3.5246277	-6.111269
183283647642274	6.735796	-3.5365918	-6.0777693
183283655142274	6.7405815	-3.5150564	-6.087341
183283662642274	6.7573314	-3.5006995	-6.1064835
183283670142274	6.795616	-3.4360933	-6.04427
183283677642274	6.778867	-3.4049866	-5.9724855
183283685142274	6.7501526	-3.400201	-5.9724855
183283692642274	6.690332	-3.3762727	-5.9150577
183283700142274	6.6592255	-3.3762727	-5.8887367
183283707642274	6.6185474	-3.35713	-5.8600225
183283715142274	6.5946193	-3.3906298	-5.864808
183283722642274	6.5850477	-3.4241292	-5.8887367
183283730142274	6.5778694	-3.4337006	-5.8935223
183283737642274	6.599405	-3.4121652	-5.9174504
183283745142274	6.63769	-3.4169507	-5.9294147
183283752642274	6.65444	-3.4337006	-5.962914
183283852648420	6.6759753	-3.4600215	-5.9700923
183283857494357	6.6687965	-3.4719856	-5.9748783
183283864893628	6.661618	-3.4767714	-5.986842
183283872393628	6.6352973	-3.4600215	-5.960521
183283879893628	6.661618	-3.4313076	-5.9820566
183283887393628	6.6424756	-3.4648073	-5.9916277
183283894893628	6.6687965	-3.4169507	-6.0107703
183283902393628	6.695118	-3.4169507	-5.9988065
183283909893628	6.719046	-3.4408789	-5.989235
183283917393628	6.71426	-3.4576287	-6.0083776
183283924893628	6.74776	-3.4193435	-6.0083776
183283932393628	6.771688	-3.345166	-5.9676995
183283939893628	6.788438	-3.3116665	-5.9748783
183283947393628	6.7932234	-3.3092737	-5.9653068
183283984243941	6.7669024	-3.266203	-5.936593
183283988507378	6.7525454	-3.249453	-5.936593
183283969893628	6.7764735	-3.2733815	-5.936593
183284009214618	6.728617	-3.3092737	-5.95095
183283984893628	6.71426	-3.3499517	-5.95095
183283992393628	6.73101	-3.400201	-6.013163
183283999893628	6.71426	-3.4719856	-6.0251274
183284007393628	6.687939	-3.4767714	-6.003592
183284014893628	6.687939	-3.4839497	-6.02752
183284022393628	6.661618	-3.493521	-6.0729837
183284029893628	6.687939	-3.5270207	-6.056234
183284037393628	6.704689	-3.481557	-6.0346985
183284044893628	6.6831536	-3.4839497	-6.0251274
183284108525816	6.6448684	-3.4983068	-6.003592
183284121474930	6.6281185	-3.4695928	-5.977271
183284126887170	6.5922265	-3.4408789	-5.953343
183284074893628	6.5850477	-3.455236	-5.9318075
183284082393628	6.6185474	-3.3834512	-5.9007006
183284157315659	6.6592255	-3.3499517	-5.8767724
183284172315659	6.666404	-3.3786657	-5.895915
183284112393628	6.769295	-3.4624143	-5.8767724
183284119893628	6.7908306	-3.4791641	-5.8743796
183284127393628	6.8171515	-3.5030923	-5.8672013
183284134893628	6.8171515	-3.4648073	-5.8337016
183284142393628	6.829116	-3.3882368	-5.804988
183284149893628	6.843473	-3.3379877	-5.8169518
183284157393628	6.862615	-3.3499517	-5.804988
183284164893628	6.8913293	-3.4025939	-5.804988
183284172393628	6.884151	-3.4097722	-5.814559
183284272879201	6.8865438	-3.4289148	-5.84088
183284280379201	6.9056864	-3.4217365	-5.8767724
183284287879201	6.8985076	-3.455236	-5.85763
183284295379201	6.8913293	-3.4576287	-5.855237
183284302879201	6.8889365	-3.4624143	-5.8935223
183284310379201	6.9224358	-3.4337006	-5.8743796
183284317879201	6.9296145	-3.4121652	-5.845666
183284325379201	6.9320073	-3.3906298	-5.8193445
183284332879201	6.9128647	-3.4193435	-5.7786665
183284340379201	6.862615	-3.4528432	-5.773881
183284347879201	6.8506513	-3.4097722	-5.761917
183284355379201	6.8339014	-3.3930225	-5.76431
183284362879201	6.8075805	-3.37388	-5.74756
183284370379201	6.8243303	-3.3834512	-5.7260246
183284377879201	6.836294	-3.3834512	-5.692525
183284385379201	6.8410797	-3.4121652	-5.6877394
183284392879201	6.876972	-3.438486	-5.7020965
183284400379201	6.9224358	-3.4241292	-5.7690954
183284407879201	6.946364	-3.4337006	-5.7858453
183284415379201	6.9678993	-3.4504502	-5.7786665
183284422879201	6.9583282	-3.5533416	-5.76431
183284430379201	6.9894347	-3.6011982	-5.761917
183284437879201	6.984649	-3.656233	-5.7547383
183284445379201	6.977471	-3.6897326	-5.7690954
183284452879201	6.960721	-3.6729827	-5.6877394
183284460379201	7.0205417	-3.6131623	-5.649454
183284467879201	7.025327	-3.6107693	-5.599205
183284475379201	7.01097	-3.603591	-5.5513487
183284482879201	6.977471	-3.6323047	-5.4891353
183284546787899	6.95115	-3.603591	-5.4819565
183284497879201	6.9655066	-3.5676985	-5.465207
183284505379201	6.987042	-3.548556	-5.45085
183284512879201	6.9798636	-3.5318062	-5.4460645
183284520379201	6.977471	-3.5030923	-5.4580283
183284527879201	6.987042	-3.4983068	-5.453243
183284535379201	7.018149	-3.5365918	-5.424529
183284542879201	7.001399	-3.548556	-5.4293146
183284550379201	7.015756	-3.4839497	-5.4029937
183284557879201	7.0396843	-3.5006995	-5.419743
183284565379201	7.04447	-3.505485	-5.407779
183284572879201	7.051648	-3.5318062	-5.4125648
183284580379201	7.097112	-3.4983068	-5.474778
183284587879201	7.051648	-3.5246277	-5.503492
183284595379201	7.0540414	-3.5318062	-5.5513487
183284602879201	7.042077	-3.4791641	-5.5920267
183284703513420	7.0779696	-3.4504502	-5.6183476
183284711013420	7.1138616	-3.4432719	-5.5872407
183284718513420	7.109076	-3.4887354	-5.56092
183284726013420	7.082755	-3.5318062	-5.5537415
183284733513420	7.1018977	-3.5294135	-5.517849
183284741013420	7.1186476	-3.4719856	-5.4388857
183284748513420	7.1138616	-3.455236	-5.426922
183284756013420	7.1162543	-3.4624143	-5.3742795
183284763513420	7.1282187	-3.4624143	-5.3814583
183284771013420	7.1712894	-3.4839497	-5.3383875
183284778513420	7.1880393	-3.4791641	-5.2977095
183284786013420	7.1856465	-3.5198421	-5.2977095
183284793513420	7.1856465	-3.5796626	-5.278567
183284801013420	7.192825	-3.6610186	-5.278567
183284808513420	7.200003	-3.6586258	-5.271388
183284816013420	7.183254	-3.6275191	-5.2498527
183284860463472	7.200003	-3.5892339	-5.235496
183284866845763	7.1952176	-3.5796626	-5.206782
183284878109722	7.1856465	-3.6083765	-5.178068
183284846013420	7.1617184	-3.615555	-5.163711
183284853513420	7.1784678	-3.5772698	-5.1613183
183284861013420	7.2215385	-3.5581272	-5.180461
183284868513420	7.2263246	-3.5557344	-5.1876397
183284876013420	7.223932	-3.5605202	-5.1732826
183284883513420	7.2263246	-3.5509489	-5.1828537
183284891013420	7.207182	-3.6011982	-5.1876397
183284898513420	7.2119675	-3.6346977	-5.144569
183284906013420	7.2382884	-3.6203406	-5.1756754
183284913513420	7.240681	-3.591627	-5.163711
183284921013420	7.2287173	-3.5437703	-5.1732826
183284928513420	7.2622166	-3.5198421	-5.123033
183284936013420	7.274181	-3.5294135	-5.1254263
183284943513420	7.2287173	-3.5389848	-5.1254263
183284951013420	7.2550383	-3.5700915	-5.089534
183284958513420	7.2765737	-3.5844483	-5.0823555
183284966013420	7.274181	-3.5820556	-5.0943193
183284973513420	7.2622166	-3.5772698	-5.0943193
183284981013420	7.271788	-3.5437703	-5.099105
183284988513420	7.2670026	-3.5533416	-5.127819
183284996013420	7.2526455	-3.5964124	-5.1158547
183285003513420	7.245467	-3.6011982	-5.139783
183285011013420	7.21436	-3.5940197	-5.1493545
183285018513420	7.1976104	-3.6011982	-5.168497
183285026013420	7.1952176	-3.603591	-5.1493545
183285033513420	7.23111	-3.6059837	-5.1326046
183285133524774	7.2502527	-3.5533416	-5.1014977
183285141024774	7.2765737	-3.5030923	-5.099105
183285148524774	7.2119675	-3.4791641	-5.1158547
183285156024774	7.192825	-3.4983068	-5.1206403
183285163524774	7.166504	-3.4887354	-5.1254263
183285171024774	7.1449685	-3.493521	-5.1182475
183285178524774	7.097112	-3.4719856	-5.139783
183285186024774	7.0779696	-3.4360933	-5.15414
183285193524774	7.125826	-3.4313076	-5.221139
183285201024774	7.1282187	-3.481557	-5.2953167
183285208524774	7.1162543	-3.493521	-5.285745
183285216024774	7.123433	-3.4624143	-5.3240304
183285223524774	7.1377897	-3.4839497	-5.3647084
183285231024774	7.111469	-3.546163	-5.359923
183285238524774	7.058827	-3.5030923	-5.400601
183285246024774	7.0731835	-3.4337006	-5.4149575
183285253524774	7.058827	-3.493521	-5.4484572
183285261024774	7.0612197	-3.4839497	-5.4628143
183285268524774	7.015756	-3.4576287	-5.515456
183285276024774	6.975078	-3.4432719	-5.615955
183285283524774	6.95115	-3.4097722	-5.642276
183285291024774	6.91765	-3.4600215	-5.7116675
183285298524774	6.9009004	-3.4289148	-5.7379885
183285306024774	6.853044	-3.4432719	-5.802595
183285313524774	6.8315086	-3.4097722	-5.831309
183285321024774	6.7908306	-3.4289148	-5.879165
183285328524774	6.728617	-3.4289148	-5.936593
183285336024774	6.71426	-3.4241292	-5.9342003
183285343524774	6.7429743	-3.3427732	-5.989235
183285351024774	6.7118673	-3.3092737	-6.0658054
183285358524774	6.6711893	-3.2685957	-6.151947
183285366024774	6.6424756	-3.2829528	-6.2380886
183285373524774	6.680761	-3.3355947	-6.24766
183285381024774	6.735796	-3.2733815	-6.2955165
183285388524774	6.778867	-3.2063823	-6.3290157
183285396024774	6.7764735	-3.1920254	-6.352944
183285403524774	6.7645097	-3.1680973	-6.364908
183285411024774	6.74776	-3.1944182	-6.3888364
183285418524774	6.7405815	-3.2327034	-6.4055862
183285426024774	6.704689	-3.158526	-6.393622
183285433524774	6.65444	-3.1082766	-6.4606214
183285441024774	6.6161547	-3.0987053	-6.501299
183285448524774	6.613762	-3.0675986	-6.5443697
183285553742898	6.587441	-3.1537402	-6.5754766
183285561242898	6.530013	-3.1130621	-6.5778694
183285565668784	6.5228343	-3.0987053	-6.5754766
183285573168784	6.5754766	-3.022135	-6.111269
183285580668784	6.4295144	-3.5246277	-5.910272
183285588168784	6.9798636	-3.548556	-5.986842
183285595668784	6.759724	-3.1848469	-6.829116
183285603168784	6.1471615	-3.1369905	-6.309873
183285610668784	6.257231	-3.0245278	-6.317052
183285618168784	6.62094	-2.8713872	-6.4031935
183285625668784	6.5252275	-3.117848	-6.3960147
183285633168784	6.393622	-3.385844	-6.491728
183285640668784	6.309873	-3.3379877	-6.4677997
183285648168784	6.2691956	-3.182454	-6.5084777
183285655668784	6.2141604	-3.0197423	-6.5491557
183285663168784	6.13759	-3.0029924	-6.6329045
183285670668784	6.161518	-3.0939198	-6.649654
183285678168784	6.204589	-3.1226335	-6.6735826
183285685668784	6.1591253	-3.1800613	-6.6975107
183285693168784	6.1184473	-3.249453	-6.754938
183285700668784	6.1040907	-3.1561332	-6.8099732
183285708168784	6.068198	-3.089134	-6.862615
183285760769617	6.0658054	-3.0580273	-6.948757
183285723168784	6.094519	-3.0293136	-6.991828
183285730668784	6.0514483	-3.010171	-7.0875406
183285738168784	6.029913	-3.0556345	-7.1018977
183285745668784	6.0634127	-3.062813	-7.1306114
183285753168784	6.020342	-3.0364919	-7.135397
183285820360294	5.9748783	-3.0125637	-7.125826
183285828145555	5.9174504	-3.0364919	-7.1066833
183285838193732	5.8887367	-2.9838498	-7.125826
183285848339461	5.855237	-2.9958138	-7.1425757
183285790668784	5.8600225	-2.9192436	-7.149754
183285798168784	5.8743796	-2.806781	-7.1808605
183285805668784	5.8337016	-2.8378878	-7.1688967
183285813168784	5.828916	-2.7756743	-7.176075
183285820668784	5.895915	-2.7565317	-7.183254
183285828168784	5.905486	-2.7326035	-7.1569324
183285835668784	5.8624153	-2.7421749	-7.1449685
183285843168784	5.797809	-2.7230322	-7.1545396
183285850668784	5.757131	-2.7876384	-7.1712894
183285858168784	5.706882	-2.8259234	-7.1162543
183285865668784	5.65424	-2.87378	-7.149754
183285873168784	5.6327047	-2.8115666	-7.1377897
183285880668784	5.5896335	-2.8283165	-7.1952176
183285982461648	5.5537415	-2.8235307	-7.2119675
183285989961648	5.517849	-2.8139594	-7.2287173
183285997461648	5.5633125	-2.8426733	-7.2502527
183286004961648	5.5704913	-2.9168508	-7.2861447
183286012461648	5.5298133	-2.8642087	-7.2693954
183286019961648	5.556134	-2.861816	-7.257431
183286027461648	5.5369916	-2.8354948	-7.2287173
183286034961648	5.517849	-2.7637103	-7.216753
183286042461648	5.4843497	-2.7062824	-7.23111
183286067478419	5.505885	-2.737389	-7.2263246
183286057461648	5.5106707	-2.7708886	-7.259824
183286064961648	5.4699926	-2.7613173	-7.298109
183286072461648	5.4317074	-2.7302105	-7.3196445
183286079961648	5.369494	-2.7158537	-7.355537
183286087461648	5.3336015	-2.696711	-7.4105716
183286094961648	5.278567	-2.7421749	-7.4392858
183286102461648	5.237889	-2.7684958	-7.4273214
183286109961648	5.1924253	-2.7637103	-7.489535
183286117461648	5.197211	-2.7278178	-7.52782
183286124961648	5.130212	-2.6991038	-7.5661054
183286132461648	5.139783	-2.7206392	-7.5469627
183286139961648	5.221139	-2.696711	-7.585248
183286147461648	5.235496	-2.6751757	-7.5493555
183286154961648	5.261817	-2.6656044	-7.539784
183286162461648	5.2139606	-2.6679974	-7.537391
183286169961648	5.218746	-2.6895328	-7.530213
183286177461648	5.221139	-2.725425	-7.54457
183286184961648	5.2139606	-2.7230322	-7.5661054
183286192461648	5.2331033	-2.7038896	-7.5661054
183286199961648	5.2331033	-2.713461	-7.5661054
183286207461648	5.2307105	-2.7230322	-7.5924263
183286214961648	5.2929235	-2.7182465	-7.5756764
183286222461648	5.288138	-2.7732813	-7.5828547
183286229961648	5.271388	-2.7948167	-7.570891
183286237461648	5.2402816	-2.7684958	-7.554141
183286244961648	5.2307105	-2.7565317	-7.5254273
183286323085763	5.2307105	-2.78046	-7.54457
183286259961648	5.2235317	-2.8115666	-7.597212
183286267461648	5.2307105	-2.8163524	-7.6594253
183286274961648	5.259424	-2.8378878	-7.661818
183286282461648	5.2809596	-2.8929226	-7.7001033
183286289961648	5.316852	-2.900101	-7.6713896
183286297461648	5.3312087	-2.8953154	-7.676175
183286304961648	5.3312087	-2.9575288	-7.6666036
183286312461648	5.316852	-2.9958138	-7.62114
183286319961648	5.2977095	-2.9718857	-7.597212
183286423166492	5.245067	-2.9383862	-7.5996046
183286430666492	5.194818	-2.9120653	-7.6426754
183286438166492	5.1421757	-2.9072795	-7.6713896
183286445666492	5.1756754	-2.8905299	-7.6259255
183286453166492	5.1900325	-2.8953154	-7.597212
183286460666492	5.218746	-2.8474588	-7.585248
183286477385242	5.271388	-2.8187451	-7.54457
183286491999200	5.3072805	-2.8378878	-7.5254273
183286483166492	5.3479586	-2.8977082	-7.5661054
183286511544773	5.359923	-2.8259234	-7.5086775
183286519833106	5.3982077	-2.8163524	-7.530213
183286531563263	5.383851	-2.806781	-7.5517483
183286537628159	5.3910294	-2.821138	-7.5349984
183286520666492	5.3718867	-2.833102	-7.479964
183286558637794	5.326423	-2.833102	-7.4249287
183286535666492	5.271388	-2.9168508	-7.3986077
183286543166492	5.197211	-2.9575288	-7.4033933
183286550666492	5.1828537	-2.9647074	-7.429714
183286558166492	5.204389	-2.9048867	-7.4943204
183286607457898	5.2426744	-2.87378	-7.515856
183286617234773	5.24746	-2.9216363	-7.5469627
183286624492898	5.2307105	-2.9359934	-7.5661054
183286633815658	5.285745	-2.8761728	-7.609176
183286644719565	5.4149575	-2.9838498	-7.6139617
183286649264981	5.532206	-3.0843484	-7.570891
183286664264981	5.575277	-3.1202407	-7.499106
183286625666492	5.575277	-3.1274192	-7.432107
183286633166492	5.615955	-3.1345978	-7.4512496
183286640666492	5.6877394	-3.0867412	-7.4416785
183286648166492	5.7188463	-3.0077782	-7.479964
183286655666492	5.757131	-3.022135	-7.4823565
183286663166492	5.7930236	-2.993421	-7.4416785
183286670666492	5.814559	-2.9958138	-7.422536
183286678166492	5.8193445	-2.9575288	-7.3627152
183286685666492	5.8839507	-2.861816	-7.281359
183286693166492	5.895915	-2.8091738	-7.1688967
183286700666492	5.8743796	-2.7708886	-7.109076
183286708166492	5.855237	-2.8307092	-7.1162543
183286715666492	5.8767724	-2.8378878	-7.1784678
183286723166492	5.9318075	-2.8283165	-7.173682
183286730666492	5.9270215	-2.833102	-7.183254
183286738166492	5.919843	-2.8570302	-7.1856465
183286745666492	5.922236	-2.969493	-7.149754
183286753166492	5.9294147	-3.1106694	-7.075577
183286854720815	5.871987	-3.0556345	-7.015756
183286865741596	5.9150577	-2.9383862	-6.91765
183286873796856	5.9653068	-2.900101	-6.798009
183286888796856	5.9820566	-2.8139594	-6.7429743
183286892220815	5.9724855	-2.833102	-6.786045
183286899720815	5.9270215	-2.7972097	-6.8075805
183286907220815	5.938986	-2.9168508	-6.853044
183286914720815	6.04427	-2.8809586	-6.862615
183286945192117	6.084948	-3.048456	-6.8410797
183286929720815	6.1232333	-3.0675986	-6.7573314
183286937220815	6.1567326	-3.0077782	-6.7405815
183286944720815	6.1567326	-3.034099	-6.754938
183286952220815	6.1806607	-3.117848	-6.7573314
183286959720815	6.166304	-3.0652058	-6.7836523
183286967220815	6.168697	-3.0580273	-6.927222
183287010971231	6.204589	-3.1058838	-7.003792
183287016340502	6.233303	-3.2183464	-7.0492554
183286989720815	6.245267	-3.2542388	-7.0396843
183287033357065	6.2309103	-3.2805598	-7.01097
183287048357065	6.2237315	-3.2422748	-6.946364
183287063357065	6.204589	-3.2135608	-6.9056864
183287034720815	6.1806607	-3.1154552	-6.7836523
183287042220815	6.1639113	-3.129812	-6.745367
183287049720815	6.1639113	-3.0580273	-6.640083
183287057220815	6.2213387	-2.8354948	-6.6161547
183287064720815	6.3385873	-2.9168508	-6.5682983
183287072220815	6.367301	-2.8977082	-6.4773707
183287079720815	6.398408	-2.8833513	-6.422336
183287087220815	6.3960147	-2.8354948	-6.3625154
183287094720815	6.364908	-2.914458	-6.3625154
183287102220815	6.35773	-2.9192436	-6.34098
183287109720815	6.290731	-2.9886355	-6.355337
183287117220815	6.2979093	-2.955136	-6.2955165
183287124720815	6.2524457	-2.9910283	-6.2979093
183287132220815	6.2811594	-2.9096723	-6.2979093
183287139720815	6.3385873	-2.8283165	-6.1998034
183287147220815	6.350551	-2.8498518	-6.178268
183287154720815	6.302695	-2.9383862	-6.218946
183287162220815	6.317052	-3.0197423	-6.245267
183287169720815	6.424729	-3.0269206	-6.2548385
183287271093315	6.4941206	-3.0269206	-6.34098
183287275231023	6.5108705	-3.0556345	-6.4151573
183287282731023	6.573084	-3.0532417	-6.3601227
183287290231023	6.6041903	-3.0795627	-6.3385873
183287297731023	6.5946193	-3.1657043	-6.3361945
183287305231023	6.6257257	-3.1226335	-6.3074803
183287312731023	6.6281185	-3.1106694	-6.2883377
183287320231023	6.5778694	-3.1537402	-6.3720865
183287327731023	6.556334	-3.0915267	-6.3888364
183287335231023	6.5204415	-3.089134	-6.393622
183287342731023	6.5276203	-3.07717	-6.391229
183287350231023	6.532406	-3.050849	-6.4414787
183287357731023	6.506085	-3.0077782	-6.431907
183287365231023	6.532406	-3.0819557	-6.431907
183287372731023	6.5898337	-3.1154552	-6.407979
183287412863471	6.5946193	-3.1058838	-6.393622
183287395231023	6.5946193	-3.0963125	-6.4031935
183287402731023	6.606583	-3.0580273	-6.391229
183287410231023	6.573084	-3.0053852	-6.3792653
183287417731023	6.515656	-3.0173492	-6.4366927
183287425231023	6.489335	-3.0436704	-6.4343
183287476686023	6.474978	-3.0077782	-6.4366927
183287440231023	6.4797635	-2.9838498	-6.4343
183287447731023	6.4534426	-2.9599216	-6.4271216
183287455231023	6.431907	-3.0436704	-6.4414787
183287462731023	6.431907	-3.0915267	-6.4701924
183287470231023	6.465407	-3.1728828	-6.506085
183287477731023	6.4941206	-3.2207394	-6.5659056
183287548431023	6.5084777	-3.2997024	-6.599405
183287556358002	6.5347986	-3.4528432	-6.652047
183287563727950	6.597012	-3.5557344	-6.6999035
183287507731023	6.666404	-3.5509489	-6.707082
183287515231023	6.680761	-3.5365918	-6.664011
183287522731023	6.678368	-3.5246277	-6.606583
183287530231023	6.652047	-3.6346977	-6.5108705
183287537731023	6.6424756	-3.6251264	-6.501299
183287545231023	6.6352973	-3.6586258	-6.474978
183287552731023	6.6305118	-3.591627	-6.364908
183287560231023	6.5515485	-3.5605202	-6.367301
183287567731023	6.5491557	-3.5700915	-6.3720865
183287575231023	6.5898337	-3.586841	-6.350551
183287582731023	6.6017976	-3.4767714	-6.352944
183287590231023	6.546763	-3.5796626	-6.352944
183287691431387	6.6017976	-3.6681972	-6.398408
183287698931387	6.63769	-3.5653057	-6.407979
183287706431387	6.6257257	-3.5605202	-6.4677997
183287713931387	6.6711893	-3.6610186	-6.532406
183287721431387	6.735796	-3.7615173	-6.5922265
183287728931387	6.7166533	-3.7615173	-6.7094746
183287736431387	6.7645097	-3.65384	-6.7645097
183287743931387	6.8458657	-3.5796626	-6.778867
183287751431387	6.8745794	-3.548556	-6.8506513
183287758931387	6.920043	-3.574877	-6.8889365
183287766431387	6.948757	-3.546163	-6.9320073
183287773931387	6.9391856	-3.5365918	-6.9559355
183287781431387	6.9056864	-3.5676985	-7.025327
183287788931387	6.884151	-3.5820556	-7.1018977
183287796431387	6.838687	-3.6658044	-7.1306114
183287803931387	6.8482585	-3.6490545	-7.133004
183287811431387	6.879365	-3.5437703	-7.051648
183287818931387	6.8817577	-3.385844	-6.8339014
183287826431387	6.855437	-3.0556345	-6.352944
183287833931387	6.6257257	-2.861816	-6.3625154
183287841431387	6.661618	-2.8426733	-6.6448684
183287848931387	6.8099732	-3.0867412	-6.647261
183287856431387	7.02772	-3.6921253	-5.5465627
183287863931387	6.862615	-4.0510488	-4.9052863
183287871431387	6.664011	-3.778267	-5.1661043
183287878931387	6.735796	-3.3667014	-5.9342003
183287886431387	6.8745794	-3.2685957	-6.2261243
183287893931387	6.664011	-3.4313076	-6.558727
183287901431387	6.5084777	-3.9696927	-6.7429743
183287908931387	6.541977	-4.476971	-6.8506513
183287916431387	6.5491557	-4.1180477	-7.0899334
183287923931387	6.4055862	-4.0271206	-7.2263246
183287931431387	6.283552	-4.426722	-7.355537
183287938931387	6.3744793	-3.9888353	-7.405786
183287946431387	6.381658	-5.395815	-6.963114
183287953931387	6.7908306	-3.4337006	-5.704489
183287961431387	7.042077	-3.290131	-5.0943193
183287968931387	6.754938	-3.2805598	-5.7810597
183287976431387	7.02772	-3.0556345	-5.4436717
183287983931387	6.6329045	-3.615555	-5.895915
183287991431387	6.843473	-3.1561332	-5.649454
183287998931387	6.7525454	-2.4502504	-6.0897336
183288006431387	6.903293	-2.6799614	-6.108876
183288013931387	6.927222	-2.8378878	-6.2979093
183288114345710	6.948757	-2.9647074	-6.4462643
183288121845710	6.9391856	-2.8666015	-6.7932234
183288129345710	6.893722	-2.9838498	-7.216753
183288136845710	6.8985076	-3.1944182	-7.4440713
183288144345710	6.9152575	-2.993421	-7.7001033
183288151845710	7.0540414	-2.778067	-7.7479596
183288159345710	7.003792	-2.4023938	-7.987242
183288166845710	6.9702926	-2.036292	-8.159525
