183269999961029	0.015874445	0.017095556	0.014653334
183270027848842	5.062727	-1.3346745	20.336386
183270034879206	0.27108666	0.029306669	5.100581
183270105607227	0.070824444	0.019537779	0.4921078
183270115775769	-0.013432222	0.019537779	0.39197668
183270130775769	13.097638	-2.3775034	30.019796
183270145775769	7.232641	-1.5373789	21.624657
183270160775769	0.28818223	0.036633335	5.4864526
183270175775769	-0.7888378	0.38220778	0.9634567
183270190775769	-0.5690378	0.35412225	-1.0269545
183270205775769	-0.10745778	0.14531223	-0.71435004
183270220775769	-0.042738892	0.06594	0.7619734
183270229083217	-0.05617111	0.08059334	0.52019334
183270239250144	-0.08303556	0.10745778	-0.28574002
183270246726290	-0.12943779	0.11600556	0.04029667
183270259301967	-0.14164889	0.12089001	0.48844448
183270270642904	-0.081814446	0.13310112	-0.012211111
183270280687696	-0.08425667	0.12699556	0.23811668
183270292237123	-0.042738892	0.11112112	0.33214223
183270299911029	0.01099	0.10745778	0.1746189
183270310419883	0.048844445	0.106236674	0.12821667
183270320631342	0.05250778	0.089141116	0.19782001
183270330080404	0.028085556	0.07204556	0.16240779
183270337598946	-0.029306669	0.058613338	0.06960334
183270343979519	-0.10013112	0.048844445	0.089141116
183270356135196	-0.14531223	0.04396	0.14042778
183270361812852	-0.12943779	0.04396	0.13920668
183270376812852	-0.051286668	0.04151778	0.12577444
183270384182644	0.012211111	0.048844445	0.13920668
183270394103008	0.05006556	0.054950003	0.14409111
183270405124415	0.11356334	0.04396	0.12089001
183270414192748	0.20026223	0.025643334	0.11966889
183270426614311	0.2625389	0.023201112	0.14287001
183270434122019	0.2820767	0.013432222	0.11966889
183270446536446	0.21735778	0.019537779	0.09524667
183270454134727	0.014653334	0.04029667	0.08425667
183270462953685	-0.17828223	0.036633335	0.11112112
183270474339727	-0.23933779	0.05006556	0.11356334
183270482218269	-0.14409111	0.026864445	0.117226675
183270522844258	-0.09524667	0.02075889	0.17706113
183270523009883	-0.07693	0.036633335	0.19415668
183270523087540	-0.08669889	0.051286668	0.21247335
183270529857852	-0.08425667	0.06716111	0.21735778
183270539216290	-0.05006556	0.064718895	0.20881
183270544983946	-0.019537779	0.06105556	0.20636779
183270552483946	-0.019537779	0.048844445	0.20881
183270568133842	-0.11234222	0.04151778	0.20881
183270574983946	-0.12577444	0.03052778	0.1965989
183270590301498	-0.06960334	0.02075889	0.17950334
183270589983946	0.014653334	0.012211111	0.17217667
183270597483946	0.081814446	0.0061055557	0.15386
183270604983946	0.10867889	0.0061055557	0.13554333
183270612483946	0.09280445	0.015874445	0.106236674
183270619983946	0.07570889	0.018316668	0.08669889
183270627483946	0.07693	0.02075889	0.07326667
183270634983946	0.07326667	0.02075889	0.06227667
183270642483946	0.05372889	0.023201112	0.04151778
183270649983946	0.04151778	0.035412222	0.017095556
183270657483946	0.048844445	0.035412222	0.0012211112
183270664983946	0.045181114	0.039075557	-0.0012211112
183270709620196	0.037854444	0.037854444	-0.0048844446
183270679983946	0.029306669	0.034191113	-0.01099
183270687483946	0.028085556	0.03297	-0.0024422223
183270694983946	0.019537779	0.03052778	0.009768889
183270702483946	0.009768889	0.03174889	0.019537779
183270709983946	0.014653334	0.023201112	0.02198
183270717483946	0.007326667	0.014653334	0.036633335
183270724983946	-0.034191113	0.008547778	0.045181114
183270732483946	-0.057392225	0.0	0.048844445
183270739983946	-0.054950003	-0.0036633336	0.05617111
183270747483946	-0.029306669	-0.0024422223	0.05372889
183270754983946	-0.01099	-0.0012211112	0.05006556
183270825644467	-0.019537779	0.0024422223	0.048844445
183270835396758	-0.019537779	0.008547778	0.03297
183270777483946	-0.013432222	0.01099	0.034191113
183270784983946	-0.024422223	0.012211111	0.036633335
183270792483946	-0.04029667	0.018316668	0.018316668
183270799983946	-0.05617111	0.019537779	0.0
183270807483946	-0.078151114	0.028085556	0.009768889
183270814983946	-0.10379445	0.036633335	0.012211111
183270822483946	-0.11966889	0.042738892	0.02198
183270829983946	-0.10745778	0.04151778	0.025643334
183270837483946	-0.06594	0.037854444	0.023201112
183270844983946	-0.03052778	0.03297	0.017095556
183270852483946	-0.019537779	0.024422223	0.03297
183270952560144	-0.0036633336	0.019537779	0.019537779
183270960060144	0.012211111	0.012211111	0.019537779
183270967560144	0.019537779	0.0036633336	0.015874445
183270975060144	0.012211111	0.0	0.009768889
183270992509779	-0.023201112	0.0036633336	0.013432222
183271000817227	-0.048844445	0.0012211112	0.026864445
183271011584883	-0.037854444	-0.0048844446	0.028085556
183271005060144	-0.015874445	-0.008547778	0.019537779
183271012560144	-0.007326667	0.0	0.017095556
183271020060144	0.0036633336	-0.0048844446	0.018316668
183271027560144	0.014653334	-0.014653334	0.01099
183271035060144	0.013432222	-0.015874445	0.009768889
183271042560144	0.008547778	-0.015874445	0.0024422223
183271072496029	-0.0048844446	-0.013432222	-0.007326667
183271087496029	0.0	-0.013432222	0.0012211112
183271065060144	0.008547778	-0.013432222	0.0048844446
183271072560144	0.007326667	-0.012211111	0.0012211112
183271080060144	0.009768889	-0.0036633336	0.0024422223
183271087560144	0.012211111	-0.0024422223	-0.008547778
183271095060144	0.034191113	0.0012211112	-0.012211111
183271102560144	0.047623336	0.0024422223	-0.012211111
183271110060144	0.046402223	0.0	-0.014653334
183271117560144	0.042738892	-0.0012211112	-0.01099
183271125060144	0.04029667	0.0	-0.008547778
183271132560144	0.034191113	0.0048844446	0.0
183271140060144	0.017095556	0.0048844446	-0.009768889
183271147560144	-0.0012211112	0.0048844446	-0.013432222
183271155060144	-0.0048844446	0.0012211112	-0.018316668
183271162560144	0.01099	0.0024422223	-0.026864445
183271170060144	0.018316668	0.0036633336	-0.023201112
183271177560144	0.017095556	0.0012211112	-0.023201112
183271185060144	0.03052778	0.0036633336	-0.035412222
183271192560144	0.046402223	-0.0012211112	-0.035412222
183271200060144	0.047623336	-0.008547778	-0.034191113
183271207560144	0.042738892	-0.01099	-0.039075557
183271215060144	0.037854444	-0.012211111	-0.035412222
183271222560144	0.029306669	-0.014653334	-0.029306669
183271230060144	0.012211111	-0.014653334	-0.03052778
183271237560144	0.0012211112	-0.0061055557	-0.03052778
183271245060144	-0.0012211112	-0.0012211112	-0.02075889
183271356581914	0.0	0.0012211112	-0.0012211112
183271364081914	-0.0012211112	0.0036633336	0.0048844446
183271371581914	-0.014653334	0.012211111	0.013432222
183271379081914	-0.035412222	0.009768889	0.028085556
183271381719154	-0.06227667	0.009768889	0.047623336
183271389219154	-0.106236674	0.01099	0.057392225
183271392004987	-0.11234222	0.013432222	0.06594
183271399504987	-0.09646778	0.018316668	0.06349778
183271407004987	-0.078151114	0.018316668	0.064718895
183271414504987	-0.047623336	0.017095556	0.05617111
183271422004987	-0.023201112	0.019537779	0.045181114
183271429504987	0.0024422223	0.02198	0.04151778
183271437004987	0.018316668	0.018316668	0.029306669
183271444504987	0.029306669	0.023201112	0.018316668
183271452004987	0.024422223	0.03052778	0.01099
183271459504987	0.013432222	0.037854444	0.009768889
183271467004987	0.024422223	0.04396	0.0048844446
183271498335143	0.048844445	0.047623336	-0.0024422223
183271511035091	0.06716111	0.05617111	-0.0036633336
183271517497591	0.08792	0.059834447	-0.007326667
183271529418477	0.07326667	0.06594	-0.007326667
183271538221758	0.039075557	0.07570889	-0.007326667
183271512004987	-0.0012211112	0.08303556	0.0036633336
183271519504987	-0.026864445	0.08669889	0.019537779
183271527004987	-0.029306669	0.09768889	0.029306669
183271534504987	-0.008547778	0.10745778	0.014653334
183271542004987	0.009768889	0.10867889	0.01099
183271549504987	0.02198	0.11356334	0.0048844446
183271557004987	0.015874445	0.11844778	0.009768889
183271564504987	0.02075889	0.117226675	0.009768889
183271572004987	0.03297	0.11966889	0.008547778
183271579504987	0.039075557	0.12211112	0.015874445
183271587004987	0.042738892	0.12577444	0.012211111
183271594504987	0.051286668	0.13676445	0.0036633336
183271602004987	0.054950003	0.14409111	0.008547778
183271609504987	0.05372889	0.15019667	0.013432222
183271617004987	0.058613338	0.16118668	0.0048844446
183271624504987	0.057392225	0.16485001	-0.008547778
183271632004987	0.054950003	0.16973445	-0.0036633336
183271639504987	0.036633335	0.17584	0.0048844446
183271647004987	0.029306669	0.17950334	0.008547778
183271654504987	0.03174889	0.18805112	0.0061055557
183271738061341	0.04151778	0.20026223	0.0048844446
183271669504987	0.058613338	0.2075889	0.0012211112
183271677004987	0.058613338	0.21003112	-0.0061055557
183271684504987	0.06349778	0.21125223	-0.012211111
183271692004987	0.05250778	0.21125223	-0.009768889
183271699504987	0.045181114	0.20636779	-0.0024422223
183271707004987	0.039075557	0.20026223	0.0
183271714504987	0.03174889	0.1965989	0.007326667
183271722004987	0.04029667	0.19537778	0.007326667
183271823347070	0.05250778	0.1965989	0.0
183271830847070	0.058613338	0.2075889	-0.0012211112
183271838347070	0.046402223	0.21735778	0.007326667
183271845847070	0.024422223	0.2295689	0.023201112
183271853347070	0.01099	0.23689556	0.02198
183271860847070	0.02075889	0.24788557	0.02075889
183271868347070	0.04396	0.24666445	0.02075889
183271875847070	0.058613338	0.24666445	0.02198
183271883347070	0.057392225	0.24666445	0.007326667
183271890847070	0.05250778	0.2515489	0.009768889
183271898347070	0.047623336	0.25643334	0.01099
183271905847070	0.048844445	0.25887558	0.009768889
183271913347070	0.059834447	0.25765446	0.014653334
183271920847070	0.06716111	0.25521225	0.023201112
183271928347070	0.06105556	0.25887558	0.017095556
183271935847070	0.054950003	0.2503278	0.03052778
183271943347070	0.042738892	0.24544334	0.042738892
183271950847070	0.034191113	0.24178001	0.039075557
183271958347070	0.026864445	0.24422224	0.034191113
183271965847070	0.039075557	0.23933779	0.04151778
183271973347070	0.05617111	0.24055889	0.035412222
183271980847070	0.059834447	0.24055889	0.028085556
183271988347070	0.054950003	0.24055889	0.03052778
183271995847070	0.051286668	0.24178001	0.029306669
183272003347070	0.035412222	0.24055889	0.029306669
183272010847070	0.029306669	0.24544334	0.03174889
183272018347070	0.047623336	0.24300112	0.035412222
183272025847070	0.070824444	0.24178001	0.035412222
183272033347070	0.06716111	0.24178001	0.034191113
183272040847070	0.047623336	0.23811668	0.034191113
183272048347070	0.036633335	0.24055889	0.04151778
183272055847070	0.024422223	0.24422224	0.042738892
183272063347070	0.026864445	0.24055889	0.045181114
183272070847070	0.04151778	0.23079	0.04396
183272078347070	0.051286668	0.23079	0.047623336
183272186035560	0.058613338	0.22102112	0.036633335
183272186962383	0.05372889	0.20881	0.046402223
183272197959466	0.047623336	0.2075889	0.04396
183272201848841	0.05006556	0.19904111	0.04029667
183272201929310	0.05250778	0.19293556	0.04029667
183272206304570	0.039075557	0.19049335	0.024422223
183272217319362	0.029306669	0.18194556	0.025643334
183272221304570	0.029306669	0.18194556	0.024422223
183272236548268	0.025643334	0.17339778	0.013432222
183272247296081	0.034191113	0.16362889	0.0024422223
183272256951237	0.028085556	0.15752333	0.0024422223
183272268666862	0.024422223	0.15019667	0.0036633336
183272279151029	0.02075889	0.13554333	0.008547778
183272266304570	0.026864445	0.11844778	0.019537779
183272273804570	0.028085556	0.10867889	0.023201112
183272281304570	0.025643334	0.09768889	0.02075889
183272288804570	0.014653334	0.08792	0.024422223
183272296304570	-0.02075889	0.09402556	0.042738892
183272303804570	-0.051286668	0.09036223	0.05006556
183272311304570	-0.06349778	0.08792	0.051286668
183272318804570	-0.06594	0.07937223	0.047623336
183272326304570	-0.085477784	0.07326667	0.04029667
183272333804570	-0.106236674	0.06716111	0.04151778
183272341304570	-0.10867889	0.06105556	0.048844445
183272348804570	-0.07204556	0.045181114	0.035412222
183272356304570	-0.064718895	0.03052778	0.03052778
183272363804570	-0.078151114	0.017095556	0.026864445
183272371304570	-0.08669889	-0.007326667	0.029306669
183272378804570	-0.08669889	-0.028085556	0.019537779
183272386304570	-0.109900005	-0.046402223	0.0
183272393804570	-0.109900005	-0.06227667	0.008547778
183272401304570	-0.09280445	-0.085477784	0.0024422223
183272408804570	-0.07937223	-0.10379445	-0.015874445
183272416304570	-0.070824444	-0.12821667	-0.02075889
183272423804570	-0.08303556	-0.15019667	-0.028085556
183272431304570	-0.106236674	-0.17095557	-0.025643334
183272438804570	-0.11600556	-0.19293556	-0.03174889
183272562792435	-0.11600556	-0.21369445	-0.026864445
183272563094258	-0.14653334	-0.24422224	-0.02198
183272563169518	-0.12577444	-0.27108666	-0.029306669
183272563239778	-0.10379445	-0.2942878	-0.029306669
183272572031393	-0.117226675	-0.31016225	-0.028085556
183272579972278	-0.14164889	-0.3284789	-0.026864445
183272590555195	-0.15630223	-0.3724389	-0.029306669
183272593267695	-0.17706113	-0.38709223	-0.035412222
183272611666081	-0.18683001	-0.4151778	-0.04396
183272608267695	-0.17584	-0.44448447	-0.046402223
183272615767695	-0.16240779	-0.4713489	-0.045181114
183272623267695	-0.15019667	-0.48966557	-0.048844445
183272630767695	-0.13554333	-0.5043189	-0.05250778
183272638267695	-0.14775445	-0.5238567	-0.057392225
183272645767695	-0.1746189	-0.54461557	-0.054950003
183272653267695	-0.23445335	-0.56293225	-0.047623336
183272660767695	-0.27719223	-0.5873545	-0.051286668
183272668267695	-0.2869611	-0.6142189	-0.05250778
183272715436341	-0.25887558	-0.6581789	-0.05250778
183272690767695	-0.24300112	-0.67283225	-0.06349778
183272698267695	-0.23445335	-0.6874856	-0.06105556
183272705767695	-0.25399113	-0.69603336	-0.05372889
183272713267695	-0.24788557	-0.71435004	-0.06227667
183272720767695	-0.25399113	-0.71801335	-0.06349778
183272728267695	-0.25765446	-0.7314456	-0.070824444
183272735767695	-0.24788557	-0.7387723	-0.08792
183272743267695	-0.24422224	-0.7436567	-0.09646778
183272750767695	-0.26009667	-0.7485411	-0.106236674
183272758267695	-0.25887558	-0.7570889	-0.11600556
183272765767695	-0.2503278	-0.8327978	-0.13188
183272773267695	-0.44570556	-0.66062117	-0.06227667
183272780767695	-0.21369445	-0.72900337	-0.068382226
183272788267695	0.05006556	-0.6679478	-0.12577444
183272795767695	0.089141116	-0.72534	-0.1306589
183272803267695	-0.17706113	-0.7119078	-0.07693
183272810767695	-0.35290113	-0.67161113	-0.068382226
183272892324726	-0.25643334	-0.6655056	-0.07570889
183272904527591	-0.089141116	-0.66306335	-0.08792
183272909574622	-0.05617111	-0.6581789	-0.10501556
183272924127070	-0.12821667	-0.65085226	-0.09280445
183272929517903	-0.2295689	-0.6435256	-0.08303556
183272940917591	-0.26498112	-0.63009334	-0.08669889
183272948586549	-0.24178001	-0.62154555	-0.081814446
183272969286445	-0.20514667	-0.6056711	-0.08425667
183272969394570	-0.19293556	-0.5910178	-0.09646778
183272973634674	-0.19537778	-0.5836911	-0.091583334
183272981134674	-0.21491556	-0.57270116	-0.08059334
183272995377018	-0.22468445	-0.5690378	-0.09036223
183273005134466	-0.21125223	-0.55316335	-0.10501556
183273017309935	-0.16118668	-0.54461557	-0.11600556
183273027379830	-0.13676445	-0.5226356	-0.11234222
183273037428789	-0.13310112	-0.49943447	-0.109900005
183273026134674	-0.12455334	-0.4798967	-0.11966889
183273033634674	-0.11234222	-0.4591378	-0.11966889
183273041134674	-0.09646778	-0.44326335	-0.109900005
183273048634674	-0.089141116	-0.43105224	-0.11356334
183273056134674	-0.08303556	-0.41273558	-0.11478445
183273063634674	-0.08303556	-0.39686114	-0.10379445
183273071134674	-0.09402556	-0.37976557	-0.09524667
183273078634674	-0.07570889	-0.3602278	-0.10135223
183273086134674	-0.039075557	-0.34191114	-0.091583334
183273093634674	-0.013432222	-0.3260367	-0.09036223
183273101134674	0.01099	-0.31138334	-0.09036223
183273108634674	0.05006556	-0.29673	-0.085477784
183273116134674	0.07448778	-0.27475002	-0.089141116
183273123634674	0.078151114	-0.25643334	-0.08425667
183273131134674	0.051286668	-0.23445335	-0.068382226
183273138634674	0.036633335	-0.21613668	-0.057392225
183273146134674	0.045181114	-0.19415668	-0.05250778
183273153634674	0.047623336	-0.17339778	-0.059834447
183273161134674	0.045181114	-0.15141778	-0.04151778
183273168634674	0.047623336	-0.13432223	-0.026864445
183273176134674	0.059834447	-0.11600556	-0.029306669
183273183634674	0.078151114	-0.09402556	-0.03052778
183273191134674	0.07570889	-0.078151114	-0.019537779
183273198634674	0.06594	-0.057392225	-0.018316668
183273206134674	0.059834447	-0.035412222	-0.018316668
183273213634674	0.048844445	-0.01099	-0.0012211112
183273221134674	0.04029667	0.012211111	0.0061055557
183273228634674	0.03174889	0.03297	0.02075889
183273236134674	0.02075889	0.06105556	0.02198
183273243634674	0.01099	0.08669889	0.02198
183273251134674	0.014653334	0.106236674	0.024422223
183273258634674	0.03174889	0.1306589	0.03052778
183273266134674	0.03297	0.15141778	0.037854444
183273273634674	0.015874445	0.16607112	0.037854444
183273376792070	0.0012211112	0.18438779	0.04151778
183273384292070	-0.0061055557	0.20270446	0.05617111
183273391792070	0.0012211112	0.21735778	0.06227667
183273399292070	0.02075889	0.22346334	0.057392225
183273406792070	0.036633335	0.24422224	0.06227667
183273414292070	0.047623336	0.25765446	0.068382226
183273421792070	0.04396	0.2759711	0.07204556
183273429292070	0.048844445	0.29306668	0.081814446
183273436792070	0.039075557	0.31504667	0.09646778
183273444292070	0.035412222	0.3382478	0.09524667
183273451792070	0.03297	0.36267	0.09646778
183273459292070	0.037854444	0.3809867	0.10379445
183273466792070	0.05372889	0.38465002	0.102573335
183273474292070	0.057392225	0.39930335	0.09646778
183273481792070	0.064718895	0.40907225	0.09036223
183273489292070	0.064718895	0.4163989	0.10135223
183273496792070	0.07448778	0.41884112	0.10379445
183273538526809	0.07448778	0.42128336	0.08669889
183273511792070	0.068382226	0.4261678	0.08059334
183273519292070	0.06960334	0.42250445	0.08669889
183273526792070	0.09036223	0.42250445	0.08303556
183273534292070	0.117226675	0.42128336	0.07937223
183273541792070	0.13554333	0.4163989	0.09402556
183273549292070	0.1306589	0.41762	0.08669889
183273556792070	0.117226675	0.4151778	0.078151114
183273564292070	0.10379445	0.41029334	0.07693
183273571792070	0.098910004	0.40174556	0.08303556
183273630499778	0.11234222	0.39075556	0.081814446
183273586792070	0.1306589	0.37854445	0.07448778
183273594292070	0.13554333	0.36267	0.06349778
183273601792070	0.1306589	0.34679556	0.059834447
183273609292070	0.12211112	0.3309211	0.059834447
183273616792070	0.11112112	0.31138334	0.06594
183273624292070	0.109900005	0.29184556	0.06105556
183273631792070	0.10867889	0.28574002	0.05372889
183273639292070	0.10745778	0.27230778	0.058613338
183273646792070	0.07326667	0.25765446	0.064718895
183273654292070	0.05372889	0.24300112	0.07326667
183273661792070	0.04029667	0.23079	0.07937223
183273669292070	0.03297	0.2185789	0.08425667
183273756720507	0.03052778	0.20026223	0.08792
183273765717799	0.026864445	0.1856089	0.09036223
183273774802747	0.04396	0.16729222	0.09768889
183273786068268	0.057392225	0.15630223	0.09036223
183273797307070	0.05617111	0.14653334	0.08425667
183273803404257	0.03174889	0.13310112	0.089141116
183273825589518	0.0024422223	0.12455334	0.09402556
183273826679309	-0.04151778	0.11478445	0.08303556
183273834179309	-0.046402223	0.102573335	0.06594
183273845240559	-0.009768889	0.08669889	0.07693
183273849179309	0.02075889	0.06960334	0.07204556
183273856679309	0.036633335	0.048844445	0.05372889
183273864179309	0.034191113	0.029306669	0.057392225
183273871679309	0.026864445	0.0024422223	0.06105556
183273884943320	-0.0048844446	-0.015874445	0.07693
183273886679309	-0.045181114	-0.035412222	0.07937223
183273905856549	-0.048844445	-0.04396	0.06960334
183273920005090	-0.037854444	-0.046402223	0.078151114
183273930769257	-0.008547778	-0.051286668	0.078151114
183273938384934	0.04029667	-0.057392225	0.068382226
183273924179309	0.06960334	-0.054950003	0.064718895
183273959051965	0.05617111	-0.051286668	0.057392225
183273970575872	0.039075557	-0.05006556	0.054950003
183273978264934	0.03052778	-0.047623336	0.064718895
183273954179309	0.034191113	-0.051286668	0.06716111
183273961679309	0.05006556	-0.054950003	0.058613338
183273969179309	0.058613338	-0.05372889	0.05617111
183273976679309	0.05372889	-0.045181114	0.054950003
183273984179309	0.078151114	-0.039075557	0.034191113
183273991679309	0.09646778	-0.02075889	0.019537779
183273999179309	0.12699556	-0.0048844446	0.0024422223
183274006679309	0.17217667	0.015874445	-0.023201112
183274014179309	0.20636779	0.039075557	-0.037854444
183274021679309	0.21125223	0.06960334	-0.03297
183274029179309	0.17828223	0.106236674	-0.036633335
183274036679309	0.14409111	0.13554333	-0.035412222
183274044179309	0.109900005	0.16118668	-0.013432222
183274051679309	0.09036223	0.18072446	0.009768889
183274059179309	0.07570889	0.19293556	0.024422223
183274066679309	0.06960334	0.19904111	0.042738892
183274074179309	0.07326667	0.1965989	0.054950003
183274081679309	0.06105556	0.19293556	0.078151114
183274089179309	0.042738892	0.20514667	0.11600556
183274096679309	0.0024422223	0.22712667	0.14042778
183274104179309	-0.03297	0.25277	0.1526389
183274111679309	-0.06349778	0.28329778	0.18072446
183274119179309	-0.054950003	0.30649891	0.18805112
183274126679309	-0.04396	0.33580557	0.17706113
183274218498997	-0.045181114	0.36389112	0.17339778
183274141679309	-0.036633335	0.38953447	0.19293556
183274149179309	-0.025643334	0.41273558	0.20881
183274156679309	-0.028085556	0.43960002	0.18927222
183274164179309	-0.06105556	0.47379112	0.1746189
183274171679309	-0.09280445	0.5104245	0.18072446
183274275937226	-0.109900005	0.53851	0.18194556
183274280872486	-0.10379445	0.5653745	0.18194556
183274288372486	-0.08792	0.58247	0.17828223
183274295872486	-0.08303556	0.5788067	0.1746189
183274303372486	-0.085477784	0.55438447	0.17828223
183274310872486	-0.08669889	0.5238567	0.18927222
183274318372486	-0.051286668	0.4908867	0.19171445
183274325872486	-0.029306669	0.4566956	0.1856089
183274352124361	-0.02198	0.44570556	0.17828223
183274340872486	-0.023201112	0.44570556	0.17217667
183274348372486	0.0061055557	0.44082114	0.14775445
183274355872486	0.051286668	0.4371578	0.13188
183274363372486	0.07204556	0.43349445	0.12089001
183274370872486	0.09524667	0.42372558	0.10867889
183274378372486	0.12577444	0.41151446	0.09768889
183274385872486	0.12089001	0.39197668	0.09280445
183274431430299	0.06105556	0.35290113	0.123332225
183274408372486	0.0	0.3370267	0.13432223
183274415872486	-0.09524667	0.31382558	0.15874445
183274423372486	-0.17217667	0.29917222	0.16607112
183274472845194	-0.19904111	0.2845189	0.15630223
183274484593163	-0.16607112	0.26742333	0.13920668
183274494536340	-0.10379445	0.23811668	0.106236674
183274503942642	-0.06716111	0.21247335	0.06227667
183274460872486	-0.05617111	0.18438779	0.018316668
183274468372486	-0.051286668	0.14287001	-0.0048844446
183274475872486	-0.05006556	0.11112112	-0.02075889
183274483372486	-0.05372889	0.07326667	-0.024422223
183274490872486	-0.07570889	0.04029667	-0.017095556
183274498372486	-0.09524667	0.0012211112	-0.0061055557
183274505872486	-0.117226675	-0.035412222	0.009768889
183274513372486	-0.13188	-0.07693	0.0012211112
183274520872486	-0.09646778	-0.106236674	-0.017095556
183274528372486	-0.03297	-0.12943779	-0.03052778
183274535872486	0.008547778	-0.14531223	-0.051286668
183274543372486	0.02075889	-0.14653334	-0.08425667
183274550872486	0.009768889	-0.14409111	-0.09402556
183274558372486	-0.012211111	-0.14042778	-0.10013112
183274565872486	-0.017095556	-0.14164889	-0.12455334
183274573372486	-0.0061055557	-0.14287001	-0.12577444
183274580872486	0.035412222	-0.13920668	-0.13188
183274588372486	0.10379445	-0.1526389	-0.16729222
183274595872486	0.13920668	-0.16240779	-0.19293556
183274697146965	0.14531223	-0.17217667	-0.18927222
183274704646965	0.13920668	-0.19293556	-0.19537778
183274712146965	0.12455334	-0.21003112	-0.20270446
183274719646965	0.13432223	-0.2295689	-0.1965989
183274727146965	0.15996556	-0.24300112	-0.18805112
183274734646965	0.1746189	-0.2515489	-0.18316667
183274742146965	0.18194556	-0.25765446	-0.17095557
183274749646965	0.21735778	-0.2625389	-0.17217667
183274757146965	0.2283478	-0.2625389	-0.16240779
183274764646965	0.20514667	-0.26376	-0.15141778
183274772146965	0.15752333	-0.25277	-0.13798556
183274779646965	0.11478445	-0.23933779	-0.11478445
183274787146965	0.081814446	-0.23323223	-0.10013112
183274794646965	0.09036223	-0.24055889	-0.09768889
183274802146965	0.091583334	-0.23323223	-0.10135223
183274809646965	0.102573335	-0.23933779	-0.11234222
183274817146965	0.10135223	-0.24422224	-0.09768889
183274824646965	0.11478445	-0.24788557	-0.117226675
183274832146965	0.11966889	-0.2503278	-0.117226675
183274839646965	0.12211112	-0.26009667	-0.098910004
183274847146965	0.07693	-0.25521225	-0.098910004
183274854646965	0.029306669	-0.25765446	-0.11112112
183274862146965	0.025643334	-0.25643334	-0.09646778
183274869646965	0.05006556	-0.25765446	-0.089141116
183274877146965	0.07326667	-0.2613178	-0.098910004
183274884646965	0.09036223	-0.24910668	-0.098910004
183274892146965	0.11600556	-0.23689556	-0.098910004
183274899646965	0.12455334	-0.21735778	-0.09646778
183274907146965	0.109900005	-0.20148334	-0.09280445
183274914646965	0.109900005	-0.18194556	-0.09036223
183274922146965	0.12577444	-0.15630223	-0.085477784
183274929646965	0.13310112	-0.14531223	-0.06960334
183274937146965	0.12211112	-0.12455334	-0.059834447
183274944646965	0.09524667	-0.10135223	-0.05372889
183274952146965	0.078151114	-0.078151114	-0.04029667
183274959646965	0.05617111	-0.05617111	-0.018316668
183275039203371	0.03174889	-0.037854444	-0.015874445
183274974646965	0.018316668	-0.02075889	-0.009768889
183274982146965	0.01099	-0.015874445	0.0048844446
183275069052225	-0.0012211112	-0.015874445	0.019537779
183275082596757	-0.0061055557	-0.025643334	0.013432222
183275092312434	-0.007326667	-0.03052778	0.009768889
183275101519100	-0.012211111	-0.025643334	0.015874445
183275112887277	-0.029306669	-0.029306669	0.019537779
183275117869777	-0.046402223	-0.02198	0.014653334
183275125369777	-0.047623336	-0.019537779	0.015874445
183275132869777	-0.039075557	-0.009768889	0.024422223
183275140369777	-0.024422223	-0.0012211112	0.013432222
183275147869777	-0.017095556	0.0012211112	-0.0024422223
183275155369777	-0.008547778	0.007326667	0.0036633336
183275162869777	0.02198	0.0048844446	0.0
183275170369777	0.023201112	0.009768889	0.0024422223
183275177869777	0.017095556	0.014653334	0.019537779
183275185369777	0.013432222	0.019537779	0.02198
183275192869777	-0.0012211112	0.03052778	0.037854444
183275200369777	-0.017095556	0.046402223	0.046402223
183275207869777	-0.013432222	0.05250778	0.047623336
183275215369777	-0.0061055557	0.054950003	0.045181114
183275222869777	-0.012211111	0.05617111	0.042738892
183275230369777	0.008547778	0.051286668	0.036633335
183275237869777	0.029306669	0.051286668	0.03174889
183275245369777	0.06349778	0.045181114	0.012211111
183275252869777	0.07204556	0.045181114	0.007326667
183275303305507	0.06716111	0.04151778	0.007326667
183275311035819	0.03174889	0.035412222	0.007326667
183275319549934	0.015874445	0.025643334	0.0012211112
183275332700142	0.0012211112	0.019537779	0.0061055557
183275341008059	0.0036633336	0.008547778	0.0012211112
183275351713788	0.012211111	0.0024422223	-0.0024422223
183275305369777	-0.0024422223	-0.008547778	0.0
183275375224517	-0.06227667	-0.017095556	0.018316668
183275327869777	-0.07570889	-0.035412222	0.019537779
183275394351913	-0.08425667	-0.048844445	0.026864445
183275342869777	-0.081814446	-0.046402223	0.036633335
183275350369777	-0.098910004	-0.03174889	0.034191113
183275357869777	-0.109900005	-0.014653334	0.04151778
183275365369777	-0.106236674	-0.0061055557	0.05006556
183275372869777	-0.10867889	-0.0012211112	0.046402223
183275380369777	-0.10135223	0.0012211112	0.028085556
183275387869777	-0.08792	0.0036633336	0.023201112
183275395369777	-0.06105556	-0.0048844446	0.023201112
183275402869777	-0.04396	0.0048844446	0.0012211112
183275410369777	-0.04029667	0.007326667	-0.0024422223
183275417869777	-0.042738892	0.012211111	-0.007326667
183275425369777	-0.026864445	0.013432222	-0.035412222
183275543770246	-0.0024422223	0.014653334	-0.046402223
183275545260819	0.0061055557	0.014653334	-0.042738892
183275545333319	0.009768889	0.0061055557	-0.042738892
183275552833319	-0.0036633336	-0.0061055557	-0.07448778
183275560333319	-0.0048844446	-0.018316668	-0.06349778
183275567833319	-0.0061055557	-0.037854444	-0.04151778
183275575333319	-0.0061055557	-0.05372889	-0.034191113
183275582833319	-0.017095556	-0.06594	-0.03174889
183275590333319	-0.023201112	-0.07937223	-0.013432222
183275615054934	-0.013432222	-0.09402556	-0.0061055557
183275605333319	-0.0024422223	-0.10013112	0.0
183275629178319	0.014653334	-0.102573335	0.012211111
183275640426861	0.017095556	-0.09280445	0.015874445
183275627833319	0.02075889	-0.078151114	0.008547778
183275635333319	0.02075889	-0.06716111	0.012211111
183275642833319	0.0048844446	-0.047623336	0.017095556
183275650333319	-0.01099	-0.03174889	0.02198
183275657833319	-0.019537779	-0.013432222	0.024422223
183275665333319	-0.013432222	-0.0048844446	0.017095556
183275672833319	-0.0036633336	0.0024422223	0.008547778
183275680333319	0.007326667	0.017095556	-0.0061055557
183275687833319	0.023201112	0.025643334	-0.009768889
183275695333319	0.03174889	0.036633335	-0.018316668
183275702833319	0.03174889	0.03297	-0.039075557
183275710333319	0.024422223	0.03174889	-0.045181114
183275717833319	0.012211111	0.02198	-0.04151778
183275725333319	0.0012211112	0.007326667	-0.037854444
183275732833319	-0.007326667	-0.015874445	-0.026864445
183275740333319	0.0	-0.036633335	-0.025643334
183275747833319	0.035412222	-0.045181114	-0.026864445
183275755333319	0.057392225	-0.05006556	-0.024422223
183275762833319	0.04396	-0.05006556	-0.012211111
183275770333319	0.013432222	-0.04029667	-0.012211111
183275777833319	-0.013432222	-0.024422223	-0.0036633336
183275785333319	-0.015874445	-0.012211111	0.014653334
183275792833319	-0.014653334	-0.0012211112	0.012211111
183275800333319	-0.018316668	0.017095556	0.012211111
183275807833319	-0.02075889	0.035412222	0.0
183275815333319	-0.014653334	0.045181114	0.0036633336
183275822833319	-0.018316668	0.05006556	0.0048844446
183275830333319	-0.029306669	0.06105556	-0.012211111
183275837833319	-0.026864445	0.06227667	-0.014653334
183275845333319	-0.03052778	0.06227667	-0.0061055557
183275852833319	-0.05250778	0.06105556	-0.01099
183275860333319	-0.07693	0.06105556	-0.012211111
183275867833319	-0.07693	0.051286668	0.0024422223
183275875333319	-0.06960334	0.042738892	-0.0024422223
183275882833319	-0.05372889	0.035412222	-0.01099
183275986115194	-0.03174889	0.02075889	-0.007326667
183275993615194	-0.025643334	0.007326667	-0.013432222
183276001115194	-0.019537779	-0.0024422223	-0.03052778
183276008615194	-0.01099	-0.017095556	-0.037854444
183276016115194	-0.007326667	-0.024422223	-0.05006556
183276023615194	0.0012211112	-0.03174889	-0.051286668
183276031115194	0.0036633336	-0.03297	-0.045181114
183276038615194	0.0024422223	-0.024422223	-0.045181114
183276046115194	-0.0061055557	-0.017095556	-0.042738892
183276072598319	-0.014653334	-0.008547778	-0.04029667
183276079927433	-0.0012211112	-0.0036633336	-0.042738892
183276091863215	0.007326667	0.0	-0.03297
183276100558267	0.0012211112	0.0048844446	-0.029306669
183276083615194	-0.01099	0.0012211112	-0.014653334
183276091115194	-0.029306669	0.0024422223	-0.012211111
183276098615194	-0.05250778	0.013432222	-0.0048844446
183276106115194	-0.06105556	0.026864445	-0.0012211112
183276113615194	-0.058613338	0.034191113	0.0048844446
183276121115194	-0.051286668	0.036633335	0.0061055557
183276128615194	-0.047623336	0.034191113	-0.0012211112
183276136115194	-0.034191113	0.026864445	0.0
183276143615194	-0.025643334	0.023201112	-0.017095556
183276151115194	-0.015874445	0.02198	-0.019537779
183276158615194	-0.02075889	0.014653334	-0.014653334
183276166115194	-0.015874445	0.008547778	-0.023201112
183276173615194	-0.0061055557	0.0048844446	-0.025643334
183276181115194	-0.0036633336	0.0036633336	-0.026864445
183276188615194	0.0024422223	0.0036633336	-0.025643334
183276196115194	0.009768889	-0.0048844446	-0.026864445
183276203615194	0.015874445	-0.008547778	-0.03297
183276211115194	0.026864445	-0.008547778	-0.035412222
183276218615194	0.03052778	-0.013432222	-0.028085556
183276226115194	0.023201112	-0.013432222	-0.029306669
183276233615194	0.01099	-0.012211111	-0.026864445
183276241115194	0.009768889	-0.008547778	-0.026864445
183276248615194	0.007326667	0.0	-0.018316668
183276256115194	0.0061055557	0.0048844446	-0.008547778
183276263615194	-0.0012211112	0.008547778	-0.0048844446
183276271115194	0.0024422223	0.009768889	-0.0048844446
183276278615194	0.0036633336	0.0048844446	0.0024422223
183276367537850	0.0048844446	0.0	0.0012211112
183276378994204	0.0	-0.0036633336	0.0012211112
183276301115194	-0.0061055557	0.0	0.0036633336
183276308615194	-0.007326667	0.0061055557	0.0024422223
183276316115194	-0.0036633336	0.012211111	-0.007326667
183276418367589	-0.01099	0.012211111	-0.0024422223
183276424737954	-0.01099	0.01099	-0.0024422223
183276432237954	-0.0061055557	0.014653334	0.0012211112
183276439737954	0.0024422223	0.009768889	-0.01099
183276458300975	-0.0048844446	0.008547778	-0.0012211112
183276462237954	0.01099	0.009768889	-0.012211111
183276488300975	0.0048844446	0.023201112	-0.025643334
183276492237954	-0.0036633336	0.023201112	-0.015874445
183276499737954	-0.013432222	0.02198	-0.0048844446
183276507237954	-0.007326667	0.017095556	-0.01099
183276514737954	0.007326667	0.013432222	-0.018316668
183276550252850	0.018316668	0.012211111	-0.02198
183276529737954	0.045181114	0.01099	-0.017095556
183276537237954	0.051286668	0.013432222	-0.02075889
183276587317069	0.042738892	0.024422223	-0.013432222
183276559737954	0.028085556	0.024422223	-0.008547778
183276567237954	0.009768889	0.028085556	-0.0024422223
183276574737954	0.0	0.028085556	-0.0036633336
183276582237954	0.013432222	0.025643334	-0.007326667
183276589737954	0.029306669	0.024422223	-0.012211111
183276597237954	0.028085556	0.024422223	-0.018316668
183276604737954	0.02198	0.018316668	-0.01099
183276612237954	0.012211111	0.019537779	-0.0012211112
183276619737954	0.0012211112	0.025643334	0.009768889
183276627237954	-0.015874445	0.034191113	0.007326667
183276634737954	-0.014653334	0.034191113	0.01099
183276642237954	-0.008547778	0.03297	0.013432222
183276649737954	-0.0012211112	0.03297	0.013432222
183276657237954	-0.0024422223	0.03174889	0.0061055557
183276664737954	-0.017095556	0.03052778	0.0012211112
183276672237954	-0.024422223	0.023201112	0.0061055557
183276679737954	-0.019537779	0.014653334	-0.0048844446
183276687237954	-0.015874445	0.013432222	-0.0012211112
183276694737954	0.0	0.013432222	-0.0012211112
183276702237954	0.014653334	0.014653334	0.0024422223
183276709737954	0.015874445	0.017095556	-0.015874445
183276717237954	0.015874445	0.019537779	-0.008547778
183276724737954	0.007326667	0.024422223	-0.0012211112
183276732237954	0.0024422223	0.02198	0.0
183276739737954	-0.0061055557	0.02075889	-0.01099
183276747237954	-0.015874445	0.023201112	0.0048844446
183276851772954	-0.01099	0.02198	0.01099
183276856846808	-0.0061055557	0.02075889	0.007326667
183276864346808	-0.01099	0.024422223	0.0048844446
183276871846808	-0.013432222	0.024422223	0.007326667
183276879346808	-0.01099	0.025643334	0.01099
183276886846808	-0.012211111	0.023201112	0.0012211112
183276894346808	-0.02198	0.02198	0.0048844446
183276901846808	-0.024422223	0.013432222	0.0
183276909346808	-0.018316668	0.0024422223	-0.0024422223
183276916846808	-0.017095556	-0.0012211112	-0.0012211112
183276924346808	-0.012211111	-0.0012211112	-0.0061055557
183276931846808	0.0024422223	-0.0012211112	-0.0061055557
183276939346808	0.012211111	-0.0061055557	-0.01099
183276946846808	0.024422223	-0.0061055557	-0.008547778
183276954346808	0.03052778	0.0024422223	-0.009768889
183276961846808	0.018316668	0.0061055557	-0.018316668
183276969346808	0.014653334	0.007326667	-0.013432222
183276976846808	0.02075889	0.008547778	-0.009768889
183276984346808	0.013432222	0.013432222	-0.018316668
183276991846808	-0.0036633336	0.012211111	-0.01099
183276999346808	-0.0048844446	0.012211111	-0.0036633336
183277006846808	-0.0012211112	0.008547778	-0.008547778
183277014346808	0.0048844446	0.007326667	-0.009768889
183277021846808	0.019537779	0.009768889	-0.0024422223
183277029346808	0.029306669	0.009768889	-0.0024422223
183277036846808	0.019537779	0.007326667	-0.0061055557
183277044346808	0.014653334	0.013432222	-0.0061055557
183277051846808	0.01099	0.015874445	0.0036633336
183277059346808	0.009768889	0.018316668	0.008547778
183277066846808	0.015874445	0.013432222	0.007326667
183277074346808	0.017095556	0.014653334	0.0036633336
183277081846808	0.009768889	0.015874445	0.015874445
183277089346808	0.009768889	0.017095556	-0.0024422223
183277096846808	0.03052778	0.019537779	-0.014653334
183277104346808	0.039075557	0.024422223	-0.0012211112
183277111846808	0.04029667	0.024422223	-0.01099
183277119346808	0.036633335	0.03297	-0.017095556
183277126846808	0.025643334	0.037854444	-0.009768889
183277134346808	0.023201112	0.036633335	-0.0048844446
183277141846808	0.025643334	0.03174889	0.0024422223
183277233465558	0.03052778	0.03052778	0.0036633336
183277237984672	0.019537779	0.026864445	0.0012211112
183277164346808	0.009768889	0.024422223	0.0036633336
183277171846808	0.013432222	0.024422223	-0.0024422223
183277273439360	0.015874445	0.028085556	0.0036633336
183277279377589	0.03174889	0.03174889	0.0012211112
183277286877589	0.029306669	0.035412222	-0.0048844446
183277294377589	0.02198	0.04151778	-0.0048844446
183277310666235	0.026864445	0.045181114	-0.007326667
183277320555870	0.034191113	0.045181114	-0.009768889
183277331790454	0.029306669	0.05006556	-0.0048844446
183277324377589	0.015874445	0.05617111	0.0012211112
183277331877589	0.014653334	0.06349778	0.0012211112
183277339377589	0.015874445	0.064718895	0.0036633336
183277346877589	0.018316668	0.06716111	-0.0012211112
183277354377589	0.023201112	0.07204556	0.0036633336
183277361877589	0.018316668	0.07326667	0.01099
183277369377589	0.023201112	0.081814446	0.0024422223
183277376877589	0.037854444	0.085477784	-0.0061055557
183277384377589	0.034191113	0.09402556	0.007326667
183277391877589	0.028085556	0.10379445	0.0061055557
183277399377589	0.036633335	0.10867889	-0.0036633336
183277406877589	0.04151778	0.117226675	0.0012211112
183277414377589	0.034191113	0.11966889	0.0048844446
183277421877589	0.03297	0.12211112	0.0061055557
183277429377589	0.023201112	0.12455334	0.009768889
183277436877589	0.02075889	0.12455334	0.013432222
183277444377589	0.02198	0.13188	0.007326667
183277451877589	0.02198	0.1306589	0.008547778
183277459377589	0.02075889	0.13432223	0.007326667
183277466877589	0.026864445	0.13676445	0.0048844446
183277474377589	0.04029667	0.13798556	-0.0024422223
183277481877589	0.048844445	0.13920668	-0.0061055557
183277489377589	0.048844445	0.13676445	-0.007326667
183277496877589	0.051286668	0.14164889	0.007326667
183277504377589	0.05006556	0.13920668	0.0036633336
183277511877589	0.048844445	0.14164889	0.0024422223
183277519377589	0.047623336	0.14531223	0.015874445
183277526877589	0.05250778	0.15141778	0.009768889
183277534377589	0.05372889	0.15386	0.0
183277616045558	0.035412222	0.16851334	0.03174889
183277556877589	0.036633335	0.17095557	0.028085556
183277564377589	0.028085556	0.1746189	0.035412222
183277571877589	0.015874445	0.17584	0.04029667
183277579377589	0.015874445	0.17950334	0.039075557
183277586877589	0.02075889	0.18316667	0.034191113
183277693794516	0.03174889	0.17950334	0.024422223
183277693898683	0.048844445	0.18072446	0.009768889
183277702706495	0.058613338	0.17950334	0.007326667
183277708898683	0.06960334	0.18072446	0.0024422223
183277721190558	0.07448778	0.18316667	0.008547778
183277735161756	0.07448778	0.1856089	0.0048844446
183277741552120	0.068382226	0.18805112	0.0036633336
183277754219985	0.06227667	0.18316667	0.008547778
183277762238579	0.05250778	0.18683001	0.015874445
183277769887901	0.059834447	0.18683001	0.01099
183277780745349	0.070824444	0.17828223	0.01099
183277785321912	0.06594	0.17950334	0.009768889
183277776398683	0.047623336	0.18072446	0.012211111
183277783898683	0.05617111	0.18316667	0.017095556
183277791398683	0.068382226	0.18683001	0.01099
183277798898683	0.06594	0.18438779	0.0061055557
183277840843526	0.058613338	0.18194556	0.014653334
183277846973110	0.06960334	0.17828223	0.018316668
183277857869724	0.068382226	0.17828223	0.013432222
183277870016704	0.05372889	0.17584	0.017095556
183277877994151	0.04151778	0.1856089	0.02198
183277887596651	0.034191113	0.19171445	0.012211111
183277902596651	0.0061055557	0.19904111	0.03174889
183277866398683	0.024422223	0.19904111	0.03052778
183277873898683	0.068382226	0.19049335	0.012211111
183277881398683	0.06716111	0.18683001	0.017095556
183277888898683	0.051286668	0.17950334	0.018316668
183277896398683	0.047623336	0.17706113	0.019537779
183277903898683	0.04029667	0.17095557	0.013432222
183277911398683	0.036633335	0.16362889	0.007326667
183277918898683	0.023201112	0.15996556	0.014653334
183277926398683	0.03052778	0.15508112	0.018316668
183277933898683	0.046402223	0.15019667	0.0024422223
183277941398683	0.04151778	0.1526389	0.0012211112
183277948898683	0.036633335	0.15508112	-0.0024422223
183277956398683	0.034191113	0.15874445	0.0012211112
183277963898683	0.026864445	0.15874445	0.0
183278052326912	0.014653334	0.15752333	0.01099
183278058059203	0.013432222	0.15752333	0.018316668
183277986398683	0.024422223	0.15508112	0.015874445
183277993898683	0.029306669	0.15630223	0.01099
183278001398683	0.025643334	0.15996556	0.012211111
183278008898683	0.028085556	0.15874445	0.014653334
183278016398683	0.026864445	0.16240779	0.019537779
183278117101755	0.024422223	0.16118668	0.008547778
183278124601755	0.013432222	0.15630223	0.0061055557
183278132101755	0.0061055557	0.15386	0.017095556
183278139601755	0.0024422223	0.14531223	0.014653334
183278147101755	0.009768889	0.13920668	0.009768889
183278154601755	0.012211111	0.12821667	0.009768889
183278162101755	0.014653334	0.11844778	0.013432222
183278169601755	0.019537779	0.11112112	0.012211111
183278177101755	0.023201112	0.098910004	0.0061055557
183278184601755	0.03052778	0.091583334	0.007326667
183278207965714	0.034191113	0.081814446	0.01099
183278222965714	0.008547778	0.07693	0.024422223
183278214601755	-0.0024422223	0.08303556	0.02075889
183278222101755	-0.0024422223	0.07937223	0.02075889
183278229601755	-0.01099	0.07448778	0.017095556
183278237101755	-0.01099	0.06594	0.013432222
183278244601755	-0.0061055557	0.05372889	0.014653334
183278252101755	-0.0024422223	0.045181114	0.017095556
183278259601755	-0.0024422223	0.03297	0.014653334
183278267101755	-0.007326667	0.019537779	0.0036633336
183278327966912	-0.012211111	-0.0036633336	0.009768889
183278289601755	0.0012211112	-0.018316668	0.0024422223
183278297101755	-0.0048844446	-0.03174889	0.0012211112
183278304601755	-0.015874445	-0.042738892	0.0012211112
183278361408891	-0.02198	-0.05617111	-0.0061055557
183278373737849	-0.023201112	-0.070824444	-0.0012211112
183278386987537	-0.028085556	-0.08425667	-0.01099
183278393191078	-0.034191113	-0.10745778	-0.013432222
183278406212849	-0.045181114	-0.123332225	-0.013432222
183278412564985	-0.046402223	-0.14531223	-0.007326667
183278426052849	-0.05250778	-0.16607112	-0.01099
183278364601755	-0.051286668	-0.1856089	-0.026864445
183278372101755	-0.039075557	-0.2075889	-0.036633335
183278379601755	-0.05006556	-0.23323223	-0.035412222
183278387101755	-0.06227667	-0.24666445	-0.034191113
183278472637068	-0.051286668	-0.26376	-0.04151778
183278484207589	-0.051286668	-0.28329778	-0.047623336
183278490293474	-0.06227667	-0.3052778	-0.04396
183278511150453	-0.08425667	-0.32725778	-0.042738892
183278511387641	-0.09280445	-0.34801668	-0.048844445
183278516896599	-0.08669889	-0.36999667	-0.047623336
183278529609932	-0.09646778	-0.38953447	-0.042738892
183278539355193	-0.11234222	-0.40540892	-0.057392225
183278543840037	-0.13432223	-0.42250445	-0.06105556
183278546896599	-0.14287001	-0.44082114	-0.054950003
183278569744359	-0.13676445	-0.4591378	-0.048844445
183278576089359	-0.12211112	-0.47745445	-0.06105556
183278586355818	-0.12089001	-0.4933289	-0.06716111
183278601355818	-0.12455334	-0.5238567	-0.06349778
183278591896599	-0.16240779	-0.53484666	-0.06349778
183278599396599	-0.19782001	-0.55316335	-0.05372889
183278633253578	-0.22590557	-0.56659555	-0.04029667
183278614396599	-0.25521225	-0.57636446	-0.05250778
183278621896599	-0.25887558	-0.59346	-0.05250778
183278629396599	-0.25277	-0.6117767	-0.04396
183278636896599	-0.22590557	-0.62643003	-0.058613338
183278644396599	-0.20026223	-0.6423045	-0.07204556
183278690111964	-0.20026223	-0.65451556	-0.070824444
183278701189359	-0.22102112	-0.6618422	-0.07570889
183278710821859	-0.24910668	-0.6764956	-0.070824444
183278720118266	-0.2759711	-0.6935911	-0.07448778
183278730026651	-0.3162678	-0.71557117	-0.09280445
183278689396599	-0.35534334	-0.5482789	-0.04151778
183278696896599	-0.18316667	-0.76930004	-0.017095556
183278704396599	-0.064718895	-0.6520734	-0.09036223
183278711896599	-0.046402223	-0.70336	-0.102573335
183278719396599	-0.12699556	-0.7216767	-0.047623336
183278726896599	-0.26620224	-0.6899278	-0.039075557
183278734396599	-0.28940335	-0.6984756	-0.045181114
183278741896599	-0.23811668	-0.70336	-0.025643334
183278749396599	-0.19049335	-0.7131289	-0.023201112
183278756896599	-0.1856089	-0.7167922	-0.013432222
183278764396599	-0.23445335	-0.7167922	-0.014653334
183278771896599	-0.28940335	-0.71435004	-0.0048844446
183278779396599	-0.30894113	-0.7009178	0.009768889
183278786896599	-0.3174889	-0.6887067	0.008547778
183278794396599	-0.2955089	-0.6874856	-0.0012211112
183278801896599	-0.28329778	-0.6752745	-0.0048844446
183278809396599	-0.28818223	-0.67039	-0.017095556
183278816896599	-0.29184556	-0.6618422	-0.013432222
183278824396599	-0.26864445	-0.65085226	-0.026864445
183278831896599	-0.25521225	-0.6447467	-0.04151778
183278934651495	-0.2613178	-0.63009334	-0.051286668
183278940816599	-0.26986557	-0.61544	-0.048844445
183278948316599	-0.26986557	-0.60811335	-0.058613338
183278955816599	-0.2515489	-0.6007867	-0.070824444
183278963316599	-0.25399113	-0.5873545	-0.068382226
183278970816599	-0.23567446	-0.5775856	-0.07937223
183278978316599	-0.20026223	-0.5702589	-0.10501556
183278985816599	-0.14897557	-0.5556056	-0.11600556
183278993316599	-0.11600556	-0.54339445	-0.11600556
183279000816599	-0.09524667	-0.53851	-0.123332225
183279008316599	-0.07937223	-0.5262989	-0.13188
183279015816599	-0.078151114	-0.50676113	-0.13188
183279023316599	-0.09036223	-0.49455002	-0.1306589
183279054842693	-0.081814446	-0.48356003	-0.12699556
183279038316599	-0.046402223	-0.47745445	-0.12577444
183279045816599	-0.013432222	-0.4701278	-0.12699556
183279053316599	0.019537779	-0.46402225	-0.117226675
183279060816599	0.036633335	-0.4591378	-0.11478445
183279068316599	0.02198	-0.4359367	-0.12211112
183279075816599	0.023201112	-0.41762	-0.11234222
183279083316599	0.034191113	-0.39197668	-0.10135223
183279090816599	0.064718895	-0.3712178	-0.11844778
183279098316599	0.070824444	-0.34801668	-0.12089001
183279105816599	0.07570889	-0.32481557	-0.11966889
183279113316599	0.07204556	-0.30039334	-0.11234222
183279120816599	0.07570889	-0.2759711	-0.10501556
183279128316599	0.07204556	-0.24788557	-0.11356334
183279135816599	0.07448778	-0.21980001	-0.11112112
183279143316599	0.08425667	-0.18927222	-0.106236674
183279150816599	0.08425667	-0.16485001	-0.10013112
183279158316599	0.081814446	-0.14653334	-0.09280445
183279165816599	0.07693	-0.12211112	-0.07693
183279250905140	0.085477784	-0.098910004	-0.064718895
183279180816599	0.09646778	-0.08303556	-0.05617111
183279188316599	0.09036223	-0.05617111	-0.045181114
183279195816599	0.08059334	-0.029306669	-0.045181114
183279203316599	0.07693	-0.0061055557	-0.042738892
183279210816599	0.07448778	0.02075889	-0.023201112
183279218316599	0.07204556	0.046402223	-0.014653334
183279303480922	0.08059334	0.07448778	-0.023201112
183279233316599	0.09524667	0.10501556	-0.03052778
183279240816599	0.102573335	0.12821667	-0.02198
183279248316599	0.11478445	0.15386	-0.02198
183279356514620	0.11234222	0.17584	-0.025643334
183279357460036	0.10013112	0.1965989	-0.029306669
183279363834255	0.08425667	0.22102112	-0.02075889
183279375591495	0.08792	0.23201112	-0.009768889
183279385232588	0.09402556	0.24300112	-0.01099
183279386334255	0.09646778	0.2613178	-0.008547778
183279393834255	0.10135223	0.2735289	-0.0048844446
183279401334255	0.09768889	0.29062447	0.0
183279408834255	0.10379445	0.31382558	-0.009768889
183279416334255	0.10135223	0.3309211	-0.0061055557
183279423834255	0.10501556	0.34801668	0.0048844446
183279431334255	0.10379445	0.36267	0.01099
183279438834255	0.10867889	0.37610224	0.0012211112
183279446334255	0.11356334	0.3858711	-0.0012211112
183279453834255	0.11112112	0.38953447	0.015874445
183279461334255	0.10379445	0.40052447	0.018316668
183279468834255	0.09036223	0.40785113	0.013432222
183279476334255	0.07204556	0.41273558	0.02075889
183279519930713	0.057392225	0.42006224	0.03174889
183279530421078	0.05617111	0.41884112	0.026864445
183279538224255	0.064718895	0.42861003	0.019537779
183279506334255	0.07570889	0.42861003	0.029306669
183279513834255	0.08669889	0.42983112	0.03052778
183279521334255	0.09402556	0.43471557	0.018316668
183279528834255	0.09768889	0.43960002	0.009768889
183279536334255	0.09646778	0.44448447	0.007326667
183279543834255	0.09768889	0.44448447	0.01099
183279551334255	0.09768889	0.4493689	0.007326667
183279558834255	0.10745778	0.45547447	-0.0024422223
183279628564411	0.10745778	0.45547447	0.01099
183279635279255	0.09280445	0.44692668	0.015874445
183279581334255	0.07570889	0.44448447	0.017095556
183279651824463	0.07326667	0.4383789	0.02075889
183279660926859	0.05006556	0.43227336	0.017095556
183279603834255	0.03297	0.43227336	0.03174889
183279611334255	0.04396	0.4261678	0.036633335
183279618834255	0.058613338	0.42006224	0.046402223
183279626334255	0.054950003	0.4151778	0.04029667
183279633834255	0.05617111	0.40785113	0.05617111
183279641334255	0.054950003	0.39808223	0.070824444
183279648834255	0.054950003	0.38709223	0.06594
183279656334255	0.046402223	0.37366003	0.06105556
183279663834255	0.04029667	0.36267	0.07448778
183279671334255	0.046402223	0.3504589	0.06594
183279769352380	0.051286668	0.34435335	0.064718895
183279777008630	0.068382226	0.32725778	0.046402223
183279788405505	0.085477784	0.30894113	0.036633335
183279796124463	0.089141116	0.28574002	0.034191113
183279803405505	0.08303556	0.2613178	0.036633335
183279810905505	0.07448778	0.23079	0.04151778
183279818405505	0.06594	0.20392556	0.04151778
183279825905505	0.064718895	0.18194556	0.035412222
183279833405505	0.058613338	0.17095557	0.025643334
183279840905505	0.047623336	0.15508112	0.015874445
183279862824619	0.045181114	0.14897557	0.02198
183279874433109	0.05250778	0.13676445	0.01099
183279883945869	0.06716111	0.12577444	-0.0036633336
183279895542276	0.07204556	0.109900005	-0.013432222
183279878405505	0.085477784	0.09768889	-0.014653334
183279914113474	0.089141116	0.089141116	-0.0036633336
183279921237067	0.089141116	0.07326667	-0.0024422223
183279934791807	0.09524667	0.059834447	-0.013432222
183279908405505	0.109900005	0.05006556	-0.015874445
183279951509932	0.12943779	0.042738892	-0.017095556
183279923405505	0.12821667	0.04029667	-0.037854444
183279930905505	0.12211112	0.03174889	-0.03297
183279938405505	0.11356334	0.026864445	-0.015874445
183279987765817	0.13798556	0.02198	-0.03052778
183279999839671	0.15386	0.026864445	-0.045181114
183280004150661	0.16851334	0.035412222	-0.05372889
183280018331963	0.17339778	0.04029667	-0.045181114
183280027299515	0.16973445	0.057392225	-0.048844445
183280038677328	0.1746189	0.070824444	-0.054950003
183280046842484	0.16729222	0.085477784	-0.058613338
183280057764984	0.14775445	0.09768889	-0.057392225
183280068689463	0.11234222	0.10501556	-0.037854444
183280075739411	0.05372889	0.12211112	-0.03174889
183280020905505	0.01099	0.13554333	-0.014653334
183280028405505	0.02198	0.14531223	0.0048844446
183280035905505	0.04151778	0.15752333	0.029306669
183280116821286	0.05006556	0.17095557	0.03052778
183280050905505	0.046402223	0.17217667	0.04151778
183280058405505	0.019537779	0.18072446	0.06105556
183280065905505	-0.009768889	0.18438779	0.070824444
183280073405505	-0.039075557	0.18927222	0.089141116
183280080905505	-0.06227667	0.18683001	0.10501556
183280088405505	-0.070824444	0.18683001	0.12089001
183280095905505	-0.08792	0.19049335	0.15630223
183280103405505	-0.10745778	0.19415668	0.17584
183280110905505	-0.109900005	0.21003112	0.19782001
183280118405505	-0.123332225	0.2283478	0.21125223
183280223014151	-0.13188	0.24544334	0.22102112
183280226828526	-0.1306589	0.26376	0.23689556
183280234328526	-0.12943779	0.29184556	0.24788557
183280241828526	-0.13432223	0.31382558	0.24788557
183280249328526	-0.13920668	0.33458444	0.25643334
183280256828526	-0.13432223	0.3492378	0.26498112
183280264328526	-0.12455334	0.3614489	0.26376
183280271828526	-0.12089001	0.38220778	0.26620224
183280279328526	-0.12821667	0.4041878	0.26986557
183280286828526	-0.14775445	0.42372558	0.28574002
183280294328526	-0.18072446	0.44692668	0.28818223
183280301828526	-0.19171445	0.45059	0.29062447
183280309328526	-0.19171445	0.45181113	0.2942878
183280316828526	-0.17584	0.4371578	0.28818223
183280324328526	-0.15141778	0.4249467	0.27230778
183280331828526	-0.10745778	0.41395667	0.24910668
183280339328526	-0.07693	0.4163989	0.22224224
183280346828526	-0.025643334	0.40907225	0.1856089
183280391941807	-0.024422223	0.40907225	0.18927222
183280361828526	-0.04151778	0.40174556	0.17217667
183280369328526	-0.015874445	0.36999667	0.15508112
183280376828526	-0.007326667	0.3602278	0.16729222
183280384328526	-0.025643334	0.33580557	0.16485001
183280391828526	-0.042738892	0.31260446	0.18072446
183280399328526	-0.029306669	0.2955089	0.18683001
183280406828526	0.0	0.27841336	0.19537778
183280468283369	0.017095556	0.27963445	0.19049335
183280421828526	0.008547778	0.27841336	0.18683001
183280429328526	0.0012211112	0.2820767	0.16973445
183280436828526	-0.009768889	0.2759711	0.15874445
183280509122327	-0.028085556	0.2735289	0.15508112
183280518519463	0.01099	0.25887558	0.13188
183280531325140	0.04396	0.24422224	0.11356334
183280533330921	0.070824444	0.2295689	0.07204556
183280474328526	0.098910004	0.21125223	0.04396
183280481828526	0.11600556	0.20026223	0.025643334
183280489328526	0.06349778	0.19904111	0.026864445
183280496828526	0.03052778	0.18194556	0.0024422223
183280504328526	0.008547778	0.17217667	0.007326667
183280511828526	0.0024422223	0.15386	0.007326667
183280622800400	-0.0036633336	0.12699556	-0.0024422223
183280623057275	-0.035412222	0.10867889	-0.0061055557
183280623151859	-0.01099	0.06716111	-0.018316668
183280638117275	0.0061055557	0.036633335	-0.008547778
183280653117275	-0.023201112	-0.029306669	-0.009768889
183280653151859	-0.034191113	-0.06105556	-0.009768889
183280660651859	-0.017095556	-0.09768889	-0.0061055557
183280668151859	-0.0061055557	-0.11844778	-0.015874445
183280675651859	0.007326667	-0.14164889	-0.028085556
183280683151859	0.024422223	-0.15874445	-0.048844445
183280690651859	0.05250778	-0.16851334	-0.08303556
183280698151859	0.054950003	-0.18194556	-0.10379445
183280705651859	0.026864445	-0.18316667	-0.106236674
183280713151859	0.0036633336	-0.19293556	-0.12699556
183280720651859	0.03297	-0.19904111	-0.15386
183280728151859	0.07326667	-0.20392556	-0.16973445
183280735651859	0.11234222	-0.20636779	-0.16973445
183280743151859	0.14653334	-0.19782001	-0.17095557
183280750651859	0.14775445	-0.1856089	-0.16240779
183280758151859	0.13188	-0.17584	-0.15141778
183280765651859	0.10501556	-0.15874445	-0.13310112
183280773151859	0.06716111	-0.14897557	-0.12089001
183280780651859	0.048844445	-0.13920668	-0.11112112
183280788151859	0.04029667	-0.13310112	-0.10379445
183280795651859	0.054950003	-0.12821667	-0.109900005
183280803151859	0.068382226	-0.12577444	-0.117226675
183280810651859	0.08303556	-0.13188	-0.11844778
183280818151859	0.109900005	-0.13432223	-0.11966889
183280825651859	0.12089001	-0.13554333	-0.11966889
183280833151859	0.11966889	-0.13676445	-0.12577444
183280840651859	0.11234222	-0.13676445	-0.12943779
183280848151859	0.11356334	-0.14409111	-0.12455334
183280855651859	0.12577444	-0.14653334	-0.123332225
183280926286754	0.13676445	-0.14775445	-0.12699556
183280937724046	0.14653334	-0.14409111	-0.1306589
183280950249046	0.14775445	-0.12943779	-0.12943779
183280885651859	0.14164889	-0.11356334	-0.10867889
183280893151859	0.11234222	-0.10013112	-0.11112112
183280900651859	0.064718895	-0.08425667	-0.109900005
183280988612848	0.025643334	-0.07570889	-0.085477784
183280915651859	-0.008547778	-0.06716111	-0.059834447
183281007992744	-0.03297	-0.06227667	-0.05617111
183281028660661	-0.057392225	-0.051286668	-0.03297
183281029102171	-0.07448778	-0.04396	-0.009768889
183281044068942	-0.085477784	-0.047623336	0.01099
183281055815765	-0.089141116	-0.05250778	0.015874445
183281059102171	-0.10745778	-0.048844445	0.014653334
183281066602171	-0.12455334	-0.046402223	0.025643334
183281074102171	-0.117226675	-0.048844445	0.009768889
183281081602171	-0.11234222	-0.047623336	0.0024422223
183281089102171	-0.09646778	-0.046402223	0.0
183281096602171	-0.07570889	-0.045181114	0.008547778
183281104102171	-0.07693	-0.037854444	0.0061055557
183281111602171	-0.08792	-0.026864445	0.009768889
183281119102171	-0.10013112	-0.024422223	0.023201112
183281126602171	-0.11234222	-0.013432222	0.036633335
183281134102171	-0.11234222	-0.0036633336	0.036633335
183281141602171	-0.11356334	0.008547778	0.034191113
183281149102171	-0.10135223	0.012211111	0.018316668
183281156602171	-0.09280445	0.023201112	0.015874445
183281164102171	-0.09524667	0.03052778	0.01099
183281171602171	-0.11966889	0.042738892	0.013432222
183281179102171	-0.11844778	0.047623336	0.019537779
183281186602171	-0.106236674	0.05006556	0.018316668
183281292142431	-0.09768889	0.048844445	0.026864445
183281294733525	-0.098910004	0.045181114	0.03174889
183281295504463	-0.11112112	0.035412222	0.03052778
183281296220921	-0.106236674	0.024422223	0.03174889
183281296921858	-0.09036223	0.018316668	0.01099
183281300321963	-0.070824444	0.013432222	-0.0012211112
183281301330556	-0.059834447	0.009768889	-0.014653334
183281302292067	-0.06227667	0.0048844446	-0.024422223
183281309792067	-0.07204556	-0.0024422223	-0.02075889
183281317292067	-0.085477784	-0.0024422223	-0.012211111
183281324792067	-0.08669889	-0.0048844446	-0.0048844446
183281332292067	-0.068382226	-0.007326667	-0.015874445
183281339792067	-0.06594	-0.0061055557	-0.01099
183281363785504	-0.07693	-0.0048844446	0.0036633336
183281373249827	-0.08425667	0.0036633336	0.0036633336
183281382819202	-0.07693	0.0036633336	0.0036633336
183281369792067	-0.085477784	0.008547778	0.0036633336
183281377292067	-0.08792	0.012211111	0.0061055557
183281384792067	-0.081814446	0.024422223	0.0061055557
183281392292067	-0.078151114	0.026864445	-0.0048844446
183281399792067	-0.06960334	0.028085556	-0.0036633336
183281407292067	-0.046402223	0.029306669	-0.009768889
183281414792067	-0.04151778	0.029306669	-0.007326667
183281469303942	-0.045181114	0.024422223	-0.012211111
183281444792067	-0.029306669	0.02075889	-0.024422223
183281452292067	-0.02198	0.015874445	-0.019537779
183281459792067	-0.01099	0.008547778	-0.019537779
183281467292067	-0.014653334	0.0	-0.013432222
183281474792067	-0.024422223	-0.0036633336	-0.015874445
183281482292067	-0.015874445	-0.009768889	-0.02198
183281489792067	-0.0024422223	-0.008547778	-0.0036633336
183281497292067	0.009768889	-0.014653334	-0.0061055557
183281504792067	0.007326667	-0.018316668	-0.013432222
183281512292067	-0.0012211112	-0.012211111	-0.012211111
183281519792067	-0.007326667	-0.01099	0.0024422223
183281527292067	-0.013432222	-0.0036633336	-0.0036633336
183281534792067	-0.023201112	0.0012211112	0.0024422223
183281542292067	-0.013432222	0.0024422223	-0.0024422223
183281549792067	0.012211111	-0.0012211112	-0.009768889
183281557292067	0.035412222	-0.0036633336	-0.019537779
183281564792067	0.051286668	0.0	-0.026864445
183281572292067	0.047623336	0.0036633336	-0.029306669
183281579792067	0.03174889	0.013432222	-0.03052778
183281587292067	0.028085556	0.019537779	-0.03297
183281594792067	0.0012211112	0.02075889	-0.029306669
183281602292067	-0.029306669	0.019537779	-0.02198
183281609792067	-0.028085556	0.017095556	-0.02198
183281617292067	-0.0012211112	0.0061055557	-0.03174889
183281717773160	0.009768889	0.0012211112	-0.024422223
183281725273160	0.01099	0.0024422223	-0.02075889
183281732773160	0.012211111	-0.0024422223	-0.02075889
183281740273160	0.02075889	0.0048844446	-0.015874445
183281747773160	0.02075889	0.009768889	-0.012211111
183281755273160	0.0012211112	0.013432222	-0.012211111
183281762773160	-0.007326667	0.017095556	-0.007326667
183281770273160	-0.014653334	0.02075889	-0.0024422223
183281777773160	-0.007326667	0.023201112	-0.009768889
183281785273160	0.012211111	0.019537779	-0.015874445
183281792773160	0.03052778	0.019537779	-0.018316668
183281800273160	0.03297	0.019537779	-0.034191113
183281830920452	0.04029667	0.015874445	-0.035412222
183281845920452	0.035412222	0.019537779	-0.018316668
183281830273160	0.0012211112	0.019537779	-0.014653334
183281837773160	-0.015874445	0.014653334	-0.012211111
183281845273160	-0.018316668	0.009768889	0.0
183281852773160	-0.014653334	0.007326667	0.0061055557
183281860273160	-0.008547778	0.007326667	0.0036633336
183281909673421	-0.0024422223	0.007326667	0.0
183281923016546	-0.0012211112	0.0061055557	0.015874445
183281882773160	0.0048844446	0.01099	0.013432222
183281890273160	0.012211111	0.015874445	0.0012211112
183281897773160	0.019537779	0.023201112	0.0061055557
183281959410660	0.025643334	0.02198	0.012211111
183281912773160	0.009768889	0.02075889	0.008547778
183281987275400	-0.0061055557	0.02198	0.02075889
183281935273160	-0.018316668	0.02198	0.026864445
183281942773160	-0.026864445	0.02198	0.019537779
183282006121546	-0.028085556	0.017095556	0.015874445
183281957773160	-0.0036633336	0.012211111	0.013432222
183281965273160	0.012211111	0.008547778	0.008547778
183281972773160	0.029306669	0.0012211112	0.0
183282046152796	0.026864445	0.0012211112	-0.0012211112
183281987773160	0.028085556	0.0012211112	0.0036633336
183281995273160	0.02075889	0.0048844446	0.009768889
183282002773160	0.012211111	0.0061055557	0.007326667
183282010273160	-0.0012211112	0.012211111	0.0048844446
183282017773160	-0.013432222	0.015874445	0.0012211112
183282025273160	-0.008547778	0.014653334	0.015874445
183282032773160	-0.008547778	0.008547778	0.018316668
183282040273160	-0.009768889	0.0061055557	0.019537779
183282142701494	-0.0024422223	0.0036633336	0.024422223
183282149087014	-0.0024422223	0.0036633336	0.025643334
183282156587014	-0.012211111	0.007326667	0.03174889
183282164087014	-0.034191113	0.007326667	0.029306669
183282171587014	-0.05372889	0.012211111	0.034191113
183282179087014	-0.06349778	0.008547778	0.04396
183282186587014	-0.06105556	0.01099	0.04396
183282194087014	-0.06105556	0.0036633336	0.039075557
183282201587014	-0.05006556	-0.0024422223	0.024422223
183282209087014	-0.03297	-0.007326667	0.015874445
183282216587014	-0.017095556	-0.01099	0.0048844446
183282224087014	-0.0012211112	-0.017095556	0.0
183282231587014	0.0036633336	-0.018316668	-0.007326667
183282239087014	0.015874445	-0.019537779	-0.01099
183282246587014	0.026864445	-0.015874445	-0.01099
183282286443473	0.018316668	-0.018316668	-0.014653334
183282261587014	-0.0012211112	-0.02198	-0.012211111
183282269087014	-0.009768889	-0.02198	-0.008547778
183282276587014	0.0	-0.019537779	0.0
183282284087014	0.015874445	-0.019537779	-0.0012211112
183282326785191	0.01099	-0.019537779	-0.017095556
183282340357171	0.0048844446	-0.018316668	-0.015874445
183282306587014	-0.0036633336	-0.014653334	-0.008547778
183282314087014	-0.0024422223	-0.014653334	-0.0012211112
183282321587014	-0.0061055557	-0.008547778	-0.0024422223
183282329087014	-0.013432222	-0.0061055557	-0.0012211112
183282336587014	-0.018316668	0.0	0.007326667
183282344087014	-0.015874445	0.0	0.0061055557
183282351587014	-0.018316668	0.0	0.0036633336
183282359087014	-0.028085556	-0.0024422223	0.008547778
183282366587014	-0.03297	-0.0024422223	0.013432222
183282374087014	-0.028085556	-0.0048844446	0.008547778
183282381587014	-0.017095556	-0.0024422223	-0.0036633336
183282389087014	-0.0036633336	-0.0036633336	-0.0024422223
183282396587014	0.008547778	-0.0061055557	-0.0036633336
183282404087014	0.023201112	-0.008547778	-0.0061055557
183282411587014	0.039075557	-0.013432222	-0.008547778
183282419087014	0.036633335	-0.018316668	-0.007326667
183282426587014	0.023201112	-0.017095556	0.007326667
183282518026650	0.013432222	-0.013432222	0.0036633336
183282525718941	0.0024422223	-0.0061055557	0.0061055557
183282533437795	-0.01099	-0.0012211112	0.015874445
183282456587014	-0.02198	0.0048844446	0.029306669
183282552159306	-0.019537779	0.008547778	0.029306669
183282560037431	-0.017095556	0.012211111	0.025643334
183282570111389	-0.008547778	0.018316668	0.012211111
183282584816598	-0.0024422223	0.019537779	0.0036633336
183282589529410	-0.0061055557	0.025643334	0.009768889
183282602365295	-0.009768889	0.034191113	0.009768889
183282604529410	-0.0024422223	0.039075557	0.0061055557
183282612029410	-0.0012211112	0.035412222	0.0048844446
183282619529410	-0.015874445	0.035412222	0.01099
183282643483056	-0.023201112	0.028085556	0.007326667
183282634529410	-0.014653334	0.018316668	-0.0048844446
183282673483056	-0.0012211112	-0.007326667	-0.0048844446
183282664529410	0.008547778	-0.007326667	-0.0036633336
183282672029410	0.0012211112	-0.0048844446	0.007326667
183282679529410	-0.013432222	0.0	0.0061055557
183282687029410	-0.009768889	0.0036633336	0.0024422223
183282694529410	0.0012211112	0.0061055557	0.0048844446
183282702029410	0.01099	0.008547778	0.0024422223
183282709529410	0.02075889	0.0048844446	-0.0012211112
183282717029410	0.03174889	0.0024422223	-0.0048844446
183282724529410	0.03052778	0.0048844446	-0.017095556
183282732029410	0.02198	0.0048844446	-0.015874445
183282739529410	0.01099	0.0061055557	-0.013432222
183282747029410	0.02075889	0.0061055557	-0.0024422223
183282803111597	0.02075889	0.01099	0.0012211112
183282762029410	0.009768889	0.012211111	-0.007326667
183282769529410	0.0048844446	0.014653334	0.0024422223
183282777029410	0.0048844446	0.013432222	0.0012211112
183282784529410	-0.0024422223	0.025643334	0.0012211112
183282792029410	-0.008547778	0.03174889	0.0012211112
183282860999202	-0.019537779	0.03174889	0.0012211112
183282865492535	-0.024422223	0.023201112	0.0048844446
183282880492535	-0.029306669	0.017095556	0.013432222
183282885146493	-0.026864445	0.012211111	-0.0036633336
183282829529410	-0.018316668	0.008547778	-0.02075889
183282907873785	0.0036633336	0.0024422223	-0.029306669
183282922873785	0.051286668	-0.009768889	-0.045181114
183282859529410	0.039075557	-0.014653334	-0.04151778
183282949231597	0.03052778	-0.014653334	-0.05006556
183282955504618	0.024422223	-0.02075889	-0.048844445
183282966154722	0.014653334	-0.023201112	-0.03297
183282979486962	0.0036633336	-0.02075889	-0.023201112
183282984997274	0.0036633336	-0.018316668	-0.02198
183283006899358	-0.0012211112	-0.007326667	-0.03297
183283007011337	-0.017095556	0.0036633336	-0.019537779
183283014511337	-0.015874445	-0.0012211112	-0.014653334
183283022011337	-0.015874445	0.0	-0.02075889
183283029511337	-0.012211111	0.0036633336	-0.02198
183283037011337	-0.01099	-0.0024422223	-0.02075889
183283044511337	-0.0012211112	-0.0061055557	-0.008547778
183283052011337	-0.0061055557	-0.009768889	0.0024422223
183283059511337	-0.007326667	-0.009768889	-0.0036633336
183283078529358	-0.024422223	-0.0061055557	0.0061055557
183283093068316	-0.04029667	0.0	0.012211111
183283100970243	-0.045181114	0.0048844446	0.0024422223
183283109785660	-0.03297	0.008547778	-0.0012211112
183283121539202	-0.026864445	0.0024422223	0.0012211112
183283132477222	-0.026864445	0.01099	-0.0024422223
183283140138160	-0.018316668	0.009768889	-0.007326667
183283148672691	-0.008547778	0.007326667	-0.007326667
183283159732170	-0.0061055557	0.007326667	-0.015874445
183283134511337	0.0048844446	0.007326667	-0.015874445
183283142011337	0.01099	0.0048844446	-0.0024422223
183283149511337	0.013432222	0.0048844446	-0.014653334
183283157011337	0.013432222	0.0061055557	-0.008547778
183283164511337	0.012211111	0.009768889	-0.0024422223
183283172011337	0.0061055557	0.012211111	-0.0048844446
183283179511337	0.008547778	0.008547778	-0.0024422223
183283187011337	0.0061055557	0.009768889	-0.0048844446
183283194511337	0.0036633336	0.0061055557	-0.0048844446
183283202011337	0.0012211112	0.0012211112	-0.0012211112
183283209511337	0.01099	-0.0061055557	-0.0061055557
183283217011337	0.018316668	-0.0061055557	-0.017095556
183283224511337	0.019537779	-0.0036633336	-0.007326667
183283232011337	0.02198	-0.0024422223	-0.0048844446
183283239511337	0.028085556	-0.0024422223	-0.0061055557
183283247011337	0.018316668	0.0012211112	-0.01099
183283254511337	0.01099	-0.0012211112	-0.0024422223
183283331770868	-0.0012211112	-0.0012211112	0.009768889
183283340537951	-0.0061055557	0.0012211112	0.009768889
183283352642066	-0.007326667	0.0036633336	0.015874445
183283284511337	-0.014653334	0.0024422223	0.012211111
183283292011337	-0.01099	0.0061055557	0.02198
183283299511337	-0.0061055557	0.014653334	0.024422223
183283307011337	0.0036633336	0.019537779	0.03174889
183283314511337	0.0048844446	0.015874445	0.015874445
183283322011337	-0.024422223	0.015874445	0.02075889
183283329511337	-0.025643334	0.015874445	0.01099
183283337011337	0.0048844446	0.012211111	-0.0061055557
183283439695087	0.017095556	0.009768889	0.0024422223
183283448044045	0.019537779	0.01099	-0.0024422223
183283452642274	0.019537779	0.0061055557	0.0024422223
183283462926753	0.009768889	0.008547778	-0.0061055557
183283477926753	-0.015874445	0.012211111	0.0012211112
183283482642274	-0.019537779	0.01099	0.007326667
183283490142274	-0.015874445	0.009768889	0.0061055557
183283497642274	-0.0012211112	0.013432222	-0.0036633336
183283505142274	0.007326667	0.014653334	0.0048844446
183283512642274	0.0048844446	0.013432222	0.0
183283520142274	0.0012211112	0.009768889	0.0024422223
183283527642274	0.0048844446	0.015874445	0.0
183283535142274	0.01099	0.018316668	-0.0012211112
183283573979566	0.01099	0.017095556	0.0036633336
183283579507483	0.0048844446	0.017095556	0.0012211112
183283591475764	-0.0048844446	0.017095556	0.0048844446
183283565142274	-0.007326667	0.007326667	0.0036633336
183283614352378	0.0024422223	0.0048844446	-0.007326667
183283587642274	0.009768889	0.009768889	-0.015874445
183283595142274	0.01099	0.013432222	-0.023201112
183283602642274	0.0061055557	0.013432222	-0.025643334
183283610142274	-0.0012211112	0.019537779	-0.024422223
183283673160347	-0.008547778	0.018316668	-0.018316668
183283625142274	-0.012211111	0.017095556	-0.013432222
183283632642274	-0.012211111	0.014653334	-0.012211111
183283640142274	0.0	0.008547778	-0.013432222
183283647642274	0.009768889	0.0048844446	-0.017095556
183283655142274	-0.0061055557	0.0036633336	-0.015874445
183283662642274	-0.01099	0.0061055557	-0.007326667
183283670142274	-0.02075889	0.0036633336	-0.009768889
183283677642274	-0.025643334	0.0048844446	-0.0048844446
183283685142274	-0.02198	0.0036633336	-0.008547778
183283692642274	-0.008547778	0.0012211112	-0.012211111
183283700142274	0.0	-0.0012211112	-0.009768889
183283707642274	0.0061055557	-0.0061055557	-0.02198
183283715142274	0.009768889	-0.0036633336	-0.018316668
183283722642274	0.02075889	-0.0024422223	-0.013432222
183283730142274	0.0061055557	0.0012211112	-0.012211111
183283737642274	-0.019537779	0.0036633336	-0.0061055557
183283745142274	-0.04029667	0.012211111	0.01099
183283752642274	-0.048844445	0.015874445	0.015874445
183283852648420	-0.046402223	0.023201112	0.02075889
183283857494357	-0.045181114	0.026864445	0.029306669
183283864893628	-0.036633335	0.025643334	0.03052778
183283872393628	-0.025643334	0.02198	0.03174889
183283879893628	-0.029306669	0.024422223	0.025643334
183283887393628	-0.03052778	0.02198	0.015874445
183283894893628	-0.03052778	0.02198	0.013432222
183283902393628	-0.025643334	0.017095556	0.014653334
183283909893628	-0.0061055557	0.015874445	0.013432222
183283917393628	0.01099	0.014653334	0.0061055557
183283924893628	0.014653334	0.014653334	0.014653334
183283932393628	0.009768889	0.014653334	0.013432222
183283939893628	0.0036633336	0.013432222	0.012211111
183283947393628	0.0061055557	0.015874445	0.0012211112
183283984243941	0.017095556	0.013432222	0.0024422223
183283988507378	0.019537779	0.017095556	0.0012211112
183283969893628	0.028085556	0.018316668	-0.009768889
183284009214618	0.036633335	0.008547778	-0.009768889
183283984893628	0.03052778	0.01099	0.0
183283992393628	0.034191113	0.01099	-0.009768889
183283999893628	0.035412222	0.013432222	-0.0061055557
183284007393628	0.029306669	0.014653334	-0.0048844446
183284014893628	0.018316668	0.017095556	-0.0036633336
183284022393628	0.017095556	0.018316668	0.0024422223
183284029893628	0.0048844446	0.023201112	0.014653334
183284037393628	-0.008547778	0.029306669	0.024422223
183284044893628	-0.015874445	0.029306669	0.02198
183284108525816	-0.01099	0.03052778	0.007326667
183284121474930	0.0012211112	0.03174889	0.015874445
183284126887170	0.0	0.03297	0.015874445
183284074893628	0.01099	0.03297	0.0012211112
183284082393628	0.0036633336	0.03052778	-0.0061055557
183284157315659	-0.0024422223	0.03052778	-0.008547778
183284172315659	0.013432222	0.03297	-0.014653334
183284112393628	0.017095556	0.035412222	-0.014653334
183284119893628	0.024422223	0.036633335	-0.009768889
183284127393628	0.036633335	0.034191113	-0.02075889
183284134893628	0.035412222	0.03174889	-0.017095556
183284142393628	0.025643334	0.03174889	-0.012211111
183284149893628	0.029306669	0.03297	-0.017095556
183284157393628	0.025643334	0.036633335	-0.024422223
183284164893628	0.028085556	0.04151778	-0.025643334
183284172393628	0.03052778	0.05006556	-0.018316668
183284272879201	0.03297	0.051286668	-0.023201112
183284280379201	0.03052778	0.057392225	-0.029306669
183284287879201	0.03297	0.057392225	-0.034191113
183284295379201	0.051286668	0.051286668	-0.029306669
183284302879201	0.06105556	0.054950003	-0.028085556
183284310379201	0.068382226	0.058613338	-0.035412222
183284317879201	0.059834447	0.06227667	-0.03297
183284325379201	0.04151778	0.06349778	-0.028085556
183284332879201	0.047623336	0.06716111	-0.026864445
183284340379201	0.05372889	0.07570889	-0.01099
183284347879201	0.047623336	0.081814446	-0.012211111
183284355379201	0.037854444	0.085477784	-0.02075889
183284362879201	0.039075557	0.091583334	-0.008547778
183284370379201	0.03052778	0.098910004	-0.008547778
183284377879201	0.013432222	0.11112112	-0.009768889
183284385379201	0.019537779	0.123332225	-0.0024422223
183284392879201	0.036633335	0.1306589	-0.0048844446
183284400379201	0.037854444	0.13920668	-0.018316668
183284407879201	0.028085556	0.14164889	-0.023201112
183284415379201	0.018316668	0.14409111	-0.01099
183284422879201	0.019537779	0.14164889	-0.007326667
183284430379201	0.03297	0.13798556	-0.015874445
183284437879201	0.03297	0.14042778	-0.014653334
183284445379201	0.045181114	0.13676445	-0.012211111
183284452879201	0.05617111	0.13554333	-0.009768889
183284460379201	0.05250778	0.13676445	-0.007326667
183284467879201	0.042738892	0.14164889	-0.014653334
183284475379201	0.045181114	0.14775445	-0.008547778
183284482879201	0.057392225	0.14775445	0.0
183284546787899	0.06716111	0.15019667	-0.0012211112
183284497879201	0.07326667	0.16240779	-0.0036633336
183284505379201	0.07570889	0.16729222	0.007326667
183284512879201	0.07570889	0.17339778	-0.0012211112
183284520379201	0.06716111	0.17950334	-0.0012211112
183284527879201	0.05250778	0.19049335	0.01099
183284535379201	0.048844445	0.19904111	0.019537779
183284542879201	0.042738892	0.2075889	0.024422223
183284550379201	0.035412222	0.20881	0.026864445
183284557879201	0.028085556	0.20881	0.023201112
183284565379201	0.036633335	0.21247335	0.024422223
183284572879201	0.045181114	0.21369445	0.025643334
183284580379201	0.054950003	0.21369445	0.023201112
183284587879201	0.064718895	0.20514667	0.03174889
183284595379201	0.06960334	0.20148334	0.026864445
183284602879201	0.068382226	0.19904111	0.029306669
183284703513420	0.054950003	0.20026223	0.03297
183284711013420	0.047623336	0.19782001	0.03174889
183284718513420	0.054950003	0.1965989	0.028085556
183284726013420	0.06960334	0.19049335	0.019537779
183284733513420	0.078151114	0.18683001	0.018316668
183284741013420	0.08425667	0.18194556	0.01099
183284748513420	0.08669889	0.18072446	-0.0012211112
183284756013420	0.08303556	0.18072446	0.0
183284763513420	0.07693	0.17828223	0.0061055557
183284771013420	0.068382226	0.18194556	0.0024422223
183284778513420	0.046402223	0.18438779	0.009768889
183284786013420	0.034191113	0.1856089	0.013432222
183284793513420	0.042738892	0.18072446	0.015874445
183284801013420	0.047623336	0.18072446	0.025643334
183284808513420	0.035412222	0.18438779	0.023201112
183284816013420	0.026864445	0.18927222	0.026864445
183284860463472	0.023201112	0.1856089	0.035412222
183284866845763	0.017095556	0.18805112	0.042738892
183284878109722	0.026864445	0.19049335	0.029306669
183284846013420	0.036633335	0.18927222	0.03297
183284853513420	0.035412222	0.18927222	0.036633335
183284861013420	0.039075557	0.18194556	0.03174889
183284868513420	0.042738892	0.17950334	0.03297
183284876013420	0.023201112	0.1746189	0.029306669
183284883513420	0.013432222	0.16973445	0.03174889
183284891013420	0.02075889	0.16607112	0.02075889
183284898513420	0.036633335	0.15630223	0.018316668
183284906013420	0.045181114	0.15019667	0.019537779
183284913513420	0.042738892	0.14409111	0.01099
183284921013420	0.037854444	0.13798556	0.0061055557
183284928513420	0.026864445	0.1306589	0.01099
183284936013420	0.023201112	0.13188	0.023201112
183284943513420	0.025643334	0.1306589	0.02075889
183284951013420	0.02198	0.13310112	0.02198
183284958513420	0.024422223	0.12821667	0.025643334
183284966013420	0.025643334	0.12577444	0.029306669
183284973513420	0.018316668	0.12211112	0.03052778
183284981013420	0.0	0.11966889	0.03174889
183284988513420	-0.0024422223	0.11478445	0.03297
183284996013420	0.0061055557	0.11356334	0.03297
183285003513420	0.01099	0.10745778	0.017095556
183285011013420	0.0012211112	0.098910004	0.015874445
183285018513420	-0.007326667	0.08792	0.024422223
183285026013420	-0.0024422223	0.078151114	0.024422223
183285033513420	0.0012211112	0.07570889	0.017095556
183285133524774	-0.0061055557	0.06716111	0.012211111
183285141024774	-0.02075889	0.058613338	0.025643334
183285148524774	-0.028085556	0.058613338	0.02075889
183285156024774	-0.035412222	0.048844445	0.012211111
183285163524774	-0.035412222	0.037854444	0.008547778
183285171024774	-0.03052778	0.024422223	0.012211111
183285178524774	-0.014653334	0.007326667	-0.0036633336
183285186024774	-0.025643334	-0.007326667	-0.017095556
183285193524774	-0.04151778	-0.015874445	-0.009768889
183285201024774	-0.026864445	-0.026864445	-0.019537779
183285208524774	-0.036633335	-0.045181114	-0.026864445
183285216024774	-0.05617111	-0.06105556	-0.018316668
183285223524774	-0.05372889	-0.07570889	-0.01099
183285231024774	-0.04396	-0.09646778	-0.018316668
183285238524774	-0.047623336	-0.11478445	-0.024422223
183285246024774	-0.057392225	-0.13676445	-0.03297
183285253524774	-0.05006556	-0.15508112	-0.035412222
183285261024774	-0.035412222	-0.18194556	-0.035412222
183285268524774	-0.05006556	-0.20636779	-0.045181114
183285276024774	-0.05250778	-0.22590557	-0.057392225
183285283524774	-0.06227667	-0.24788557	-0.05372889
183285291024774	-0.05617111	-0.26864445	-0.064718895
183285298524774	-0.058613338	-0.2845189	-0.068382226
183285306024774	-0.070824444	-0.30405667	-0.06594
183285313524774	-0.07937223	-0.32359445	-0.07693
183285321024774	-0.09280445	-0.34801668	-0.06960334
183285328524774	-0.10135223	-0.36633334	-0.054950003
183285336024774	-0.106236674	-0.39075556	-0.048844445
183285343524774	-0.11234222	-0.41273558	-0.05250778
183285351024774	-0.11844778	-0.43960002	-0.06349778
183285358524774	-0.13310112	-0.45547447	-0.06960334
183285366024774	-0.12699556	-0.47623336	-0.078151114
183285373524774	-0.117226675	-0.49943447	-0.081814446
183285381024774	-0.12211112	-0.5226356	-0.08669889
183285388524774	-0.13798556	-0.5470578	-0.085477784
183285396024774	-0.17095557	-0.56659555	-0.089141116
183285403524774	-0.1856089	-0.59468114	-0.09402556
183285411024774	-0.18316667	-0.61544	-0.07204556
183285418524774	-0.1746189	-0.63986224	-0.07693
183285426024774	-0.19415668	-0.66428447	-0.09036223
183285433524774	-0.23445335	-0.6777167	-0.08059334
183285441024774	-0.23079	-0.6984756	-0.10135223
183285448524774	-0.21980001	-0.72411895	-0.091583334
183285553742898	-0.20881	-0.7436567	-0.10745778
183285561242898	-0.19904111	-0.76075226	-0.12699556
183285565668784	-0.20881	-0.77418447	-0.12089001
183285573168784	-0.117226675	-0.80227005	-0.13432223
183285580668784	-0.20636779	-0.73755115	-0.10867889
183285588168784	-0.09036223	-0.7851745	-0.11966889
183285595668784	-0.12699556	-0.70336	-0.12821667
183285603168784	-0.11966889	-0.78029	-0.12211112
183285610668784	-0.22102112	-0.7766267	-0.07937223
183285618168784	-0.28818223	-0.7522045	-0.11112112
183285625668784	-0.22224224	-0.76441556	-0.10135223
183285633168784	-0.16240779	-0.75831	-0.09768889
183285640668784	-0.15019667	-0.7631945	-0.11478445
183285648168784	-0.18316667	-0.75953114	-0.10501556
183285655668784	-0.22590557	-0.7656367	-0.098910004
183285663168784	-0.25521225	-0.7668578	-0.10867889
183285670668784	-0.27475002	-0.75953114	-0.10867889
183285678168784	-0.28085557	-0.75953114	-0.09036223
183285685668784	-0.24910668	-0.7546467	-0.102573335
183285693168784	-0.24178001	-0.73633003	-0.117226675
183285700668784	-0.23445335	-0.7351089	-0.11844778
183285708168784	-0.22102112	-0.7228978	-0.11478445
183285760769617	-0.21980001	-0.70946556	-0.13188
183285723168784	-0.22102112	-0.7082445	-0.14775445
183285730668784	-0.21125223	-0.7106867	-0.15386
183285738168784	-0.18683001	-0.7070234	-0.15996556
183285745668784	-0.16607112	-0.70336	-0.15996556
183285753168784	-0.15019667	-0.7070234	-0.16607112
183285820360294	-0.14042778	-0.70458114	-0.16607112
183285828145555	-0.12455334	-0.69603336	-0.16118668
183285838193732	-0.08669889	-0.69237006	-0.17828223
183285848339461	-0.057392225	-0.6764956	-0.17706113
183285790668784	-0.04151778	-0.6655056	-0.18316667
183285798168784	-0.03052778	-0.6471889	-0.1746189
183285805668784	-0.014653334	-0.6325356	-0.1856089
183285813168784	-0.008547778	-0.6105556	-0.18194556
183285820668784	-0.01099	-0.58979666	-0.18072446
183285828168784	-0.017095556	-0.5653745	-0.18683001
183285835668784	-0.0024422223	-0.5482789	-0.17950334
183285843168784	0.0012211112	-0.52752	-0.1746189
183285850668784	0.008547778	-0.50554	-0.17584
183285858168784	0.03297	-0.48111778	-0.16973445
183285865668784	0.05006556	-0.45303226	-0.15141778
183285873168784	0.046402223	-0.42983112	-0.14164889
183285880668784	0.047623336	-0.40540892	-0.14409111
183285982461648	0.036633335	-0.37976557	-0.14042778
183285989961648	0.034191113	-0.35778558	-0.12943779
183285997461648	0.05006556	-0.3284789	-0.11844778
183286004961648	0.06960334	-0.30039334	-0.11478445
183286012461648	0.08425667	-0.2759711	-0.11112112
183286019961648	0.09280445	-0.24178001	-0.09768889
183286027461648	0.09280445	-0.20881	-0.091583334
183286034961648	0.06960334	-0.17584	-0.07693
183286042461648	0.05372889	-0.15019667	-0.064718895
183286067478419	0.064718895	-0.12699556	-0.059834447
183286057461648	0.07448778	-0.09768889	-0.05006556
183286064961648	0.07570889	-0.07693	-0.039075557
183286072461648	0.07326667	-0.059834447	-0.037854444
183286079961648	0.07448778	-0.035412222	-0.03052778
183286087461648	0.07693	-0.014653334	-0.019537779
183286094961648	0.078151114	0.0061055557	-0.01099
183286102461648	0.08059334	0.026864445	-0.0061055557
183286109961648	0.07937223	0.05250778	-0.007326667
183286117461648	0.085477784	0.07693	-0.009768889
183286124961648	0.09036223	0.098910004	-0.007326667
183286132461648	0.09036223	0.11600556	-0.0036633336
183286139961648	0.098910004	0.12821667	0.0024422223
183286147461648	0.091583334	0.14653334	0.0061055557
183286154961648	0.091583334	0.16485001	0.0061055557
183286162461648	0.091583334	0.18316667	0.008547778
183286169961648	0.09768889	0.19904111	0.015874445
183286177461648	0.10501556	0.2185789	0.02075889
183286184961648	0.10867889	0.23445335	0.014653334
183286192461648	0.102573335	0.24666445	0.023201112
183286199961648	0.089141116	0.26376	0.03297
183286207461648	0.064718895	0.27841336	0.035412222
183286214961648	0.048844445	0.2955089	0.05006556
183286222461648	0.047623336	0.31138334	0.05617111
183286229961648	0.046402223	0.3284789	0.05372889
183286237461648	0.042738892	0.3394689	0.047623336
183286244961648	0.05006556	0.35168	0.051286668
183286323085763	0.06960334	0.35900667	0.045181114
183286259961648	0.089141116	0.36511225	0.035412222
183286267461648	0.098910004	0.36877558	0.03052778
183286274961648	0.098910004	0.37488112	0.03297
183286282461648	0.10013112	0.3809867	0.035412222
183286289961648	0.085477784	0.38220778	0.03174889
183286297461648	0.06960334	0.38220778	0.045181114
183286304961648	0.064718895	0.38465002	0.05006556
183286312461648	0.06594	0.38709223	0.046402223
183286319961648	0.070824444	0.3809867	0.06349778
183286423166492	0.06716111	0.37366003	0.068382226
183286430666492	0.07693	0.36999667	0.051286668
183286438166492	0.08669889	0.36877558	0.05250778
183286445666492	0.10013112	0.36389112	0.05617111
183286453166492	0.11600556	0.3614489	0.04396
183286460666492	0.11600556	0.3614489	0.029306669
183286477385242	0.11234222	0.3614489	0.037854444
183286491999200	0.109900005	0.3602278	0.04396
183286483166492	0.11234222	0.3602278	0.03174889
183286511544773	0.10867889	0.35168	0.024422223
183286519833106	0.08792	0.3504589	0.03297
183286531563263	0.06716111	0.34313223	0.03174889
183286537628159	0.047623336	0.34069002	0.042738892
183286520666492	0.029306669	0.33580557	0.039075557
183286558637794	0.029306669	0.32725778	0.04151778
183286535666492	0.042738892	0.32237336	0.04396
183286543166492	0.057392225	0.32725778	0.046402223
183286550666492	0.06349778	0.32237336	0.039075557
183286558166492	0.048844445	0.32115224	0.02198
183286607457898	0.047623336	0.31871	0.017095556
183286617234773	0.06227667	0.31138334	0.0061055557
183286624492898	0.068382226	0.29184556	0.0048844446
183286633815658	0.048844445	0.2845189	0.0024422223
183286644719565	0.059834447	0.27475002	-0.008547778
183286649264981	0.08792	0.26864445	0.0036633336
183286664264981	0.06960334	0.25643334	0.029306669
183286625666492	0.070824444	0.24422224	0.039075557
183286633166492	0.06227667	0.23811668	0.039075557
183286640666492	0.048844445	0.23201112	0.034191113
183286648166492	0.036633335	0.22224224	0.035412222
183286655666492	0.03174889	0.22102112	0.03174889
183286663166492	0.047623336	0.2075889	0.026864445
183286670666492	0.064718895	0.19537778	0.024422223
183286678166492	0.07204556	0.18805112	0.0061055557
183286685666492	0.068382226	0.18194556	0.0048844446
183286693166492	0.054950003	0.17706113	0.013432222
183286700666492	0.070824444	0.16851334	-0.0048844446
183286708166492	0.07570889	0.16240779	-0.008547778
183286715666492	0.09036223	0.16485001	-0.019537779
183286723166492	0.106236674	0.15874445	-0.029306669
183286730666492	0.08425667	0.15752333	-0.042738892
183286738166492	0.102573335	0.15630223	-0.06349778
183286745666492	0.12699556	0.1526389	-0.06105556
183286753166492	0.15386	0.14653334	-0.06716111
183286854720815	0.15386	0.14775445	-0.068382226
183286865741596	0.1306589	0.14897557	-0.054950003
183286873796856	0.10013112	0.14409111	-0.047623336
183286888796856	0.04151778	0.14653334	-0.05250778
183286892220815	0.034191113	0.15019667	-0.04396
183286899720815	0.028085556	0.15386	-0.039075557
183286907220815	-0.007326667	0.16729222	-0.042738892
183286914720815	-0.015874445	0.16729222	-0.03052778
183286945192117	-0.0061055557	0.17828223	-0.036633335
183286929720815	-0.029306669	0.1856089	-0.029306669
183286937220815	-0.057392225	0.18927222	-0.01099
183286944720815	-0.07326667	0.20148334	-0.0048844446
183286952220815	-0.09402556	0.20392556	-0.0036633336
183286959720815	-0.13432223	0.20026223	0.012211111
183286967220815	-0.16485001	0.19415668	0.03052778
183287010971231	-0.16851334	0.1856089	0.025643334
183287016340502	-0.16607112	0.18194556	0.009768889
183286989720815	-0.14531223	0.17339778	0.019537779
183287033357065	-0.11234222	0.15996556	0.014653334
183287048357065	-0.08792	0.15019667	0.013432222
183287063357065	-0.012211111	0.109900005	0.0012211112
183287034720815	0.042738892	0.10135223	-0.013432222
183287042220815	0.051286668	0.098910004	-0.025643334
183287049720815	0.024422223	0.09402556	-0.03052778
183287057220815	0.0012211112	0.09524667	-0.04029667
183287064720815	0.026864445	0.09768889	-0.05006556
183287072220815	0.035412222	0.106236674	-0.042738892
183287079720815	0.037854444	0.10867889	-0.04029667
183287087220815	0.014653334	0.11356334	-0.037854444
183287094720815	0.009768889	0.11478445	-0.035412222
183287102220815	0.0012211112	0.11600556	-0.018316668
183287109720815	0.02198	0.109900005	-0.02198
183287117220815	0.04151778	0.10379445	-0.015874445
183287124720815	0.06105556	0.102573335	-0.015874445
183287132220815	0.05006556	0.10013112	-0.02198
183287139720815	0.045181114	0.10135223	-0.02198
183287147220815	0.054950003	0.10013112	-0.034191113
183287154720815	0.07448778	0.09768889	-0.036633335
183287162220815	0.091583334	0.09768889	-0.036633335
183287169720815	0.102573335	0.09280445	-0.035412222
183287271093315	0.09646778	0.09402556	-0.039075557
183287275231023	0.085477784	0.09524667	-0.042738892
183287282731023	0.078151114	0.091583334	-0.037854444
183287290231023	0.08792	0.08425667	-0.023201112
183287297731023	0.08425667	0.08059334	-0.01099
183287305231023	0.07326667	0.07326667	-0.01099
183287312731023	0.06716111	0.07204556	-0.008547778
183287320231023	0.047623336	0.08059334	0.0048844446
183287327731023	0.034191113	0.08059334	0.007326667
183287335231023	0.028085556	0.089141116	0.014653334
183287342731023	0.028085556	0.085477784	0.01099
183287350231023	0.02075889	0.085477784	0.0024422223
183287357731023	0.025643334	0.085477784	-0.0048844446
183287365231023	0.026864445	0.08303556	0.0012211112
183287372731023	0.03174889	0.081814446	-0.0024422223
183287412863471	0.03297	0.08059334	-0.0024422223
183287395231023	0.018316668	0.07937223	-0.0012211112
183287402731023	0.014653334	0.08059334	0.0
183287410231023	0.024422223	0.07937223	-0.007326667
183287417731023	0.06349778	0.07937223	-0.024422223
183287425231023	0.09646778	0.07448778	-0.037854444
183287476686023	0.10013112	0.070824444	-0.057392225
183287440231023	0.09280445	0.068382226	-0.054950003
183287447731023	0.085477784	0.064718895	-0.054950003
183287455231023	0.081814446	0.06227667	-0.07204556
183287462731023	0.07693	0.058613338	-0.06960334
183287470231023	0.057392225	0.06349778	-0.06105556
183287477731023	0.028085556	0.06594	-0.05617111
183287548431023	0.013432222	0.06349778	-0.047623336
183287556358002	0.025643334	0.05372889	-0.023201112
183287563727950	0.03052778	0.046402223	-0.014653334
183287507731023	-0.007326667	0.042738892	-0.0036633336
183287515231023	-0.045181114	0.03297	0.014653334
183287522731023	-0.057392225	0.025643334	0.019537779
183287530231023	-0.04396	0.02198	0.03174889
183287537731023	-0.047623336	0.007326667	0.047623336
183287545231023	-0.05250778	0.014653334	0.042738892
183287552731023	-0.037854444	0.0012211112	0.058613338
183287560231023	-0.02198	-0.007326667	0.07448778
183287567731023	-0.01099	-0.0048844446	0.09768889
183287575231023	-0.024422223	0.0024422223	0.098910004
183287582731023	-0.015874445	-0.0048844446	0.09524667
183287590231023	0.012211111	-0.0061055557	0.12089001
183287691431387	-0.007326667	0.01099	0.12943779
183287698931387	-0.05250778	0.013432222	0.1306589
183287706431387	-0.081814446	0.014653334	0.15141778
183287713931387	-0.06227667	0.019537779	0.14531223
183287721431387	-0.009768889	0.018316668	0.13676445
183287728931387	0.008547778	0.02075889	0.14287001
183287736431387	-0.012211111	0.02075889	0.14897557
183287743931387	-0.05006556	0.023201112	0.16362889
183287751431387	-0.089141116	0.026864445	0.16973445
183287758931387	-0.1306589	0.02075889	0.17828223
183287766431387	-0.16729222	0.014653334	0.19293556
183287773931387	-0.20881	0.008547778	0.20514667
183287781431387	-0.2295689	-0.0048844446	0.22590557
183287788931387	-0.2295689	-0.019537779	0.25521225
183287796431387	-0.21247335	-0.03297	0.26864445
183287803931387	-0.18927222	-0.046402223	0.26498112
183287811431387	-0.15752333	-0.05617111	0.24910668
183287818931387	-0.13554333	-0.028085556	0.23567446
183287826431387	-0.15508112	-0.04029667	0.23567446
183287833931387	-0.28818223	-0.07937223	0.30649891
183287841431387	-0.3724389	-0.078151114	0.3260367
183287848931387	-0.41884112	0.03052778	0.3284789
183287856431387	-0.5287411	0.085477784	0.4261678
183287863931387	-0.6789378	0.09646778	0.4921078
183287871431387	-0.9280445	0.085477784	0.5653745
183287878931387	-1.020849	0.11600556	0.58491224
183287886431387	-0.97933114	0.106236674	0.5556056
183287893931387	-0.85722005	0.06960334	0.61788225
183287901431387	-0.77296335	0.051286668	0.7546467
183287908931387	-0.5006556	0.042738892	0.7448778
183287916431387	-0.28329778	0.024422223	0.6984756
183287923931387	-0.44692668	0.0036633336	0.90118
183287931431387	-0.32970002	0.0061055557	0.82913446
183287938931387	-0.10867889	0.06349778	0.65940005
183287946431387	-0.6337567	0.2625389	1.0477134
183287953931387	-1.0916734	0.30405667	0.95613
183287961431387	-1.3822979	0.30649891	1.0074167
183287968931387	-1.5031879	0.38953447	1.12098
183287976431387	-1.4225945	0.42372558	1.0977789
183287983931387	-1.4787656	0.48111778	1.1502867
183287991431387	-1.6655957	0.46646446	1.1283067
183287998931387	-1.8060234	0.44326335	1.1698245
183288006431387	-1.7767167	0.43227336	1.1551712
183288013931387	-1.6289623	0.41029334	1.1270856
183288114345710	-1.4482379	0.36389112	1.1087689
183288121845710	-1.2089001	0.29062447	1.053819
183288129345710	-0.9317078	0.23201112	1.0452712
183288136845710	-0.6789378	0.17584	1.05504
183288144345710	-0.5238567	0.11234222	1.0355023
183288151845710	-0.5140878	0.059834447	1.0135223
183288159345710	-0.61544	-0.0024422223	1.0159645
183288166845710	-0.7302245	-0.047623336	1.0061955
