179583683808373	0.12991852	0.8862165	-0.34959236	0.2748212
179583713141862	0.12991852	0.8862165	-0.34959236	0.2748212
179583779964310	0.12991852	0.8862165	-0.34959236	0.2748212
179583788141862	0.12991852	0.8862165	-0.34959236	0.2748212
179583803141862	0.12997358	0.88620484	-0.3496234	0.27479342
179583818141862	0.14218155	0.8850321	-0.34480703	0.27858707
179583825044518	0.14200288	0.8883798	-0.35377294	0.25585407
179583832544518	0.13924101	0.89103466	-0.34887478	0.25486398
179583840044518	0.13684064	0.8928728	-0.34527972	0.25462663
179583847544518	0.1359616	0.8936783	-0.3439344	0.2540922
179583855044518	0.1357253	0.8939337	-0.34368113	0.25366196
179583906145768	0.13559419	0.8940165	-0.34366396	0.25346392
179583870044518	0.13558418	0.89405125	-0.34363315	0.25338805
179583877544518	0.13560109	0.89403313	-0.34367728	0.2533832
179583885044518	0.13562016	0.8940104	-0.34373832	0.25337029
179583892544518	0.1356362	0.89399517	-0.3437951	0.25333852
179583900044518	0.13562763	0.8939739	-0.34387714	0.25330734
179583907544518	0.13558136	0.89398056	-0.34390742	0.25326693
179583915044518	0.1355076	0.89400834	-0.34390938	0.25320575
179583922544518	0.13542935	0.8940339	-0.34391725	0.25314653
179583930044518	0.1353457	0.89406025	-0.34391832	0.2530971
179583937544518	0.13524276	0.89408785	-0.34391657	0.25305668
179583945044518	0.13512751	0.89411753	-0.34393105	0.2529941
179583952544518	0.13503604	0.89412946	-0.34398293	0.25292978
179584027206237	0.13497196	0.8941374	-0.34405687	0.25283584
179584032093685	0.13495365	0.894152	-0.34407383	0.25277042
179583975044518	0.13497832	0.89415455	-0.34411752	0.25268868
179583982544518	0.13502444	0.8941511	-0.34416834	0.2526074
179583990044518	0.13507211	0.89414865	-0.3442057	0.25253925
179584074615247	0.13511747	0.8941313	-0.34426293	0.25249907
179584085856185	0.1351537	0.89411795	-0.34433484	0.25242847
179584095264050	0.13516238	0.89412576	-0.34434026	0.25238886
179584102479779	0.13515255	0.8941405	-0.34433356	0.25235108
179584027544518	0.1351539	0.89414656	-0.34435427	0.25230062
179584035044518	0.13512264	0.8941491	-0.3443683	0.2522891
179584042544518	0.13507573	0.8941581	-0.34436083	0.25229234
179584050044518	0.13500693	0.8941707	-0.34432533	0.252333
179584057544518	0.13491167	0.89420277	-0.34424022	0.25238654
179584159323737	0.13478014	0.8942445	-0.34415215	0.2524292
179584166823737	0.1347804	0.89424384	-0.34415272	0.25243056
179584174323737	0.13462313	0.894291	-0.34405455	0.25248146
179584183191029	0.13448009	0.89432174	-0.3440009	0.2525215
179584189323737	0.13435768	0.894341	-0.34397662	0.25255176
179584196823737	0.13422158	0.8943617	-0.3439611	0.25257167
179584204323737	0.1341205	0.8943566	-0.34401014	0.25257695
179584211823737	0.1340509	0.8943566	-0.3440488	0.25256115
179584219323737	0.13396947	0.89436954	-0.344102	0.252486
179584226823737	0.13389534	0.8943844	-0.34412712	0.25243878
179584234323737	0.13382947	0.8943892	-0.3441597	0.25241166
179584241823737	0.13378562	0.8943826	-0.3442294	0.25236356
179584274109362	0.13374348	0.8943938	-0.34425366	0.25231314
179584256823737	0.13368598	0.8944225	-0.34420434	0.25230938
179584264323737	0.13359976	0.89445543	-0.3441502	0.25231168
179584271823737	0.13348354	0.89448315	-0.34408876	0.25235888
179584279323737	0.13335188	0.8945199	-0.3440014	0.25241703
179584286823737	0.13320832	0.8945511	-0.3439571	0.25244293
179584294323737	0.13307784	0.8945791	-0.34392622	0.2524547
179584301823737	0.1329623	0.8945867	-0.34394848	0.25245813
179584309323737	0.13287467	0.8945848	-0.3439972	0.25244483
179584316823737	0.13280961	0.8945836	-0.3440093	0.2524667
179584364639154	0.13275826	0.89459854	-0.3439856	0.25247315
179584331823737	0.13270766	0.89462715	-0.3439305	0.25247347
179584339323737	0.13264322	0.8946661	-0.3438487	0.25248057
179584393696758	0.1325838	0.89469177	-0.34378394	0.252509
179584403342799	0.13252905	0.89472276	-0.34372115	0.25251377
179584361823737	0.13248174	0.89474833	-0.3436694	0.25251788
179584427326341	0.13245513	0.89477235	-0.34364164	0.25248504
179584376823737	0.13243903	0.8948016	-0.34362692	0.25240943
179584384323737	0.13241518	0.89483494	-0.34359723	0.25234464
179584391823737	0.13236277	0.8948719	-0.3435887	0.25225234
179584399323737	0.13228767	0.8949134	-0.34356114	0.2521821
179584406823737	0.13219886	0.8949472	-0.34352157	0.25216255
179584414323737	0.13209617	0.89498174	-0.3434987	0.252125
179584421823737	0.13199452	0.8950133	-0.3434505	0.25213212
179584429323737	0.13189445	0.8950379	-0.34342346	0.2521339
179584436823737	0.13178869	0.8950717	-0.34339285	0.25211084
179584444323737	0.13169824	0.89509624	-0.3433758	0.25209415
179584451823737	0.13164711	0.89512205	-0.3433636	0.25204587
179584459323737	0.13162696	0.8951501	-0.3433464	0.25198016
179584466823737	0.13162172	0.89517456	-0.3433124	0.2519423
179584474323737	0.13162138	0.89519393	-0.34329888	0.25189188
179584481823737	0.13164432	0.8952008	-0.3433191	0.25182793
179584489323737	0.13168673	0.89520854	-0.34336385	0.25171718
179584496823737	0.13171993	0.89521056	-0.34344175	0.25158623
179584598197539	0.13176122	0.8952009	-0.3435303	0.25147817
179584605697539	0.13176186	0.8951992	-0.34353194	0.25148168
179584613197539	0.13182585	0.8951722	-0.34368768	0.25133184
179584620697539	0.13187778	0.8951584	-0.34381917	0.25117326
179584636623424	0.13192624	0.8951664	-0.34390616	0.25100026
179584635697539	0.13197388	0.8951869	-0.34394994	0.25084254
179584655875039	0.13205044	0.8951975	-0.3439903	0.25070828
179584665255508	0.13215631	0.89519846	-0.34402737	0.25059843
179584674959414	0.13224708	0.8952014	-0.34406483	0.25048873
179584665697539	0.13235785	0.89519835	-0.34411424	0.25037324
179584673197539	0.13247739	0.895198	-0.34417364	0.25022984
179584680697539	0.13260959	0.8952232	-0.3441963	0.25003794
179584688197539	0.13272278	0.8952864	-0.34412235	0.24985366
179584695697539	0.13281676	0.8953707	-0.34400886	0.24965778
179584703197539	0.13290319	0.8954704	-0.34387824	0.2494341
179584737654726	0.13298255	0.8955863	-0.343697	0.24922536
179584749585508	0.13306548	0.8957255	-0.34346914	0.24899493
179584725697539	0.13315107	0.89585704	-0.3432587	0.24876574
179584733197539	0.13324018	0.895985	-0.3430525	0.2485418
179584740697539	0.13334112	0.8961095	-0.3428519	0.24831541
179584748197539	0.13344423	0.89623886	-0.34266287	0.24805413
179584755697539	0.13352154	0.8963815	-0.34246698	0.24776748
179584763197539	0.13359292	0.89653057	-0.34227148	0.24745955
179584770697539	0.13369325	0.89666104	-0.34214577	0.24710634
179584778197539	0.13379589	0.8967862	-0.34204957	0.24672896
179584835848320	0.13388366	0.89692414	-0.34192145	0.24635775
179584846841914	0.13396157	0.89707726	-0.34174734	0.24599883
179584856535976	0.13403036	0.89724296	-0.34154025	0.24564442
179584808197539	0.13411036	0.8974259	-0.3413104	0.24525157
179584815697539	0.13421692	0.89761794	-0.34107587	0.24481642
179584880812070	0.13431822	0.8978037	-0.34086043	0.24437985
179584830697539	0.13443814	0.8979916	-0.34063897	0.24393174
179584838197539	0.13458122	0.8981757	-0.34041533	0.24348651
179584909825091	0.13469832	0.89837193	-0.34016794	0.24304305
179584853197539	0.13481914	0.89858925	-0.3398702	0.24258907
179584931495195	0.13495724	0.89880913	-0.33954605	0.24215116
179584868197539	0.13511214	0.8990183	-0.33921403	0.24175335
179584875697539	0.13529025	0.89923286	-0.33887443	0.24133167
179584961679205	0.13550091	0.89943653	-0.33858705	0.24085751
179584971556601	0.13572042	0.8996297	-0.33832264	0.24038334
179584898197539	0.13591988	0.8998232	-0.33807606	0.23989297
179584905697539	0.13610433	0.9000186	-0.33782914	0.23940271
179584913197539	0.13624315	0.9002306	-0.33755425	0.23891415
179584920697539	0.13632001	0.90049684	-0.33715403	0.23843154
179584928197539	0.13636956	0.9007901	-0.3366864	0.23795567
179585028749674	0.13642094	0.90107954	-0.33623958	0.23746142
179585036249674	0.13642117	0.90107816	-0.3362416	0.23746407
179585043749674	0.1365311	0.90132695	-0.3359069	0.23692949
179585051249674	0.13667269	0.9015506	-0.33562073	0.2364021
179585062364362	0.13685626	0.90175754	-0.33536246	0.23587221
179585072066914	0.13708253	0.9019687	-0.3351159	0.23528345
179585081511445	0.13730787	0.9021889	-0.3348311	0.23471263
179585091223528	0.1375191	0.9024285	-0.33449244	0.2341498
179585101044882	0.1377184	0.9026849	-0.33410776	0.23359308
179585112518216	0.13794404	0.9029366	-0.33375072	0.23299693
179585122216445	0.13818485	0.90317756	-0.33340314	0.23241712
179585111249674	0.13841559	0.9034155	-0.33305097	0.23185918
179585118749674	0.13866635	0.9036449	-0.33272287	0.231286
179585126249674	0.13893159	0.903864	-0.3324162	0.23071076
179585133749674	0.13922976	0.90408015	-0.33210853	0.23012641
179585171946966	0.1395509	0.9042789	-0.33183858	0.22954002
179585181669726	0.13985233	0.904473	-0.33159572	0.2289414
179585156249674	0.14013663	0.9046754	-0.33134726	0.22832718
179585163749674	0.14040916	0.9048948	-0.3310197	0.22776449
179585212002435	0.14065476	0.90513015	-0.33067134	0.22718307
179585178749674	0.14089921	0.90537083	-0.330297	0.22661626
179585229502955	0.14113805	0.90562403	-0.32988477	0.22605616
179585193749674	0.14137112	0.9058858	-0.32943487	0.22551681
179585244457539	0.14161249	0.906144	-0.32899994	0.22496198
179585253628424	0.14186095	0.9063912	-0.32859415	0.22440264
179585216249674	0.14210804	0.90663207	-0.3282102	0.22383389
179585273022070	0.14235169	0.9068626	-0.32784975	0.22327313
179585282862330	0.14261034	0.90709716	-0.32747447	0.22270498
179585293508372	0.14288756	0.90733206	-0.32710958	0.22210583
179585246249674	0.14317067	0.90757215	-0.32672468	0.2215083
179585253749674	0.14343767	0.907829	-0.3262867	0.2209279
179585261249674	0.14371341	0.9080772	-0.3258688	0.22034492
179585268749674	0.1439744	0.90830755	-0.32553682	0.21971473
179585276249674	0.1442238	0.9085354	-0.32519615	0.21911287
179585283749674	0.14445554	0.9087608	-0.32484847	0.21854065
179585291249674	0.14467797	0.9089867	-0.32449022	0.2179855
179585298749674	0.14488706	0.90921235	-0.3241192	0.21745683
179585306249674	0.1451098	0.9094152	-0.32377023	0.21697973
179585313749674	0.14534585	0.9096124	-0.32343915	0.21648778
179585321249674	0.14562479	0.90978897	-0.3231621	0.2159718
179585328749674	0.1459236	0.9099565	-0.3228899	0.21547067
179585336249674	0.14618984	0.91012806	-0.32260096	0.21499798
179585343749674	0.14641204	0.9103202	-0.32224992	0.21455929
179585351249674	0.14661764	0.91051877	-0.32188174	0.21412863
179585358749674	0.14683624	0.910698	-0.32160005	0.21363924
179585458822799	0.14701141	0.910871	-0.32136014	0.2131416
179585466322799	0.14701252	0.9108693	-0.32136142	0.21314637
179585473822799	0.14714497	0.911018	-0.32114446	0.21274589
179585481322799	0.14729996	0.911147	-0.32097894	0.21233556
179585488822799	0.14744136	0.911283	-0.3208029	0.21191972
179585496322799	0.14755824	0.91142774	-0.32058182	0.21154997
179585503822799	0.14768705	0.91156733	-0.32033077	0.2112387
179585511322799	0.14780593	0.9117039	-0.32006344	0.21097113
179585518822799	0.14791475	0.9118244	-0.31982774	0.21073186
179585526322799	0.14802434	0.91193557	-0.3196259	0.21047927
179585533822799	0.1481055	0.9120494	-0.31940383	0.21026647
179585541322799	0.14818302	0.91213524	-0.31925935	0.2100585
179585548822799	0.14826421	0.91220015	-0.31916365	0.20986475
179585556322799	0.14830965	0.91224813	-0.31909057	0.20973514
179585589097695	0.14834271	0.9122809	-0.31904513	0.20963855
179585571322799	0.14835477	0.91229546	-0.3190264	0.20959508
179585578822799	0.14831682	0.9123108	-0.31896952	0.20964181
179585586322799	0.14827201	0.91229063	-0.31900534	0.20970707
179585593822799	0.14819899	0.9122637	-0.31906655	0.2097824
179585601322799	0.14807273	0.91225815	-0.319068	0.2098935
179585608822799	0.14792867	0.9122284	-0.31913835	0.21001726
179585616322799	0.14775868	0.9121817	-0.3192522	0.2101666
179585623822799	0.14759624	0.9121053	-0.31939307	0.21039811
179585631322799	0.14745405	0.9119805	-0.31961426	0.21070263
179585638822799	0.14734761	0.9118115	-0.3199146	0.21105254
179585646322799	0.14723834	0.9116205	-0.32023466	0.21146835
179585653822799	0.14713779	0.9113957	-0.32063016	0.2119072
179585661322799	0.14701656	0.9111647	-0.32102427	0.21238759
179585668822799	0.14687845	0.91093177	-0.3213909	0.21292713
179585676322799	0.14669347	0.9106971	-0.32172632	0.21355112
179585683822799	0.1464808	0.9104454	-0.32207	0.21425094
179585691322799	0.14623679	0.910153	-0.32248938	0.21502826
179585698822799	0.14595836	0.9097954	-0.32304004	0.2159017
179585706322799	0.14565508	0.90936095	-0.32372186	0.21691339
179585713822799	0.14533602	0.9088715	-0.324482	0.21804017
179585721322799	0.1450421	0.90834373	-0.32523918	0.21930335
179585728822799	0.1447119	0.9078108	-0.32593298	0.22069386
179585736322799	0.14435923	0.9072738	-0.32655528	0.22220777
179585743822799	0.14400855	0.9067066	-0.3272115	0.22377993
179585751322799	0.14366804	0.9061109	-0.32791057	0.22538254
179585758822799	0.14332004	0.90546566	-0.3287116	0.22702439
179585766322799	0.14299004	0.9047264	-0.32972315	0.2287068
179585773822799	0.14263026	0.90393066	-0.33084282	0.23045368
179585781322799	0.1422178	0.9031195	-0.3319572	0.23227966
179585788822799	0.14172284	0.9023117	-0.33302888	0.2341795
179585796322799	0.1411289	0.9015164	-0.33403638	0.23615804
179585803822799	0.14044671	0.9007164	-0.33501688	0.23821953
179585905804153	0.13968672	0.89990693	-0.335997	0.24033554
179585913304153	0.13968839	0.89990336	-0.33600006	0.24034369
179585920804153	0.13892362	0.8990055	-0.3371445	0.24253494
179585928304153	0.13818865	0.898031	-0.3384524	0.24473268
179585935804153	0.13745898	0.8970018	-0.33986744	0.24694738
179585943304153	0.1367103	0.89595854	-0.34129003	0.24917842
179585950804153	0.13593975	0.8948872	-0.34275764	0.2514251
179585958304153	0.13454379	0.8939484	-0.34361646	0.25432688
179585965804153	0.13362178	0.8930319	-0.34457216	0.25672805
179585973304153	0.13245086	0.8921263	-0.34554338	0.25916627
179585980804153	0.13163584	0.89093304	-0.3471111	0.26158056
179585988304153	0.13099833	0.8896649	-0.34885857	0.2638816
179585995804153	0.13005628	0.8886289	-0.35002643	0.26628152
179586032858893	0.1291939	0.8875533	-0.35125265	0.26866293
179586041991340	0.12837484	0.8863679	-0.35275245	0.27099356
179586050315715	0.12749337	0.8852411	-0.35403767	0.2734066
179586059412174	0.12660654	0.8841364	-0.35520574	0.27586702
179586033304153	0.12570292	0.8830125	-0.35640743	0.27831912
179586040804153	0.12477084	0.88188255	-0.35760164	0.28077838
179586086720768	0.123866126	0.88071334	-0.3588806	0.28320664
179586096492955	0.1229893	0.87952185	-0.36020896	0.28559476
179586106394986	0.12213263	0.8783343	-0.36150485	0.28797007
179586070804153	0.12124933	0.8771602	-0.36277816	0.2903111
179586078304153	0.12033661	0.8760255	-0.36397302	0.29261267
179586085804153	0.11943001	0.8749323	-0.36509123	0.29485312
179586093304153	0.11852263	0.8738581	-0.36618948	0.2970349
179586100804153	0.11763333	0.8727936	-0.36728358	0.29916
179586165833424	0.116777815	0.8717378	-0.3684275	0.30116007
179586175881184	0.11596822	0.8706759	-0.36962494	0.30307138
179586185285715	0.11516702	0.8696411	-0.37081257	0.30489177
179586194869465	0.11436423	0.86865157	-0.37191758	0.30666387
179586204666601	0.11357404	0.8676887	-0.37298992	0.308376
179586145804153	0.11280046	0.86674166	-0.37405068	0.3100343
179586153304153	0.11202417	0.86584026	-0.37501657	0.3116629
179586160804153	0.1112484	0.8649838	-0.37593982	0.31320328
179586168304153	0.110477075	0.86416435	-0.37681296	0.31468523
179586175804153	0.109727874	0.863356	-0.37765527	0.31615305
179586183304153	0.108996704	0.8625635	-0.37849113	0.31756642
179586190804153	0.1082863	0.8618362	-0.37920293	0.31893203
179586198304153	0.10757588	0.86115986	-0.37981716	0.32026565
179586205804153	0.10689016	0.8605171	-0.3803786	0.32155436
179586213304153	0.10624974	0.85989594	-0.3809066	0.3228006
179586220804153	0.10568604	0.8592758	-0.38146812	0.32397157
179586228304153	0.10517904	0.85865414	-0.38208243	0.3250592
179586328901184	0.10466327	0.85806394	-0.38265175	0.32611284
179586336401184	0.10466325	0.8580591	-0.38265738	0.32611892
179586343901184	0.104149334	0.8575512	-0.38313162	0.32706112
179586351401184	0.103602745	0.85711515	-0.38347587	0.32797313
179586358901184	0.10305825	0.8567162	-0.3837439	0.32887214
179586366401184	0.102517016	0.85635257	-0.38398686	0.32970425
179586384276653	0.1019778	0.8560408	-0.3841737	0.3304624
179586394283372	0.10143041	0.85577744	-0.3843131	0.3311501
179586403392069	0.100891985	0.8555519	-0.38445404	0.33173352
179586396401184	0.10035508	0.85536265	-0.3845555	0.33226603
179586424831392	0.09979822	0.85523623	-0.38462037	0.33268368
179586433670194	0.0992284	0.85514927	-0.3846533	0.33303976
179586418901184	0.09865642	0.85510826	-0.38465416	0.33331358
179586426401184	0.098098904	0.855112	-0.38459393	0.33353788
179586433901184	0.09757502	0.8551389	-0.38451487	0.33371413
179586441401184	0.097090624	0.8552106	-0.38439775	0.33380628
179586479488111	0.096657336	0.8553239	-0.3842241	0.33384168
179586456401184	0.096277826	0.85549825	-0.38398704	0.33377734
179586463901184	0.09595338	0.85572875	-0.38374147	0.33356223
179586471401184	0.09564712	0.8559957	-0.38345608	0.33329356
179586478901184	0.09534565	0.85632914	-0.38306868	0.33296832
179586486401184	0.09507395	0.8566993	-0.382652	0.33257312
179586493901184	0.09482119	0.85712075	-0.3821497	0.33213615
179586501401184	0.09460319	0.85758847	-0.38158077	0.33164498
179586508901184	0.09447732	0.8580544	-0.38106766	0.33106518
179586516401184	0.09443098	0.8585083	-0.38061798	0.3304184
179586523901184	0.09442343	0.85898423	-0.38013712	0.32973653
179586531401184	0.09447536	0.8595154	-0.3795803	0.32897797
179586538901184	0.09457239	0.8600768	-0.37899247	0.32815987
179586546401184	0.094692044	0.86068517	-0.37834558	0.3272751
179586553901184	0.09484198	0.8613343	-0.37759006	0.32639554
179586561401184	0.09502247	0.8620214	-0.37677747	0.32546684
179586568901184	0.09524029	0.8627264	-0.37593034	0.32451335
179586576401184	0.095493324	0.8634425	-0.37506834	0.3235304
179586583901184	0.09579358	0.86415666	-0.37422153	0.3225139
179586591401184	0.0961424	0.8648726	-0.3733993	0.32144198
179586598901184	0.096547134	0.8655822	-0.3726087	0.32032627
179586606401184	0.0969715	0.86632174	-0.3717941	0.31914315
179586613901184	0.09736869	0.86708874	-0.37091705	0.3179576
179586621401184	0.09777282	0.86786884	-0.37001997	0.31674847
179586628901184	0.09819947	0.8686386	-0.36913294	0.31553906
179586636401184	0.09864075	0.8693868	-0.36830643	0.31430417
179586643901184	0.09907376	0.8701275	-0.3674852	0.3130768
179586739739986	0.09951885	0.8708828	-0.36664987	0.31181273
179586658901184	0.09995121	0.87166554	-0.36574128	0.3105517
179586762424882	0.10037523	0.87246096	-0.36480725	0.3092771
179586768510767	0.10037697	0.87245554	-0.3648119	0.3092867
179586775107486	0.10082217	0.8730609	-0.36415812	0.30820203
179586783358528	0.10130799	0.87371814	-0.3634596	0.30700237
179586792847382	0.1018728	0.8744749	-0.36265984	0.30560338
179586803285715	0.10243321	0.87523246	-0.36185578	0.30419737
179586805107486	0.102971986	0.8759909	-0.36105305	0.30278257
179586812607486	0.10347646	0.87676644	-0.36018804	0.30139342
179586820107486	0.10398492	0.8775423	-0.35932156	0.29999098
179586843582069	0.104485154	0.8782923	-0.35851514	0.29858395
179586835107486	0.10496913	0.87903124	-0.35774878	0.2971557
179586863751757	0.10542917	0.8797616	-0.3570038	0.29572397
179586850107486	0.10587966	0.8804731	-0.35629258	0.2942997
179586882704778	0.10629731	0.88115907	-0.35559517	0.29293653
179586865107486	0.10667827	0.8818342	-0.3549042	0.2916011
179586872607486	0.10706923	0.8824811	-0.35424483	0.2902999
179586880107486	0.10739824	0.8831219	-0.3535559	0.28906685
179586887607486	0.1076571	0.8837653	-0.35281217	0.28791073
179586895107486	0.10790564	0.8843643	-0.35213405	0.28680646
179586902607486	0.108145185	0.8849121	-0.35154793	0.28574353
179586910107486	0.10839631	0.88540924	-0.35106817	0.2846963
179586917607486	0.10863123	0.88586664	-0.3506143	0.28374144
179586925107486	0.10881799	0.88631856	-0.35010436	0.28288722
179586932607486	0.10895745	0.8867642	-0.34954876	0.28212252
179586940107486	0.109066546	0.8871767	-0.34905598	0.28139293
179586947607486	0.10919648	0.8875214	-0.34869748	0.28069928
179586955107486	0.109302886	0.8878253	-0.3484072	0.28005648
179587016235403	0.10939164	0.88810575	-0.3481421	0.27946168
179586970107486	0.10942527	0.88837546	-0.34786126	0.27894068
179586977607486	0.10942621	0.88861006	-0.34761837	0.27849498
179586985107486	0.1093913	0.88879895	-0.34746876	0.2780923
179586992607486	0.10932262	0.8889512	-0.34741047	0.2777055
179587000107486	0.10917491	0.8891018	-0.34732822	0.2773842
179587007607486	0.108989015	0.88920575	-0.34731248	0.27714372
179587015107486	0.10877605	0.88924956	-0.3474268	0.27694353
179587022607486	0.10854876	0.8892208	-0.3476477	0.27684787
179587030107486	0.10822806	0.8891455	-0.34792528	0.2768663
179587037607486	0.10784508	0.88901544	-0.348313	0.276946
179587045107486	0.10739799	0.8888464	-0.34877956	0.2770753
179587052607486	0.1069075	0.8886649	-0.34926185	0.27723917
179587060107486	0.10633645	0.88848406	-0.34969404	0.27749383
179587195740819	0.105701834	0.8883086	-0.35010824	0.27777553
179587201406757	0.10570921	0.88829446	-0.35011765	0.27780595
179587202703527	0.105138846	0.8881822	-0.3503833	0.27804643
179587203761652	0.10500508	0.8881522	-0.3504482	0.27811116
179587207493059	0.10489343	0.88812894	-0.35049963	0.2781626
179587209384673	0.10448829	0.88806385	-0.3506714	0.27830645
179587210515298	0.104286656	0.8880247	-0.35076994	0.2783828
179587217555663	0.10417629	0.8879969	-0.35084033	0.27842405
179587225055663	0.10351881	0.8878652	-0.35122913	0.27859887
179587232555663	0.10284136	0.88777345	-0.35154617	0.27874225
179587240055663	0.10221663	0.88774556	-0.35173982	0.2788167
179587247555663	0.10163704	0.88777035	-0.3518083	0.27886316
179587255055663	0.101146735	0.887838	-0.35181528	0.27881742
179587262555663	0.10074908	0.88791436	-0.35182208	0.27870968
179587270055663	0.10045445	0.88799083	-0.35184816	0.2785393
179587277555663	0.10032059	0.88804704	-0.3519572	0.27827033
179587285055663	0.10034747	0.888071	-0.3521418	0.27795053
179587292555663	0.10053459	0.8880969	-0.35230875	0.27758825
179587300055663	0.100892	0.8881566	-0.35237545	0.27718267
179587307555663	0.10141092	0.8882434	-0.35233477	0.27676648
179587315055663	0.102019615	0.8883884	-0.35211977	0.2763509
179587322555663	0.102699496	0.88860303	-0.35170364	0.27593854
179587330055663	0.10347248	0.8888553	-0.35121992	0.27545333
179587337555663	0.10431224	0.8891273	-0.35072768	0.27488494
179587345055663	0.10522382	0.8893998	-0.35027188	0.27423653
179587352555663	0.10616911	0.8896787	-0.3499107	0.27342746
179587360055663	0.10711764	0.88994825	-0.3496858	0.27246606
179587367555663	0.10804694	0.8901958	-0.34960753	0.271389
179587375055663	0.108921304	0.89050364	-0.34949258	0.27017492
179587382555663	0.10975698	0.8908873	-0.34923953	0.2688958
179587390055663	0.11055401	0.8913207	-0.34885263	0.26763272
179587397555663	0.11132066	0.891793	-0.34835294	0.26638895
179587405055663	0.11208858	0.8922927	-0.34777063	0.26515207
179587412555663	0.11289127	0.8927819	-0.34718677	0.26392698
179587420055663	0.11378326	0.8932632	-0.34663317	0.2626399
179587427555663	0.11475744	0.89372396	-0.34611043	0.26133457
179587435055663	0.11584766	0.8941651	-0.3456586	0.25993875
179587442555663	0.11706877	0.8945639	-0.3452848	0.25851288
179587450055663	0.11837884	0.89496255	-0.34489346	0.25705445
179587457555663	0.11973977	0.8954043	-0.34436527	0.25558996
179587465055663	0.12114212	0.8958627	-0.34376052	0.2541325
179587472555663	0.122537285	0.8963433	-0.34306842	0.25270027
179587480055663	0.12391825	0.8968431	-0.34226736	0.25133628
179587487555663	0.12528919	0.8973536	-0.34140953	0.24999745
179587495055663	0.12666899	0.89784247	-0.34057456	0.24868214
179587502555663	0.1280356	0.89832103	-0.33977622	0.24734259
179587510055663	0.12934583	0.89881486	-0.33897263	0.24596559
179587632111340	0.13058339	0.89933944	-0.33809805	0.24459447
179587633365246	0.1305846	0.8993367	-0.33810025	0.24460034
179587638706444	0.13075937	0.89942354	-0.33795688	0.24438615
179587641150194	0.13144197	0.899785	-0.33737305	0.24349399
179587644602277	0.13173239	0.8999461	-0.33710966	0.24310672
179587647505298	0.13210058	0.90016544	-0.33675775	0.24258193
179587654432173	0.13238709	0.90033364	-0.3365019	0.24215618
179587661932173	0.13304113	0.90067774	-0.33603236	0.24116775
179587669432173	0.1337366	0.9009762	-0.33566374	0.2401798
179587676932173	0.13442166	0.9012187	-0.33538467	0.23927556
179587684432173	0.13508871	0.901415	-0.33516285	0.23847035
179587691932173	0.13574271	0.9015749	-0.33498847	0.23773842
179587699432173	0.13640645	0.90169793	-0.33483452	0.23710744
179587706932173	0.13710602	0.9017515	-0.33474344	0.23662841
179587714432173	0.13784795	0.90172476	-0.3347664	0.23626678
179587721932173	0.13859211	0.9016693	-0.33476204	0.2360489
179587729432173	0.1393079	0.9015942	-0.33469412	0.23601091
179587736932173	0.14002332	0.9014969	-0.33463976	0.23603621
179587744432173	0.1407544	0.9013601	-0.3346572	0.2360994
179587751932173	0.14144745	0.90120316	-0.33469364	0.23623237
179587759432173	0.14210197	0.90105474	-0.3346944	0.23640442
179587766932173	0.14263438	0.900965	-0.33459884	0.2365615
179587774432173	0.1430495	0.90090364	-0.33447382	0.23672087
179587781932173	0.14333138	0.9008328	-0.33450082	0.23678201
179587789432173	0.14343065	0.90077865	-0.33464795	0.23671977
179587796932173	0.14338951	0.9007018	-0.3349621	0.23659277
179587844343319	0.14329286	0.90055996	-0.3355215	0.23639861
179587853775663	0.14310344	0.90039694	-0.33617505	0.23620568
179587865429100	0.14287993	0.9002123	-0.33685336	0.2360784
179587873347850	0.14260124	0.9000149	-0.33750534	0.23606826
179587834432173	0.14221875	0.8998616	-0.33800188	0.23617336
179587841932173	0.14172058	0.8997591	-0.3382868	0.23645483
179587849432173	0.14111884	0.8996526	-0.33852556	0.23687802
179587856932173	0.14036901	0.8995652	-0.33866924	0.23744956
179587923376913	0.13950638	0.89949965	-0.33866137	0.23821595
179587871932173	0.1385251	0.8994147	-0.3386565	0.23911463
179587942370246	0.13741314	0.8993199	-0.3386603	0.24010542
179587953078215	0.13619745	0.89924455	-0.3385607	0.24121803
179587961474829	0.13492738	0.89915675	-0.33846122	0.24239594
179587901932173	0.13367902	0.89903593	-0.33843613	0.24356806
179587981852798	0.1324822	0.8989197	-0.3384539	0.24462368
179587916932173	0.13131322	0.89885676	-0.3384046	0.24555205
179587924432173	0.13025281	0.8987919	-0.3383887	0.24637444
179587931932173	0.12931488	0.8987328	-0.33842793	0.24702983
179587939432173	0.12846859	0.8986721	-0.3384796	0.24762075
179587946932173	0.12775844	0.89859486	-0.33860284	0.24809915
179587954432173	0.12718366	0.89848745	-0.33880818	0.24850282
179587961932173	0.12671788	0.89838046	-0.33902243	0.24883512
179587969432173	0.1263509	0.8982853	-0.33923522	0.24907543
179587976932173	0.12611185	0.89817786	-0.3394754	0.24925674
179588078561652	0.1259431	0.8980804	-0.33971837	0.249362
179588086061652	0.1259447	0.898076	-0.33972278	0.24937116
179588093561652	0.12584884	0.8980152	-0.33982712	0.24949631
179588101061652	0.12580995	0.89793265	-0.33998775	0.24959391
179588108561652	0.12582006	0.8978372	-0.3401792	0.24967137
179588116061652	0.1258547	0.8977447	-0.34033802	0.2497698
179588123561652	0.1259403	0.8976588	-0.3404698	0.24985628
179588131061652	0.12603721	0.8976252	-0.34048387	0.24990846
179588138561652	0.12608391	0.89764774	-0.34038025	0.24994555
179588146061652	0.12610957	0.89769274	-0.34020215	0.25001332
179588153561652	0.12612233	0.89772373	-0.34007162	0.25007334
179588161061652	0.12612173	0.8977195	-0.34005338	0.25011367
179588191279517	0.12607716	0.89770204	-0.34005436	0.25019762
179588176061652	0.12599684	0.8976886	-0.34002447	0.25032616
179588183561652	0.12590423	0.89767224	-0.3399803	0.25049204
179588191061652	0.12577844	0.897678	-0.3398992	0.25064427
179588198561652	0.12562054	0.8976972	-0.33976516	0.25083637
179588206061652	0.1254218	0.89773536	-0.3395808	0.25104904
179588213561652	0.12520434	0.8977584	-0.3394366	0.25126988
179588221061652	0.12489558	0.8978088	-0.33923542	0.25151503
179588228561652	0.12455917	0.8978874	-0.33893973	0.2518
179588236061652	0.12416452	0.89795995	-0.33864054	0.25213802
179588243561652	0.123747416	0.8980207	-0.33837187	0.25248766
179588251061652	0.12331782	0.8980677	-0.3381426	0.25283742
179588258561652	0.12292772	0.89809537	-0.33797255	0.2531565
179588266061652	0.122621216	0.8980856	-0.33790675	0.25342724
179588273561652	0.12236415	0.8980705	-0.3378595	0.25366813
179588281061652	0.122168295	0.8980176	-0.33791053	0.25388163
179588288561652	0.12203615	0.8979376	-0.33804673	0.2540469
179588296061652	0.12192084	0.89786565	-0.33819377	0.25416046
179588303561652	0.12182869	0.8978157	-0.33828753	0.25425664
179588311061652	0.12179817	0.8977743	-0.33836648	0.25431207
179588318561652	0.12187086	0.89772516	-0.33847046	0.25431228
179588326061652	0.12204258	0.89768076	-0.33856925	0.2542553
179588333561652	0.12228024	0.89763856	-0.3386253	0.25421575
179588341061652	0.12256775	0.89759624	-0.3386499	0.2541938
179588348561652	0.12292255	0.89752746	-0.33873516	0.2541517
179588356061652	0.12325779	0.8974601	-0.33882377	0.25410914
179588363561652	0.12357932	0.8974063	-0.3389182	0.25401667
179588371061652	0.12388081	0.8973532	-0.3390403	0.25389495
179588378561652	0.124144696	0.8973114	-0.33916312	0.25374913
179588470141808	0.12433716	0.89729327	-0.3392645	0.25358382
179588479249100	0.12449783	0.8972896	-0.3393136	0.25345218
179588489478006	0.12463555	0.8972997	-0.33930674	0.25335783
179588408561652	0.124716714	0.89732826	-0.33922523	0.25332594
179588508684308	0.12478347	0.8973529	-0.3391333	0.253329
179588516485819	0.124787256	0.89734554	-0.3391388	0.25334585
179588523684308	0.12482893	0.89731324	-0.3391408	0.25343665
179588531184308	0.1248323	0.8972776	-0.3391748	0.25351623
179588538684308	0.12476971	0.8972637	-0.33918223	0.25358617
179588546184308	0.12467777	0.897264	-0.33913153	0.253698
179588553684308	0.12453938	0.89726985	-0.33908674	0.25380522
179588561184308	0.12435787	0.8972735	-0.33906472	0.25391033
179588568684308	0.12417595	0.8972468	-0.3391512	0.25397885
179588576184308	0.12403965	0.8971779	-0.33937165	0.2539942
179588583684308	0.12391627	0.8970862	-0.33965138	0.25400427
179588591184308	0.12383019	0.8969848	-0.33995008	0.25400448
179588598684308	0.123808324	0.89688414	-0.34026238	0.25395244
179588606184308	0.12379683	0.89681095	-0.34049055	0.25391078
179588613684308	0.12378844	0.89675987	-0.34064546	0.25388774
179588621184308	0.123820335	0.8967085	-0.34078103	0.25387153
179588628684308	0.12386265	0.89664847	-0.34094855	0.25383812
179588636184308	0.12388313	0.89657974	-0.341141	0.2538123
179588643684308	0.123881355	0.89650536	-0.34135455	0.25378886
179588651184308	0.1238734	0.89643043	-0.34159645	0.25373176
179588658684308	0.12383828	0.8963554	-0.34185073	0.25367138
179588666184308	0.12382644	0.8962698	-0.34211716	0.2536207
179588673684308	0.12381704	0.8961811	-0.3423912	0.25356877
179588681184308	0.123768836	0.89612484	-0.34259108	0.25352085
179588688684308	0.12370754	0.8960884	-0.34272015	0.25350556
179588696184308	0.12361185	0.8960626	-0.342809	0.25352302
179588703684308	0.12349165	0.8960505	-0.342883	0.25352427
179588711184308	0.12334069	0.8960398	-0.34291747	0.2535891
179588718684308	0.12316145	0.8960259	-0.34296116	0.25366616
179588726184308	0.12297558	0.89601624	-0.3429973	0.2537417
179588733684308	0.12280165	0.8960046	-0.3430401	0.25380892
179588741184308	0.12264494	0.89600044	-0.34306613	0.25386435
179588748684308	0.122509845	0.89598775	-0.3430902	0.25394183
179588756184308	0.12238775	0.8959893	-0.34309548	0.2539884
179588763684308	0.12227271	0.8959925	-0.3430731	0.25406256
179588771184308	0.12216115	0.8960188	-0.3430178	0.2540983
179588778684308	0.12202836	0.8960387	-0.34294438	0.25419065
179588786184308	0.121885866	0.89606744	-0.3428572	0.25427532
179588793684308	0.12173353	0.89610183	-0.34276098	0.25435677
179588898423527	0.12161654	0.89613396	-0.34268108	0.2544074
179588905436079	0.12161772	0.8961228	-0.342696	0.25442556
179588912936079	0.121561944	0.896138	-0.3426688	0.25443584
179588920436079	0.12154391	0.8961512	-0.34265515	0.25441623
179588926864621	0.12154634	0.89617145	-0.34261143	0.25440285
179588934364621	0.12153933	0.89619225	-0.34257153	0.25438607
179588941864621	0.12149816	0.8962373	-0.34248143	0.25436875
179588949364621	0.121415555	0.8963028	-0.3423166	0.25439936
179588956864621	0.121294305	0.89637357	-0.34212852	0.25446045
179588964364621	0.121140905	0.89645165	-0.34191263	0.25454906
179588971864621	0.12094899	0.8965313	-0.34168866	0.25466055
179588979364621	0.12072262	0.8966029	-0.34149167	0.25477958
179588986864621	0.12048767	0.89665395	-0.3413371	0.25491875
179588994364621	0.12023009	0.89671826	-0.34116834	0.25504002
179589001864621	0.11998063	0.89678514	-0.34099808	0.25514993
179589009364621	0.119762555	0.8968317	-0.3408863	0.25523794
179589016864621	0.1195915	0.8968683	-0.34080052	0.25530446
179589024364621	0.11944764	0.89690477	-0.34071514	0.25535715
179589031864621	0.11932874	0.8969361	-0.34063163	0.255414
179589039364621	0.11924563	0.8969728	-0.34052014	0.2554732
179589078080766	0.11913976	0.897039	-0.34030792	0.25557253
179589061864621	0.1191242	0.89705396	-0.34024328	0.25561348
179589069364621	0.11912749	0.89707476	-0.34017423	0.25563103
179589109136652	0.119152	0.89710426	-0.34008402	0.25563604
179589084364621	0.11917312	0.8971292	-0.34000212	0.2556476
179589091864621	0.11918378	0.89714444	-0.33994472	0.25566503
179589099364621	0.11916797	0.89716256	-0.33986527	0.25571492
179589106864621	0.11916478	0.8971687	-0.33980036	0.25578052
179589114364621	0.11914051	0.89716136	-0.3397737	0.25585306
179589121864621	0.11908222	0.89716434	-0.33973938	0.25591567
179589129364621	0.119025506	0.8971582	-0.33974537	0.25595534
179589136864621	0.11896758	0.89716333	-0.3397231	0.25599426
179589144364621	0.11888589	0.89719313	-0.33964825	0.25602663
179589151864621	0.118771955	0.89723045	-0.3395517	0.25607723
179589159364621	0.11864731	0.8972648	-0.33945042	0.25614852
179589224471183	0.11852764	0.8972884	-0.3393694	0.2562291
179589231975662	0.118406184	0.89728934	-0.33935678	0.25629812
179589242975818	0.118282296	0.8972852	-0.33937505	0.2563459
179589189364621	0.118178174	0.89728135	-0.3394061	0.256366
179589261610037	0.11808544	0.8972935	-0.33939192	0.25638548
179589204364621	0.11796757	0.8973172	-0.33934677	0.2564161
179589211864621	0.11786535	0.8973259	-0.3393471	0.2564327
179589219364621	0.11779311	0.8973424	-0.33933896	0.25641856
179589300967589	0.117723435	0.89735436	-0.33936042	0.25638026
179589234364621	0.11768157	0.89735234	-0.33941638	0.25633293
179589241864621	0.11764261	0.8973603	-0.33946255	0.2562611
179589249364621	0.11761694	0.89736515	-0.33951935	0.25618088
179589256864621	0.117602356	0.8973786	-0.33958438	0.2560545
179589264364621	0.11757494	0.8974214	-0.33955908	0.25595027
179589271864621	0.117537044	0.897491	-0.3394837	0.255824
179589279364621	0.11753417	0.8975531	-0.3394167	0.25569618
179589286864621	0.11756173	0.89762205	-0.33935592	0.25552216
179589390206183	0.117594354	0.8976945	-0.33928624	0.25534472
179589393672433	0.117598705	0.897689	-0.33928823	0.25535965
179589401172433	0.11761383	0.89772844	-0.3392376	0.25528118
179589408672433	0.11765549	0.8978384	-0.33911228	0.2550415
179589416172433	0.11768587	0.89794606	-0.33900824	0.2547869
179589423672433	0.11770886	0.89806443	-0.33890983	0.25448996
179589431172433	0.11776727	0.89817923	-0.3387976	0.25420704
179589438672433	0.117849305	0.8982791	-0.3387165	0.25392407
179589446172433	0.11793534	0.8983862	-0.33861896	0.25363505
179589453672433	0.118001655	0.8985179	-0.3384667	0.25334084
179589461172433	0.11802907	0.8987023	-0.33821508	0.25300962
179589492303943	0.11804924	0.8989017	-0.3379368	0.25266367
179589501761131	0.11808893	0.8991102	-0.33764172	0.25229767
179589483672433	0.11813205	0.89932966	-0.33732763	0.25191453
179589491172433	0.1181855	0.8995508	-0.33703277	0.25149468
179589498672433	0.118263274	0.89976865	-0.3367559	0.25104883
179589506172433	0.11835361	0.89999264	-0.33645344	0.25060883
179589513672433	0.11844162	0.9002464	-0.33609727	0.25013337
179589560708787	0.118525766	0.9005115	-0.33572736	0.24963547
179589566436183	0.11860506	0.90077794	-0.33535406	0.24913767
179589576999777	0.11868125	0.90105	-0.3349622	0.24864466
179589586152381	0.11877908	0.9013098	-0.33459607	0.2481487
179589551172433	0.11891047	0.9015521	-0.3342713	0.24764268
179589558672433	0.119065896	0.9017874	-0.33397067	0.24711621
179589566172433	0.119234756	0.9020177	-0.33368883	0.24657446
179589573672433	0.11943166	0.9022467	-0.33340788	0.24602045
179589581172433	0.119644344	0.902496	-0.33307165	0.24545783
179589588672433	0.119882785	0.9027569	-0.33268124	0.24491112
179589596172433	0.12014822	0.90302783	-0.33228424	0.24432005
179589603672433	0.1204353	0.9033117	-0.33187336	0.243687
179589611172433	0.120750815	0.9035823	-0.33149683	0.24303958
179589618672433	0.12109278	0.90385216	-0.3311395	0.24235204
179589626172433	0.1214294	0.90413344	-0.33078417	0.24161868
179589633672433	0.12174272	0.90442455	-0.33041158	0.24087976
179589641172433	0.12205466	0.90472275	-0.33002192	0.24013568
179589648672433	0.12233591	0.90503407	-0.32961905	0.23937142
179589656172433	0.12257102	0.90535814	-0.32919207	0.23861204
179589663672433	0.1227556	0.90569335	-0.32873365	0.23787564
179589671172433	0.12292315	0.90602684	-0.32825774	0.23717579
179589678672433	0.12306972	0.90635014	-0.32779753	0.23649955
179589686172433	0.12321268	0.90667146	-0.32731664	0.23585896
179589693672433	0.12333938	0.9069927	-0.326811	0.23525779
179589701172433	0.123444386	0.9073145	-0.32628068	0.23469736
179589708672433	0.12352692	0.9076374	-0.3257536	0.23413692
179589716172433	0.12359734	0.9079689	-0.32518995	0.23359764
179589823390245	0.123664565	0.90829885	-0.32464615	0.23303461
179589829008579	0.12366807	0.9082885	-0.32465792	0.23305683
179589836508579	0.12376372	0.9084934	-0.32435274	0.23263195
179589844008579	0.12392104	0.9087683	-0.32394803	0.2320377
179589851508579	0.1240963	0.909028	-0.3235854	0.23143195
179589859008579	0.12429044	0.90927035	-0.32325423	0.23083809
179589866508579	0.124497354	0.9095162	-0.32290384	0.23024757
179589874008579	0.12472622	0.9097676	-0.32253975	0.22963978
179589881508579	0.12497823	0.91002893	-0.3221357	0.2290336
179589889008579	0.12523524	0.91029334	-0.32170716	0.22844411
179589896508579	0.12550503	0.91056186	-0.32127205	0.22783712
179589904008579	0.12574972	0.91085005	-0.32078633	0.22723454
179589911508579	0.12599368	0.91113347	-0.32030535	0.22664082
179589919008579	0.12622777	0.9114053	-0.31985137	0.22605737
179589926508579	0.12645	0.9116593	-0.31947026	0.22544779
179589934008579	0.12664047	0.91191965	-0.3190732	0.22484894
179589941508579	0.1268065	0.9122015	-0.31862366	0.22424875
179589949008579	0.12697	0.9124807	-0.3181686	0.22366565
179589956508579	0.12712374	0.91275644	-0.31771868	0.2230923
179589964008579	0.12726778	0.9130222	-0.3172989	0.22251931
179589971508579	0.12741505	0.913272	-0.31690156	0.22197533
179589979008579	0.12752977	0.9135144	-0.31652248	0.22145283
179589986508579	0.12767278	0.91375095	-0.3161359	0.22094558
179589994008579	0.12784398	0.91399366	-0.31573617	0.22041413
179590001508579	0.12802652	0.91423935	-0.31531388	0.21989281
179590009008579	0.12820478	0.91447663	-0.31491584	0.21937248
179590016508579	0.12837294	0.914714	-0.3145142	0.21885967
179590024008579	0.12855524	0.9149432	-0.31410956	0.2183751
179590031508579	0.12872642	0.91516715	-0.31372645	0.21788637
179590039008579	0.12890448	0.9153752	-0.31337595	0.21741077
179590046508579	0.12906112	0.91557544	-0.31303793	0.21696156
179590054008579	0.12920703	0.9157693	-0.31271595	0.21652015
179590122187641	0.12932856	0.91594917	-0.31241488	0.21612112
179590132787433	0.12944259	0.9161132	-0.31211022	0.2157975
179590076508579	0.12954617	0.91626877	-0.31181785	0.21549724
179590084008579	0.12962349	0.91641665	-0.3115234	0.21524738
179590091508579	0.12971583	0.91656524	-0.31119758	0.21503028
179590099008579	0.12979722	0.91671383	-0.31085896	0.21483795
179590106508579	0.12987746	0.91684085	-0.3105596	0.21468014
179590114008579	0.12996276	0.916949	-0.3103023	0.21453875
179590121508579	0.13001628	0.9170297	-0.3101054	0.21444617
179590129008579	0.1300636	0.91709924	-0.30993775	0.2143619
179590136508579	0.13008416	0.91718644	-0.30971295	0.21430118
179590144008579	0.13008134	0.9172851	-0.30944243	0.21427187
179590151508579	0.13004981	0.9173733	-0.3091705	0.2143061
179590159008579	0.13002066	0.9174346	-0.3089499	0.21437934
179590166508579	0.13000321	0.91746473	-0.30883354	0.21442851
179590266514620	0.12998235	0.9174629	-0.30877548	0.21453267
179590274014620	0.12998563	0.91745603	-0.30878234	0.21455006
179590281514620	0.12996793	0.91737753	-0.30882713	0.2148316
179590289014620	0.12996027	0.9172682	-0.30892935	0.21515585
179590296514620	0.12994798	0.91714156	-0.30905634	0.21552074
179590304014620	0.12991515	0.9170064	-0.30918533	0.21593057
179590311514620	0.12987237	0.9168547	-0.30933234	0.21638936
179590319014620	0.12978311	0.9166916	-0.30949903	0.21689436
179590326514620	0.12969524	0.91649723	-0.30975643	0.21740067
179590334014620	0.12960362	0.9162674	-0.3101055	0.21792562
179590341514620	0.12952444	0.9160035	-0.31049076	0.2185326
179590349014620	0.12940654	0.9157349	-0.31085417	0.21921049
179590356514620	0.12927173	0.9154625	-0.31118593	0.21995609
179590364014620	0.12914693	0.9151429	-0.31156757	0.22081707
179590371514620	0.12904504	0.91477793	-0.31204316	0.22171533
179590379014620	0.12894307	0.9143833	-0.31256568	0.22266486
179590386514620	0.12884809	0.9139552	-0.31312966	0.2236826
179590427681339	0.1287156	0.9135147	-0.31375054	0.2246861
179590436912120	0.12856862	0.9130669	-0.3143546	0.22574392
179590446480974	0.12841715	0.91261655	-0.314921	0.22685891
179590416514620	0.12823823	0.9121462	-0.31548035	0.22807114
179590424014620	0.12805521	0.9116416	-0.31605533	0.22939155
179590431514620	0.12785755	0.91110176	-0.3166563	0.23081352
179590439014620	0.12766689	0.91050845	-0.31734324	0.23231177
179590446514620	0.12747444	0.90987414	-0.31807756	0.23389313
179590454014620	0.1272667	0.90922457	-0.31881338	0.23552504
179590571284412	0.12704836	0.9085346	-0.3196135	0.23721464
179590578784412	0.1261551	0.9061813	-0.32263944	0.24253705
179590586284412	0.1261551	0.9061813	-0.32263944	0.24253705
179590597657016	0.12585302	0.9052942	-0.32386252	0.24436958
179590612657016	0.12554628	0.9043626	-0.32514974	0.24626021
179590627657016	0.12523071	0.9033817	-0.32651907	0.24820186
179590642657016	0.12506709	0.90284956	-0.3272496	0.24925625
179590795228787	0.12506709	0.90284956	-0.3272496	0.24925625
179590687657016	0.12507665	0.9027031	-0.32737026	0.24962313
179590795630089	0.12507665	0.9027031	-0.32737026	0.24962313
179590777657016	0.125074	0.9026735	-0.32740417	0.24968679
179590797373839	0.12497126	0.902452	-0.32770944	0.2501383
179590797751026	0.12497	0.9024091	-0.32775903	0.2502287
179590799035089	0.12484834	0.9021136	-0.32815358	0.25083685
179590799130193	0.12484834	0.9021136	-0.32815358	0.25083685
179590799210870	0.12484841	0.9020188	-0.3282594	0.2510396
179590799276859	0.12484841	0.9020188	-0.3282594	0.2510396
179590799339464	0.12484841	0.9020188	-0.3282594	0.2510396
179590800499620	0.124847084	0.90197974	-0.3283081	0.25111663
179590801625870	0.124677315	0.9016853	-0.32869145	0.2517564
179590802396026	0.1245983	0.9015294	-0.32889646	0.25208583
179590803209828	0.124523394	0.90138173	-0.32908693	0.25240195
179590804246912	0.12443173	0.9012134	-0.32930252	0.2527667
179590819246912	0.12348589	0.9000493	-0.33076245	0.25545776
179590821649255	0.1224905	0.8988737	-0.33221573	0.2581762
179590825069620	0.12202802	0.89830637	-0.33292806	0.25944877
179590833038943	0.12151076	0.8976935	-0.33369192	0.26082814
179590840469047	0.12048291	0.89656615	-0.33507118	0.26340166
179590847305193	0.11946209	0.89543855	-0.33647218	0.26590455
179590859636287	0.11846455	0.8943071	-0.33792627	0.26830357
179590867318422	0.11746158	0.893205	-0.3393416	0.2706195
179590876804724	0.1164509	0.89213693	-0.34065804	0.2729158
179590886519568	0.115408316	0.8911153	-0.34184563	0.275202
179590896721911	0.11433396	0.8901164	-0.3429396	0.2775122
179590906065193	0.113260664	0.889138	-0.34397602	0.27979702
179590911978005	0.112201706	0.88817054	-0.34498248	0.28204763
179590921282380	0.11117337	0.8872196	-0.3459519	0.28425217
179590930830401	0.110157736	0.88629	-0.34688446	0.2864028
179590940983891	0.109148026	0.88539016	-0.34777105	0.28848958
179590951454359	0.10815282	0.88451874	-0.34861037	0.29051772
179590938365349	0.10715088	0.8836761	-0.349399	0.2924991
179590945865349	0.10614411	0.8828481	-0.35013294	0.29448223
179590981999620	0.105167136	0.88201964	-0.35089207	0.2964052
179590990593682	0.104220174	0.8811896	-0.3516823	0.2982661
179590968365349	0.10327294	0.88038427	-0.35243976	0.3000743
179590975865349	0.10236073	0.87959313	-0.35321984	0.30178455
179590983365349	0.10146794	0.87881404	-0.3539778	0.30346352
179590990865349	0.10062002	0.8780491	-0.35470757	0.30510312
179590998365349	0.099845916	0.87730664	-0.35539922	0.30668437
179591005865349	0.099115506	0.8766037	-0.35607013	0.30814943
179591013365349	0.098404504	0.875948	-0.35669678	0.30951414
179591020865349	0.09771656	0.87534195	-0.35725614	0.31079933
179591028365349	0.09702616	0.8747827	-0.35777032	0.31199628
179591035865349	0.09636038	0.8742739	-0.35823503	0.31309354
179591043365349	0.095711544	0.87381107	-0.35862526	0.3141362
179591050865349	0.095092	0.8733679	-0.35902125	0.31510305
179591058365349	0.094525926	0.87295824	-0.35941264	0.31596112
179591065865349	0.09400793	0.8725781	-0.35978967	0.31673566
179591073365349	0.09352366	0.8722287	-0.36014876	0.31743237
179591142311182	0.09307796	0.8719006	-0.36049607	0.31807023
179591151695401	0.09264163	0.87161714	-0.3607767	0.31865564
179591162130713	0.09218826	0.87138647	-0.36098412	0.3191825
179591103365349	0.0917317	0.8712127	-0.3610839	0.319675
179591204828109	0.091289505	0.8710903	-0.3611175	0.32009697
179591205770557	0.09129295	0.87106764	-0.36114064	0.32013154
179591206475401	0.09124245	0.87104684	-0.36114603	0.3201969
179591212928838	0.09120977	0.8710307	-0.36114833	0.32024708
179591220428838	0.090940244	0.87110317	-0.36092848	0.32037446
179591227928838	0.09072559	0.8711771	-0.3607303	0.3204576
179591235428838	0.09059725	0.8712462	-0.36059293	0.3204606
179591242928838	0.09052466	0.87134445	-0.36046147	0.32036197
179591250428838	0.090513386	0.87145454	-0.36033428	0.32020864
179591257928838	0.09053775	0.8715991	-0.36020032	0.31995907
179591265428838	0.09057518	0.87177783	-0.36002946	0.31965372
179591272928838	0.09065362	0.87198347	-0.3598369	0.3192869
179591280428838	0.09074769	0.87222147	-0.3596179	0.31885684
179591287928838	0.090840206	0.8725041	-0.35931686	0.31839588
179591295428838	0.09092365	0.87282616	-0.35898033	0.317869
179591302928838	0.09104503	0.87316054	-0.35868478	0.3172487
179591310428838	0.09119956	0.8735173	-0.35840458	0.3165382
179591317928838	0.09139538	0.8738982	-0.35812446	0.3157463
179591325428838	0.091623895	0.8743191	-0.35779184	0.31489074
179591332928838	0.09183385	0.87481123	-0.35737774	0.31393164
179591340428838	0.09204953	0.8753759	-0.356804	0.31294554
179591347928838	0.09225804	0.8760046	-0.35611197	0.31191128
179591355428838	0.0925136	0.876654	-0.35540116	0.31082016
179591362928838	0.09278671	0.8773215	-0.3546356	0.30972773
179591370428838	0.09308723	0.87801576	-0.35383913	0.30857903
179591377928838	0.093383364	0.87876207	-0.35295793	0.307372
179591385428838	0.093747206	0.8795348	-0.352022	0.30612198
179591392928838	0.09414599	0.8803227	-0.35103527	0.30486533
179591400428838	0.09454668	0.88113946	-0.35	0.30356926
179591407928838	0.09495885	0.8819775	-0.3489231	0.30224377
179591415428838	0.095363185	0.882871	-0.34773162	0.30087766
179591422928838	0.09572801	0.8837977	-0.34646356	0.29950115
179591430428838	0.09609818	0.88474596	-0.3451573	0.2980878
179591437928838	0.09643803	0.8857238	-0.34376535	0.2966791
179591445428838	0.096758105	0.8867148	-0.34227738	0.2953321
179591452928838	0.09702946	0.8877315	-0.34073392	0.29397038
179591460428838	0.09738927	0.88871634	-0.33924368	0.292596
179591467928838	0.09781237	0.8896447	-0.33789274	0.29119334
179591475428838	0.098310344	0.8905225	-0.33669716	0.28972372
179591482928838	0.09887798	0.89135563	-0.33560127	0.28823623
179591490428838	0.099475086	0.89216775	-0.3346071	0.2866697
179591497928838	0.10010465	0.8929753	-0.33364594	0.28505206
179591505428838	0.10071762	0.89381164	-0.33258405	0.28345123
179591512928838	0.101368375	0.8946438	-0.33155778	0.28179154
179591520428838	0.10203958	0.8954473	-0.3305741	0.2801481
179591527928838	0.10269363	0.8962228	-0.32959157	0.27858272
179591535428838	0.10336255	0.896961	-0.32864514	0.2770732
179591542928838	0.10404993	0.8976435	-0.32778385	0.27562216
179591550428838	0.10472674	0.89827883	-0.32699588	0.27422842
179591557928838	0.10539749	0.8988809	-0.32629558	0.27282912
179591658402380	0.10603034	0.8994745	-0.32561165	0.27144122
179591665902380	0.10603068	0.8994488	-0.32564878	0.27148172
179591673402380	0.10659567	0.8999983	-0.3250223	0.27018705
179591680902380	0.10716769	0.90052277	-0.32442418	0.2689289
179591688402380	0.107727915	0.9010279	-0.3238399	0.26771447
179591706993838	0.10823522	0.9015111	-0.32328418	0.2665528
179591717295817	0.10872516	0.9019256	-0.32285264	0.26547182
179591710902380	0.10917708	0.9022858	-0.32253364	0.26444802
179591718402380	0.109534964	0.9026166	-0.32220638	0.26356876
179591746929203	0.10980825	0.90291315	-0.32187426	0.26284388
179591759132120	0.10998514	0.9031712	-0.32156438	0.26226225
179591740902380	0.110049725	0.9033728	-0.32131186	0.26184964
179591775798786	0.109992534	0.9035678	-0.3210396	0.26153502
179591755902380	0.10979162	0.9037466	-0.32077014	0.2613319
179591763402380	0.10946632	0.903893	-0.32055756	0.26122335
179591770902380	0.10901923	0.90401345	-0.3203668	0.2612272
179591778402380	0.10851011	0.90409666	-0.32021883	0.26133257
179591821976963	0.10796424	0.9041146	-0.32021964	0.2614958
179591793402380	0.10734143	0.9041261	-0.3202528	0.26167163
179591800902380	0.10669478	0.904153	-0.32023203	0.26186842
179591850617849	0.1060445	0.90417945	-0.32016617	0.26212153
179591815902380	0.10542141	0.9041908	-0.32014543	0.26235932
179591823402380	0.104807906	0.90418667	-0.320202	0.2625501
179591830902380	0.10421076	0.9041795	-0.32030314	0.26268888
179591838402380	0.103572085	0.9041935	-0.32041422	0.2627578
179591845902380	0.10292061	0.9042318	-0.3205437	0.26272425
179591853402380	0.10234578	0.90430427	-0.320677	0.26253644
179591860902380	0.10180435	0.90442103	-0.32077652	0.26222327
179591868402380	0.10130756	0.9045818	-0.320781	0.26185554
179591875902380	0.10092084	0.90477824	-0.32066375	0.2614694
179591949693369	0.10061432	0.9049932	-0.32046387	0.2610882
179591890902380	0.10039501	0.9052246	-0.32020256	0.2606906
179591898402380	0.10032281	0.9054198	-0.31997752	0.26031652
179591905902380	0.10044505	0.9055558	-0.31984887	0.2599547
179591913402380	0.10070013	0.90565884	-0.31979594	0.2595614
179591920902380	0.10106635	0.90577817	-0.3197233	0.25909176
179591928402380	0.101596676	0.9058711	-0.3197306	0.25855017
179592018784046	0.1022386	0.90595603	-0.3198001	0.25791276
179592024975817	0.102946885	0.90604836	-0.3199068	0.2571728
179592032454411	0.10368482	0.9061719	-0.31998336	0.25634503
179592042257432	0.10443101	0.9063171	-0.32003468	0.25546283
179592051747015	0.10521268	0.9064731	-0.32012284	0.25447664
179592063604151	0.105970256	0.9066463	-0.32020345	0.25344133
179591980902380	0.10671501	0.9068202	-0.32032186	0.25235483
179592082254828	0.1074691	0.9069719	-0.32050937	0.2512493
179592089754828	0.10746178	0.9069243	-0.3205962	0.25131348
179592097254828	0.108234815	0.9071604	-0.32067484	0.2500262
179592104754828	0.10901987	0.9074243	-0.32069135	0.2487024
179592112254828	0.109835796	0.90771604	-0.32064816	0.24733093
179592119754828	0.110680535	0.90801823	-0.3205691	0.24594367
179592127254828	0.11158182	0.90830797	-0.32049155	0.2445635
179592134754828	0.11256617	0.9086054	-0.3203648	0.24316974
179592142254828	0.113630086	0.9088753	-0.32021236	0.24186388
179592149754828	0.114813626	0.90912765	-0.32004845	0.24056944
179592157254828	0.116098575	0.90935963	-0.31990084	0.23926896
179592164754828	0.11747867	0.9095749	-0.31972572	0.23800795
179592172254828	0.118883505	0.90980387	-0.31944796	0.23680493
179592179754828	0.120345406	0.9100457	-0.3190764	0.23563537
179592187254828	0.12183929	0.91029316	-0.31864962	0.23448652
179592194754828	0.123368554	0.91054386	-0.31821862	0.23329584
179592202254828	0.12492141	0.910772	-0.31784034	0.23209153
179592209754828	0.12650962	0.910985	-0.3175475	0.23079288
179592217254828	0.12809916	0.91119146	-0.31727836	0.22946696
179592224754828	0.12965408	0.9114186	-0.3170007	0.22807144
179592232254828	0.13117343	0.91166973	-0.3166675	0.22665744
179592239754828	0.1326508	0.91192216	-0.31630212	0.22528829
179592247254828	0.13410184	0.9121741	-0.31592637	0.2239323
179592254754828	0.13552499	0.9124238	-0.31552827	0.22261615
179592262254828	0.1368805	0.9127118	-0.31504533	0.221286
179592269754828	0.13818695	0.91301423	-0.31451312	0.21997947
179592277254828	0.13944878	0.9133052	-0.31396708	0.21875195
179592284754828	0.1406987	0.9135892	-0.3134132	0.21755642
179592292254828	0.14188708	0.913853	-0.31286228	0.21646735
179592299754828	0.14306375	0.91406095	-0.31239963	0.21548076
179592307254828	0.14421682	0.91417557	-0.31216976	0.21455675
179592314754828	0.1453129	0.9142372	-0.31208763	0.21367249
179592322254828	0.14631973	0.9142755	-0.31205738	0.21286392
179592329754828	0.147247	0.9143228	-0.31199855	0.21210635
179592337254828	0.14816229	0.9143756	-0.31190482	0.21137789
179592344754828	0.14902969	0.91442955	-0.311826	0.21064956
179592352254828	0.14988005	0.9144408	-0.3118335	0.20998585
179592359754828	0.15070653	0.9144093	-0.3119353	0.20937912
179592367254828	0.15145266	0.9143543	-0.31206787	0.20888273
179592374754828	0.15219727	0.91424483	-0.3122791	0.20850441
179592382254828	0.15289679	0.91412944	-0.31249148	0.20818032
179592389754828	0.15354119	0.9140155	-0.31267422	0.20793179
179592397254828	0.15413192	0.9138895	-0.31285524	0.20777608
179592404754828	0.15459254	0.9138037	-0.31291386	0.20772322
179592412254828	0.15497449	0.9137541	-0.31282592	0.20778915
179592512934671	0.15526365	0.91373223	-0.31264597	0.20794035
179592521431546	0.15526846	0.91372883	-0.31264406	0.20795457
179592527934671	0.15533338	0.91373986	-0.31246588	0.20812553
179592535434671	0.15523788	0.9137714	-0.3122965	0.20831233
179592542934671	0.15501781	0.9137876	-0.31221506	0.20852724
179592550434671	0.15465476	0.9137995	-0.31218347	0.2087913
179592557934671	0.15416232	0.91381973	-0.3121488	0.20911847
179592565434671	0.15351632	0.9138805	-0.31203178	0.20950247
179592572934671	0.15272188	0.91398025	-0.3117714	0.21003531
179592597213786	0.15186574	0.9140788	-0.3114654	0.21067992
179592587934671	0.15096837	0.9141575	-0.31112316	0.21148765
179592619258473	0.15005974	0.914214	-0.31078663	0.21238299
179592602934671	0.1490938	0.91426265	-0.3104457	0.21335027
179592610434671	0.1480806	0.9143099	-0.31008673	0.21437308
179592646425192	0.14700796	0.9143594	-0.30970913	0.21544364
179592625434671	0.14590503	0.9144222	-0.30929026	0.21652575
179592632934671	0.14479518	0.9144985	-0.3088708	0.21754454
179592674115921	0.14371128	0.9145754	-0.30847204	0.21850407
179592647934671	0.14265805	0.914662	-0.30807734	0.21938683
179592697334827	0.14165743	0.91476214	-0.30769515	0.22015235
179592707256702	0.14069355	0.9148429	-0.30740085	0.22084492
179592670434671	0.13976908	0.91489464	-0.30724284	0.2214365
179592677934671	0.13890089	0.914911	-0.3071958	0.22198036
179592685434671	0.13806361	0.9149035	-0.30722037	0.22249863
179592692934671	0.13730402	0.9148679	-0.30731505	0.22298427
179592700434671	0.13664937	0.9148356	-0.30736658	0.22344708
179592707934671	0.13606921	0.91481596	-0.30733395	0.22392574
179592774582744	0.13559735	0.9147932	-0.30727825	0.22438145
179592722934671	0.13523813	0.91470224	-0.30734965	0.22487071
179592730434671	0.13493535	0.9146006	-0.30742738	0.2253586
179592737934671	0.1346628	0.9145269	-0.30738223	0.22588253
179592745434671	0.1344139	0.91448075	-0.30720526	0.22645684
179592823783057	0.13418189	0.9144366	-0.30701038	0.22703707
179592760434671	0.1339706	0.914388	-0.3068057	0.22763295
179592767934671	0.13381034	0.9143247	-0.3066469	0.22819455
179592775434671	0.13370918	0.9142489	-0.30656612	0.22866605
179592782934671	0.13367112	0.9141791	-0.30648717	0.22907291
179592790434671	0.13371868	0.9140972	-0.30647102	0.22939348
179592797934671	0.13380638	0.9139993	-0.30651423	0.22967412
179592899289723	0.13393055	0.9138954	-0.3066185	0.22987595
179592900231129	0.13393062	0.913862	-0.3066748	0.22993368
179592906861807	0.13395667	0.91381264	-0.30675867	0.23000276
179592914361807	0.13413198	0.9136806	-0.30702466	0.2300701
179592921861807	0.13431047	0.9135214	-0.3073584	0.23015267
179592929361807	0.13448134	0.91341037	-0.30760807	0.23015991
179592936861807	0.1346186	0.9133266	-0.3077898	0.2301691
179592944361807	0.13476056	0.91324717	-0.30795196	0.23018439
179592951861807	0.13486047	0.91317785	-0.3080792	0.23023069
179592959361807	0.13489941	0.91314346	-0.30808783	0.2303329
179592966861807	0.13487718	0.91313064	-0.30800962	0.23050082
179592974361807	0.1348391	0.9130991	-0.3079845	0.23068148
179592981861807	0.13476434	0.91307694	-0.30795953	0.23084667
179592989361807	0.13465983	0.91305506	-0.30788293	0.23109569
179592996861807	0.13452671	0.91305995	-0.30776393	0.23131274
179593004361807	0.13439149	0.9130708	-0.30769125	0.231445
179593011861807	0.13421956	0.9131228	-0.30755886	0.23151553
179593019361807	0.13402726	0.91320497	-0.3073675	0.23155712
179593026861807	0.13385472	0.9132958	-0.30714318	0.23159617
179593034361807	0.13369146	0.9133942	-0.30690935	0.23161228
179593041861807	0.13357207	0.91348004	-0.3066866	0.23163773
179593088402744	0.13349698	0.9135436	-0.30650598	0.23166946
179593098816911	0.13345693	0.91360044	-0.30635118	0.23167351
179593103708734	0.13347328	0.9136408	-0.30624	0.23165143
179593114586494	0.13353014	0.91365993	-0.30619174	0.23160696
179593126923161	0.13363783	0.9136575	-0.30621246	0.23152767
179593134400296	0.13374382	0.9136483	-0.30627006	0.23142603
179593094361807	0.13382784	0.9136467	-0.30629212	0.23135482
179593101861807	0.13386984	0.91364753	-0.30631253	0.23130025
179593109361807	0.1339037	0.9136422	-0.30636564	0.23123083
179593116861807	0.1339125	0.9136226	-0.30647478	0.23115912
179593124361807	0.13390529	0.9135781	-0.30660152	0.23117076
179593131861807	0.13387257	0.91356623	-0.3066557	0.2311651
179593139361807	0.13381006	0.9135638	-0.30670702	0.2311424
179593146861807	0.13375111	0.9135526	-0.3067556	0.2311569
179593154361807	0.13366772	0.91354966	-0.3067538	0.2312189
179593161861807	0.13358653	0.91354805	-0.30672306	0.23131293
179593169361807	0.1334021	0.91361725	-0.30665416	0.2312374
179593176861807	0.13337915	0.91356957	-0.30678153	0.23126991
179593184361807	0.13348775	0.91346484	-0.30707923	0.23122603
179593191861807	0.1334493	0.91348004	-0.30706975	0.2312005
179593199361807	0.13355014	0.9134291	-0.30716467	0.23121765
179593206861807	0.13377889	0.91326255	-0.3075856	0.23118393
179593214361807	0.13404183	0.9131261	-0.30791324	0.23113409
179593221861807	0.13434513	0.91300493	-0.30815575	0.23111355
179593229361807	0.13467625	0.9128924	-0.30840972	0.23102643
179593236861807	0.13503656	0.91278017	-0.3086506	0.23093823
179593244361807	0.13539535	0.9126849	-0.30883533	0.23085764
179593346533629	0.1357032	0.9126083	-0.3089671	0.23080286
179593354033629	0.13571025	0.912569	-0.3090215	0.23088194
179593361533629	0.1359697	0.9124823	-0.30918413	0.23085362
179593369033629	0.13619398	0.91240966	-0.30928865	0.23086908
179593376533629	0.13639563	0.9123298	-0.30942383	0.2308842
179593384033629	0.1365815	0.9122542	-0.30957285	0.23087285
179593391533629	0.13674559	0.9122	-0.3096914	0.23083171
179593399033629	0.13688037	0.912172	-0.3097544	0.23077765
179593406533629	0.13699338	0.9121417	-0.30984497	0.23070897
179593414033629	0.137098	0.9121041	-0.30996576	0.23063314
179593421533629	0.13717866	0.91207236	-0.3100724	0.23056684
179593429033629	0.13724068	0.91204846	-0.31017798	0.2304827
179593436533629	0.13726144	0.91203725	-0.31025022	0.23041743
179593444033629	0.13726334	0.91204727	-0.31028447	0.23033051
179593451533629	0.137229	0.91207016	-0.31029534	0.23024605
179593459033629	0.1371829	0.9120984	-0.31027395	0.23018979
179593466533629	0.1371546	0.91210574	-0.31030464	0.23013666
179593474033629	0.13713802	0.91209054	-0.31039748	0.23008157
179593481533629	0.13713346	0.9120681	-0.31047067	0.2300743
179593489033629	0.13711044	0.9120676	-0.3104593	0.23010582
179593496533629	0.13705681	0.9120798	-0.31037968	0.2301966
179593504033629	0.13698643	0.91209984	-0.31024548	0.23034002
179593511533629	0.13692667	0.912124	-0.31006595	0.23052134
179593519033629	0.13687432	0.91216147	-0.30985168	0.23069207
179593526533629	0.13681671	0.91219395	-0.3096704	0.23084156
179593534033629	0.13675438	0.9122276	-0.30950654	0.23096475
179593541533629	0.13666633	0.9122707	-0.3093327	0.23107962
179593549033629	0.13658108	0.9123254	-0.3091613	0.23114347
179593556533629	0.13648182	0.9123885	-0.3089975	0.23117219
179593564033629	0.13638401	0.91244507	-0.30885524	0.23119684
179593571533629	0.13630377	0.9124926	-0.3087253	0.23122989
179593579033629	0.13624282	0.91252625	-0.30863795	0.23125005
179593586533629	0.1361983	0.91255766	-0.30856547	0.23124856
179593594033629	0.1361377	0.9125964	-0.30849245	0.23122881
179593601533629	0.1360659	0.9126338	-0.30843356	0.23120219
179593609033629	0.13598926	0.9126723	-0.3083753	0.23117302
179593616533629	0.1358954	0.9127133	-0.3083049	0.23116028
179593624033629	0.13579513	0.9127573	-0.3082166	0.2311634
179593631533629	0.13570906	0.91278595	-0.30813912	0.23120362
179593639033629	0.1356229	0.9127979	-0.30808312	0.23128162
179593646533629	0.13551047	0.9128247	-0.30798084	0.2313784
179593654033629	0.13539581	0.91285837	-0.30785513	0.23147973
179593661533629	0.135283	0.91287774	-0.30774254	0.2316187
179593669033629	0.13515452	0.912893	-0.30762812	0.23178567
179593769314306	0.13502653	0.9129177	-0.30751836	0.23190892
179593776814306	0.13502984	0.9128818	-0.30757245	0.23197606
179593784314306	0.13489369	0.91290104	-0.30752712	0.23204029
179593791814306	0.13475318	0.912932	-0.3074487	0.23210338
179593799314306	0.13461763	0.91296834	-0.30734318	0.23217934
179593815897379	0.1344749	0.9129993	-0.3072788	0.23222513
179593823129671	0.13432246	0.9130291	-0.30720648	0.23229232
179593821814306	0.13417079	0.9130462	-0.30714437	0.23239455
179593829314306	0.13404608	0.91305465	-0.3071298	0.23245272
179593853916077	0.1339682	0.9130648	-0.30712944	0.23245794
179593844314306	0.13390431	0.9130802	-0.3071056	0.23246562
179593851814306	0.13387655	0.9130612	-0.30713615	0.2325164
179593859314306	0.13387154	0.9130479	-0.30712178	0.23259029
179593866814306	0.13387954	0.9130401	-0.307091	0.23265682
179593874314306	0.13389975	0.91301566	-0.3070751	0.23276253
179593881814306	0.133898	0.91298497	-0.30706862	0.232892
179593889314306	0.13388097	0.91296047	-0.30704245	0.23303252
179593896814306	0.13383149	0.91294086	-0.30702984	0.23315406
179593904314306	0.13377805	0.91289455	-0.30704668	0.23334377
179593911814306	0.13372688	0.91286963	-0.30707446	0.23343402
179593919314306	0.13370349	0.9128397	-0.3071006	0.23353003
179593926814306	0.1336762	0.912795	-0.30714208	0.233666
179593934314306	0.1336655	0.9127283	-0.30724442	0.23379779
179593941814306	0.13365293	0.9126533	-0.30733824	0.23397441
179593949314306	0.13359965	0.91260755	-0.30737692	0.23413262
179593956814306	0.13352409	0.91258377	-0.307372	0.23427497
179593964314306	0.13342172	0.91256183	-0.30736047	0.2344339
179593971814306	0.13329303	0.91255087	-0.30735826	0.23455273
179593979314306	0.13316557	0.9125421	-0.3073843	0.2346247
179593986814306	0.13305897	0.91252995	-0.30743274	0.2346691
179593994314306	0.13296781	0.91251415	-0.30752313	0.23466378
179594001814306	0.13291849	0.91248596	-0.3076559	0.23462725
179594009314306	0.13287169	0.9124572	-0.30776045	0.23462841
179594016814306	0.13286383	0.91240793	-0.30789965	0.23464212
179594024314306	0.1328535	0.9123857	-0.30800578	0.23459516
179594031814306	0.13285278	0.9123845	-0.30804726	0.23454568
179594039314306	0.13285324	0.9123963	-0.3080567	0.234487
179594046814306	0.13287045	0.9124298	-0.30802104	0.23439376
179594054314306	0.13287601	0.9124842	-0.30795312	0.23426801
179594061814306	0.13289349	0.91254383	-0.30786368	0.23414305
179594069314306	0.13293652	0.91260767	-0.30775225	0.23401651
179594076814306	0.13300142	0.91266483	-0.30768913	0.23383962
179594084314306	0.13308476	0.9127097	-0.30767193	0.23363967
179594091814306	0.13317469	0.9127533	-0.30766723	0.23342441
179594099314306	0.13327765	0.9128058	-0.30767378	0.23315096
179594106814306	0.13337281	0.91287166	-0.30765548	0.23286304
179594207024410	0.13345943	0.9129479	-0.30756897	0.23262906
179594214524410	0.13346653	0.9129296	-0.30758774	0.23267187
179594222024410	0.13356164	0.9130462	-0.3073886	0.23242247
179594229524410	0.13367529	0.9131611	-0.3071785	0.2321837
179594237024410	0.13379994	0.9132653	-0.30699736	0.23194122
179594244524410	0.13394238	0.9133659	-0.3068456	0.23166339
179594252024410	0.13407283	0.9134814	-0.3066533	0.23138735
179594259524410	0.13419202	0.9136046	-0.3064399	0.23111397
179594267024410	0.13431567	0.91373694	-0.30622777	0.23080036
179594274524410	0.13442324	0.9138727	-0.30600324	0.23049769
179594282024410	0.13451375	0.9140202	-0.30575967	0.23018317
179594289524410	0.13459134	0.9141722	-0.30552593	0.22984436
179594297024410	0.1346849	0.91431755	-0.30532247	0.22948128
179594304524410	0.13478862	0.9144621	-0.3051279	0.2291031
179594312024410	0.13491149	0.91461307	-0.30489975	0.2287314
179594319524410	0.135035	0.9147621	-0.30463824	0.22841123
179594327024410	0.13514383	0.9149156	-0.30436724	0.22809236
179594334524410	0.13525718	0.91507626	-0.30408132	0.22776225
179594342024410	0.13537133	0.91524935	-0.30377722	0.22740416
179594349524410	0.13550037	0.91542095	-0.30348125	0.22703154
179594357024410	0.13564664	0.9155878	-0.30322605	0.22661194
179594364524410	0.13580748	0.915762	-0.30295694	0.22617157
179594372024410	0.13596906	0.9159475	-0.30266434	0.22571413
179594379524410	0.13613535	0.91613185	-0.30236652	0.22526452
179594387024410	0.1363051	0.9163231	-0.3020332	0.22483084
179594394524410	0.13649812	0.91651636	-0.3016984	0.2243747
179594402024410	0.13669692	0.9166864	-0.30142403	0.22392759
179594409524410	0.1368846	0.91687083	-0.3011351	0.22344618
179594417024410	0.13706294	0.9170731	-0.3008073	0.22294784
179594424524410	0.13723736	0.91726804	-0.3005095	0.22243948
179594432024410	0.13740091	0.9174764	-0.30018923	0.2219113
179594439524410	0.13753957	0.9177068	-0.29981938	0.22137178
179594447024410	0.13766024	0.91793334	-0.2994494	0.22085774
179594454524410	0.13777564	0.91815907	-0.29908922	0.22033532
179594462024410	0.13789076	0.91838986	-0.2987032	0.21982422
179594469524410	0.13797851	0.91862977	-0.29828793	0.21933007
179594477024410	0.13807526	0.9188575	-0.29790205	0.21883912
179594484524410	0.13819054	0.9190676	-0.29755995	0.21834894
179594492024410	0.13832739	0.91926354	-0.29725936	0.21784642
179594499524410	0.13848473	0.91945416	-0.29692945	0.2173915
179594507024410	0.13863148	0.9196554	-0.29655743	0.21695378
179594514524410	0.13877049	0.91986465	-0.2961451	0.21654089
179594522024410	0.13892736	0.92006457	-0.2957396	0.21614432
179594529524410	0.13909717	0.92025316	-0.29535413	0.21575977
179594537024410	0.13928732	0.92042905	-0.2950052	0.21536331
179594544524410	0.13950337	0.92059183	-0.2946884	0.21496138
179594552024410	0.13976757	0.92073685	-0.2944319	0.21451904
179594653546545	0.14003567	0.92087406	-0.29422277	0.21404226
179594661046545	0.14004321	0.9208488	-0.29425523	0.21410137
179594668546545	0.14031476	0.921003	-0.29401335	0.21359153
179594676046545	0.14057042	0.9211599	-0.29374844	0.21311092
179594683546545	0.14082849	0.9213095	-0.29350737	0.21262564
179594691046545	0.14107683	0.9214467	-0.2932789	0.21218136
179594698546545	0.14130384	0.92158586	-0.29305026	0.21174127
179594706046545	0.14154275	0.9217247	-0.2928111	0.21130762
179594713546545	0.14176294	0.9218677	-0.2925653	0.21087658
179594721046545	0.14200771	0.92199236	-0.29238328	0.21041818
179594728546545	0.14227013	0.92210656	-0.29222062	0.2099665
179594736046545	0.14252822	0.92222476	-0.2920161	0.20955665
179594743546545	0.14276338	0.922359	-0.29177964	0.2091342
179594751046545	0.14299867	0.92249215	-0.29153088	0.20873278
179594758546545	0.14322509	0.922618	-0.29129496	0.20835078
179594766046545	0.14342079	0.92273206	-0.29110554	0.2079752
179594773546545	0.14360003	0.9228382	-0.29091266	0.20764996
179594781046545	0.1437583	0.9229667	-0.2906479	0.20733956
179594788546545	0.14388491	0.9230958	-0.29036656	0.20707105
179594796046545	0.14398362	0.92323244	-0.29007652	0.20680022
179594803546545	0.14406446	0.92337936	-0.28976327	0.20652646
179594811046545	0.14414586	0.9235306	-0.28942606	0.20626695
179594818546545	0.14422835	0.92366284	-0.28913137	0.2060297
179594826046545	0.14430214	0.92378414	-0.28885514	0.2058216
179594833546545	0.14438799	0.92387974	-0.28863963	0.20563427
179594841046545	0.14447106	0.923964	-0.28846025	0.2054494
179594848546545	0.14455242	0.9240495	-0.28826067	0.20528717
179594856046545	0.14462985	0.9241222	-0.28808883	0.20514709
179594863546545	0.14473262	0.9241885	-0.28793743	0.20498854
179594871046545	0.14483997	0.92425627	-0.287755	0.20486312
179594878546545	0.14493191	0.92432725	-0.2875458	0.20477161
179594886046545	0.14501597	0.92440253	-0.28733155	0.20467272
179594893546545	0.14509104	0.92447054	-0.28711283	0.20461921
179594901046545	0.14515734	0.9245252	-0.28691253	0.20460624
179594908546545	0.1451962	0.9245686	-0.28674513	0.20461753
179594916046545	0.14522329	0.9245961	-0.28660095	0.20467621
179594923546545	0.1452386	0.92459893	-0.28651989	0.2047653
179594931046545	0.1452607	0.92457414	-0.28649682	0.20489444
179594938546545	0.14529254	0.9245443	-0.28647974	0.20503034
179594946046545	0.14533944	0.9245133	-0.28644738	0.20518184
179594953546545	0.14540032	0.9244606	-0.28646427	0.20535275
179594961046545	0.14548592	0.9243675	-0.2865753	0.20555569
179594968546545	0.14558682	0.92424613	-0.28673226	0.20581129
179594976046545	0.14569472	0.9241075	-0.28689766	0.20612696
179595077342952	0.14576748	0.9239435	-0.28711334	0.20650972
179595084842952	0.14577177	0.9239237	-0.2871423	0.20655474
179595092342952	0.14581536	0.92371154	-0.2874851	0.20699584
179595099842952	0.14582917	0.923471	-0.28790087	0.2074806
179595107342952	0.14583343	0.9232019	-0.28836372	0.20803164
179595114842952	0.14586306	0.9228991	-0.2888938	0.20861816
179595122342952	0.1458894	0.9225692	-0.28947344	0.20925483
179595129842952	0.14592618	0.92220443	-0.2900891	0.2099832
179595137342952	0.1459283	0.92182136	-0.2907177	0.21079294
179595144842952	0.14591244	0.9214102	-0.2913716	0.21169668
179595152342952	0.14586642	0.92098343	-0.29202956	0.21267669
179595159842952	0.14577772	0.9205584	-0.29265332	0.2137178
179595167342952	0.14566898	0.9201436	-0.29321292	0.21480781
179595174842952	0.14557616	0.9197009	-0.29382136	0.21593232
179595182342952	0.14548123	0.91920495	-0.29454383	0.21712095
179595189842952	0.14538004	0.9186663	-0.29539004	0.21831536
179595197342952	0.14526097	0.9180903	-0.29629976	0.2195813
179595204842952	0.14511874	0.91748494	-0.29728675	0.22086775
179595212342952	0.14494091	0.91684735	-0.298333	0.22221762
179595219842952	0.14469251	0.9161873	-0.2994326	0.22361816
179595227342952	0.14439549	0.91550523	-0.30056602	0.22507824
179595234842952	0.14404358	0.914806	-0.30172235	0.22659461
179595242342952	0.14363351	0.9141003	-0.30289394	0.2281347
179595249842952	0.14323558	0.9133587	-0.30410847	0.22973366
179595257342952	0.14283115	0.91261494	-0.30530667	0.23134618
179595264842952	0.14236718	0.9118938	-0.30643395	0.23297991
179595272342952	0.14185981	0.9111581	-0.30756238	0.23467474
179595279842952	0.14131428	0.91040033	-0.30873397	0.23639973
179595287342952	0.14075656	0.909621	-0.30991974	0.2381744
179595294842952	0.14019296	0.9088301	-0.31112248	0.23995148
179595302342952	0.13961343	0.90801394	-0.31233707	0.24179427
179595309842952	0.13850668	0.9072675	-0.31307286	0.24426842
179595317342952	0.13788344	0.9065806	-0.3139415	0.2460496
179595324842952	0.13692838	0.9058918	-0.31482878	0.24797933
179595332342952	0.13623394	0.90502566	-0.31613225	0.2498588
179595339842952	0.13577896	0.90404034	-0.31771567	0.25165808
179595347342952	0.1351381	0.90321636	-0.3188749	0.2534892
179595354842952	0.13454378	0.90239894	-0.3199396	0.25536802
179595362342952	0.13405587	0.9014832	-0.32124868	0.25720903
179595369842952	0.1335299	0.90058327	-0.32250226	0.2590594
179595377342952	0.1330033	0.8996747	-0.32373926	0.26093787
179595384842952	0.13243988	0.8987618	-0.32498002	0.26282108
179595392342952	0.13185161	0.8978504	-0.32621637	0.26469374
179595399842952	0.13122474	0.8969525	-0.32743752	0.2665353
179595407342952	0.13048416	0.8960981	-0.32857704	0.26836428
179595414842952	0.12970336	0.89527327	-0.32964566	0.27017912
179595422342952	0.12889707	0.8944523	-0.33070442	0.27198392
179595524533889	0.12805042	0.8936606	-0.33170018	0.27376783
179595532033889	0.12804689	0.8936377	-0.33173722	0.27379927
179595539533889	0.12710807	0.8928657	-0.33277607	0.27548972
179595547033889	0.12615064	0.89208686	-0.33388582	0.27710536
179595554533889	0.12517218	0.89128023	-0.33513725	0.27862987
179595562033889	0.124147646	0.89046425	-0.33643094	0.280134
179595569533889	0.12309823	0.88967097	-0.33767113	0.28162146
179595577033889	0.12199238	0.88890964	-0.33882362	0.2831186
179595584533889	0.12083458	0.8882243	-0.3398384	0.2845462
179595592033889	0.11959086	0.88762057	-0.34067717	0.2859494
179595599533889	0.11830716	0.8870362	-0.3414903	0.28732297
179595607033889	0.11701221	0.88645196	-0.34231177	0.28867605
179595614533889	0.11570387	0.88588434	-0.34310907	0.2899964
179595622033889	0.11443348	0.88532984	-0.34390998	0.2912422
179595629533889	0.11319021	0.8847798	-0.3447071	0.29245478
179595637033889	0.11190151	0.8842776	-0.34542704	0.29361787
179595644533889	0.11065562	0.88379824	-0.34610218	0.29473636
179595652033889	0.10939386	0.8833677	-0.34669033	0.29580444
179595659533889	0.10805214	0.8830224	-0.34707645	0.29687393
179595667033889	0.106634684	0.88278955	-0.34718582	0.29794937
179595674533889	0.10521311	0.8826486	-0.34707433	0.29900002
179595682033889	0.10384713	0.88253033	-0.3469171	0.30000785
179595689533889	0.1025287	0.88236976	-0.34687716	0.30097798
179595697033889	0.10130927	0.88220614	-0.34690288	0.30183968
179595704533889	0.10016525	0.88206977	-0.34690306	0.30261886
179595712033889	0.09905854	0.88197225	-0.34686694	0.3033081
179595719533889	0.09800585	0.88191897	-0.34680182	0.30387866
179595727033889	0.0970035	0.88192064	-0.34663796	0.30438232
179595734533889	0.09602189	0.8819962	-0.34632584	0.30482942
179595742033889	0.09513828	0.8821195	-0.34590212	0.3052308
179595749533889	0.09432796	0.8822967	-0.3453554	0.30558872
179595757033889	0.09352645	0.8825716	-0.34457135	0.30592632
179595764533889	0.09280711	0.8829096	-0.34362844	0.30623055
179595772033889	0.09217343	0.8832882	-0.3426351	0.3064428
179595779533889	0.09163137	0.88366365	-0.34171322	0.3065526
179595787033889	0.09123123	0.8840379	-0.3408097	0.30659834
179595794533889	0.090983436	0.8844145	-0.3399705	0.30651754
179595802033889	0.09080022	0.8848145	-0.33912674	0.3063523
179595809533889	0.09070868	0.8852797	-0.33810607	0.3061637
179595911754097	0.09068365	0.88574696	-0.3370265	0.30600977
179595911835920	0.09068365	0.88574696	-0.3370265	0.30600977
179595916617430	0.09068007	0.88573134	-0.33704808	0.30603218
179595924117430	0.09078275	0.8859392	-0.3365734	0.30592287
179595931617430	0.09104351	0.8861929	-0.33601734	0.3057216
179595939117430	0.09123953	0.8864804	-0.33541247	0.3054935
179595946617430	0.09131713	0.88682246	-0.3346711	0.30529067
179595954117430	0.0913018	0.887198	-0.3339016	0.3050466
179595972749774	0.09114882	0.887569	-0.33322436	0.3047537
179595983136649	0.09094802	0.88789344	-0.33275178	0.30438483
179595976617430	0.09088515	0.88807505	-0.33271173	0.3039172
179595984117430	0.09118011	0.88788533	-0.33359	0.3034198
179596012112639	0.09166227	0.8874595	-0.3352105	0.3027335
179595999117430	0.0922676	0.88686574	-0.3372533	0.3020199
179596030716232	0.092736274	0.8861661	-0.3397045	0.3011818
179596041467691	0.09317059	0.88530153	-0.3426503	0.30025184
179596049221285	0.0947349	0.8833222	-0.3483711	0.29900673
179596029117430	0.097137176	0.8802124	-0.35713515	0.29706037
179596036617430	0.09946935	0.8768974	-0.3662588	0.29497707
179596044117430	0.10127886	0.8741049	-0.37373808	0.2932627
179596051617430	0.10264421	0.8718273	-0.37963045	0.2919967
179596059117430	0.10359246	0.869871	-0.38468444	0.2908795
179596066617430	0.10439153	0.8679937	-0.38941908	0.28990015
179596074117430	0.10479857	0.8663277	-0.39372316	0.2889216
179596081617430	0.10478381	0.8649311	-0.3973224	0.2881829
179596089117430	0.10452386	0.86374295	-0.40028656	0.28773868
179596096617430	0.10400693	0.8627916	-0.4026041	0.287547
179596104117430	0.103165016	0.86208475	-0.4042882	0.28760728
179596111617430	0.102074996	0.8615305	-0.40555063	0.28787956
179596119117430	0.100833684	0.8610238	-0.4065713	0.28839284
179596126617430	0.09947148	0.8605111	-0.40747014	0.2891264
179596134117430	0.09802899	0.8599554	-0.4083565	0.29002103
179596141617430	0.09649319	0.8593691	-0.40920302	0.29107836
179596149117430	0.09478257	0.8588233	-0.40988067	0.29229555
179596156617430	0.09289294	0.85837543	-0.41025895	0.29368392
179596164117430	0.090855025	0.8580095	-0.41034794	0.2952621
179596171617430	0.088788755	0.8576374	-0.4103129	0.29701516
179596179117430	0.086769566	0.8572237	-0.4102835	0.298841
179596186617430	0.08486237	0.8567359	-0.4103067	0.30075
179596194117430	0.08306988	0.85621095	-0.41027626	0.30277997
179596201617430	0.08131219	0.8556763	-0.41017625	0.3048968
179596209117430	0.07953618	0.8551687	-0.40993363	0.30710727
179596216617430	0.07772594	0.8546479	-0.40961367	0.30943874
179596224117430	0.075857036	0.85416126	-0.4092455	0.31172487
179596231617430	0.07398584	0.853617	-0.4090566	0.31390566
179596239117430	0.07217031	0.85295075	-0.4091886	0.31596082
179596246617430	0.07039998	0.85216117	-0.4096574	0.31787732
179596348485034	0.06864042	0.85127276	-0.410401	0.3196783
179596355985034	0.06863502	0.8512475	-0.4104368	0.31970078
179596363485034	0.06683983	0.8502515	-0.41156432	0.3212783
179596370985034	0.06500611	0.8492401	-0.41282174	0.3227128
179596378485034	0.063113496	0.8482261	-0.41419014	0.32399952
179596385985034	0.061203618	0.8471953	-0.41565433	0.32518587
179596393485034	0.0592825	0.84613186	-0.4172342	0.32628515
179596400985034	0.05735009	0.8450433	-0.41891426	0.32729778
179596408485034	0.05545598	0.84391874	-0.4207138	0.32821584
179596415985034	0.053618845	0.84274477	-0.42259997	0.32911354
179596423485034	0.051774357	0.8416304	-0.42437118	0.32998002
179596430985034	0.049903996	0.8406263	-0.4259277	0.33082098
179596438485034	0.047984984	0.8397317	-0.42725807	0.3316606
179596445985034	0.0460146	0.83891624	-0.42839232	0.3325393
179596453485034	0.04401303	0.83815175	-0.42939246	0.33344674
179596460985034	0.04199213	0.8374551	-0.43024427	0.3343585
179596468485034	0.039934933	0.83684516	-0.43090907	0.33528036
179596475985034	0.03785334	0.83633363	-0.4313699	0.3362043
179596483485034	0.03574297	0.83587784	-0.43166116	0.33719355
179596490985034	0.033638608	0.8354688	-0.4318199	0.33821887
179596498485034	0.0315635	0.83509463	-0.43193284	0.33919716
179596505985034	0.02955239	0.8347122	-0.43206033	0.3401561
179596513485034	0.027628394	0.83428186	-0.43227524	0.34109887
179596520985034	0.025799723	0.83379734	-0.432581	0.34203824
179596528485034	0.024049567	0.8332773	-0.43297967	0.34292725
179596535985034	0.022338398	0.8327201	-0.4334453	0.34380722
179596543485034	0.020632837	0.83215046	-0.4339222	0.34469056
179596550985034	0.018898772	0.8316292	-0.43437067	0.34548208
179596558485034	0.017143035	0.83112854	-0.43484807	0.34617734
179596565985034	0.0153445145	0.83066815	-0.43529934	0.34679884
179596573485034	0.01344244	0.83026206	-0.4356856	0.34736475
179596580985034	0.011361485	0.8299361	-0.43593767	0.34790164
179596588485034	0.009132141	0.8296838	-0.43614045	0.34831458
179596595985034	0.0067576105	0.82951134	-0.43623465	0.34866124
179596603485034	0.0042336504	0.82941	-0.43624246	0.34893218
179596610985034	0.0015998972	0.8293746	-0.4362052	0.34908497
179596618485034	-0.0010510731	0.8293532	-0.4362087	0.34913328
179596625985034	-0.0037090774	0.82931966	-0.43629822	0.34908336
179596633485034	-0.006324174	0.82926136	-0.43648735	0.34894782
179596640985034	-0.008907864	0.82919145	-0.43676555	0.34870932
179596648485034	-0.011432987	0.8291368	-0.4371021	0.34834382
179596655985034	-0.013941979	0.82907724	-0.43749717	0.34789762
179596663485034	-0.016438192	0.82899296	-0.43797487	0.3473881
179596670985034	-0.018884527	0.8288764	-0.4385476	0.34681913
179596678485034	-0.02129972	0.8287388	-0.43917987	0.3462073
179596685985034	-0.023715978	0.82858473	-0.43985823	0.34555706
179596788618524	-0.026107602	0.82842803	-0.4405541	0.34487325
179596796118524	-0.026103068	0.82836723	-0.44062227	0.34493262
179596803618524	-0.02841228	0.82820123	-0.4414101	0.3441406
179596811118524	-0.030623212	0.827977	-0.4423757	0.3432492
179596818618524	-0.032768626	0.82768375	-0.44349384	0.3423143
179596826118524	-0.034851022	0.8273388	-0.44473657	0.3413288
179596833618524	-0.03686153	0.8269375	-0.4461215	0.34028104
179596841118524	-0.038813632	0.82646406	-0.44766018	0.33919173
179596848618524	-0.04073843	0.8259388	-0.44929776	0.3380784
179596856118524	-0.042678654	0.82539874	-0.45098644	0.3369076
179596863618524	-0.044660162	0.82487005	-0.45266306	0.33569497
179596871118524	-0.046685837	0.82432866	-0.4543291	0.33449626
179596878618524	-0.048739217	0.82382774	-0.4559094	0.33328524
179596886118524	-0.0508569	0.8233246	-0.4574467	0.33210364
179596893618524	-0.053002942	0.8228184	-0.45893884	0.330962
179596901118524	-0.055169843	0.82235616	-0.46034357	0.32980353
179596908618524	-0.05737673	0.82192814	-0.46170372	0.32859072
179596916118524	-0.059628457	0.82150334	-0.46303797	0.32737225
179596923618524	-0.06189455	0.8210839	-0.4643542	0.32613724
179596931118524	-0.06416274	0.82067406	-0.46565893	0.32486802
179596938618524	-0.066407815	0.820291	-0.46691737	0.3235751
179596946118524	-0.06866059	0.81995785	-0.46811	0.3222237
179596953618524	-0.07094946	0.8196435	-0.46924382	0.32087517
179596961118524	-0.07327686	0.81935287	-0.47032467	0.31950924
179596968618524	-0.07563118	0.81904465	-0.47143304	0.31811446
179596976118524	-0.07803971	0.8187258	-0.4725414	0.31670552
179596983618524	-0.080490954	0.8184129	-0.47361916	0.315288
179596991118524	-0.08296157	0.818094	-0.4746774	0.31388026
179596998618524	-0.085450724	0.81774354	-0.47577012	0.3124683
179597006118524	-0.08796272	0.8173373	-0.4769526	0.31102812
179597074365190	-0.090481944	0.8168307	-0.4782799	0.3095952
179597021118524	-0.09296676	0.8161706	-0.47986346	0.30814582
179597028618524	-0.09540758	0.8153476	-0.48169222	0.30672187
179597036118524	-0.09777241	0.8143547	-0.4837796	0.30532643
179597043618524	-0.10007652	0.81321734	-0.4860995	0.30392352
179597051118524	-0.10231083	0.81195784	-0.48861033	0.30251768
179597058618524	-0.10445655	0.8105687	-0.49132803	0.30110475
179597066118524	-0.10650348	0.80903286	-0.49426696	0.29970494
179597073618524	-0.10844398	0.80737424	-0.49740237	0.29829153
179597081118524	-0.11032852	0.80563414	-0.50065225	0.29686445
179597088618524	-0.11214816	0.803847	-0.50396	0.295427
179597096118524	-0.11390318	0.8019815	-0.5073679	0.2939888
179597103618524	-0.11560306	0.80000603	-0.5109109	0.2925687
179597111118524	-0.11721537	0.79788345	-0.5146457	0.291174
179597118618524	-0.1187768	0.7956646	-0.5184818	0.28980458
179597245538680	-0.1202991	0.79340446	-0.5223251	0.2884683
179597246499513	-0.12034444	0.7932362	-0.5225537	0.28849822
179597247310972	-0.12055367	0.7928167	-0.52321804	0.28835997
179597247450972	-0.12073278	0.7924454	-0.5237972	0.28825378
179597252372638	-0.1207945	0.7922777	-0.52403915	0.28824982
179597266030138	-0.121596925	0.7907432	-0.52652496	0.28759512
179597270786284	-0.12271779	0.7884394	-0.53020895	0.28667447
179597282066701	-0.12374422	0.7860604	-0.53395563	0.28581107
179597282372638	-0.12467606	0.78362614	-0.5377383	0.28499717
179597289872638	-0.1255565	0.7811408	-0.541521	0.28427026
179597297372638	-0.12638399	0.77860934	-0.5453097	0.2836056
179597304872638	-0.12717275	0.776055	-0.54908025	0.2829783
179597312372638	-0.12792066	0.7734912	-0.5528137	0.28239104
179597319872638	-0.12862529	0.7709277	-0.556526	0.28178868
179597327372638	-0.1293025	0.76833826	-0.5602448	0.28118178
179597334872638	-0.12996303	0.76569307	-0.5639968	0.28059107
179597342372638	-0.13054354	0.76301634	-0.56777716	0.2799883
179597349872638	-0.1310504	0.7604156	-0.57143724	0.2793806
179597357372638	-0.13150236	0.7578676	-0.57501966	0.2787409
179597364872638	-0.13190512	0.7553592	-0.57852936	0.27809608
179597408818836	-0.13226286	0.7529193	-0.58194935	0.27740598
179597423818836	-0.13257521	0.7505584	-0.58525866	0.2766919
179597428407638	-0.13282935	0.7482557	-0.5884941	0.2759428
179597394872638	-0.133011	0.74606353	-0.59162086	0.2751039
179597402372638	-0.13317494	0.7439719	-0.5946249	0.274211
179597409872638	-0.13330291	0.74195194	-0.5975357	0.2732925
179597417372638	-0.13339491	0.73996854	-0.6004057	0.27233338
179597424872638	-0.13342604	0.737987	-0.60328335	0.27133366
179597432372638	-0.13339186	0.7360277	-0.6061448	0.27029327
179597439872638	-0.13329706	0.73404163	-0.6090437	0.2692223
179597447372638	-0.13315466	0.731979	-0.61203045	0.26813328
179597454872638	-0.13292764	0.729922	-0.615005	0.26704517
179597462372638	-0.13260871	0.7278156	-0.61805546	0.26590768
179597469872638	-0.13220423	0.72561437	-0.6212132	0.26476398
179597477372638	-0.13168529	0.72330076	-0.62453353	0.26353925
179597484872638	-0.13109323	0.72085756	-0.6279912	0.2623091
179597492372638	-0.13039528	0.71825075	-0.63164836	0.26102376
179597499872638	-0.12957984	0.7154004	-0.63556784	0.25974002
179597507372638	-0.12865312	0.71226597	-0.6397918	0.25844163
179597514872638	-0.12757269	0.7087835	-0.6444108	0.25707173
179597522372638	-0.12634914	0.70497036	-0.64939195	0.25562254
179597529872638	-0.12496278	0.7008405	-0.654725	0.25405166
179597537372638	-0.123468295	0.69643116	-0.6603354	0.25238153
179597544872638	-0.12182766	0.69170934	-0.6662527	0.25060657
179597552372638	-0.120099336	0.6866276	-0.67249256	0.24874178
179597559872638	-0.11823143	0.6811719	-0.6790616	0.2467824
179597567372638	-0.11624818	0.67541295	-0.6858877	0.2446667
179597574872638	-0.11417914	0.6693708	-0.6929169	0.24242954
179597676316180	-0.112042315	0.6630676	-0.7001101	0.24007076
179597683816180	-0.112032145	0.66298884	-0.7001787	0.24009262
179597693490451	-0.109736145	0.65617174	-0.70780116	0.23751688
179597703093992	-0.10729646	0.64905393	-0.7156191	0.23474623
179597718093992	-0.10473738	0.6416901	-0.7235414	0.23184435
179597722724773	-0.102074824	0.63407695	-0.7315504	0.2288258
179597731928576	-0.09936038	0.6261943	-0.7396246	0.22575137
179597743373211	-0.09659448	0.61801285	-0.74778104	0.22260542
179597736316180	-0.09371607	0.6095629	-0.7560114	0.21931078
179597762436180	-0.09075188	0.60091734	-0.76424295	0.21585923
179597751316180	-0.08774988	0.592102	-0.7724213	0.21232188
179597758816180	-0.08465218	0.5831995	-0.7805045	0.20862663
179597766316180	-0.081541486	0.57426363	-0.7884243	0.20483989
179597773816180	-0.07846215	0.5655741	-0.7959883	0.20092899
179597781316180	-0.07542904	0.5572164	-0.8031576	0.19687122
179597788816180	-0.07246746	0.54929614	-0.8098769	0.19267012
179597828389357	-0.06948695	0.5419313	-0.8161055	0.18829192
179597838220867	-0.06655815	0.53509516	-0.8218651	0.18379605
179597811316180	-0.063675575	0.5287457	-0.8272146	0.17913553
179597856692846	-0.060857613	0.5227884	-0.8322174	0.17436461
179597871692846	-0.05803022	0.5172862	-0.8368336	0.16957965
179597833816180	-0.05515628	0.51240915	-0.840987	0.16472869
179597841316180	-0.05234356	0.50821537	-0.8446453	0.15984875
179597848816180	-0.049659785	0.5044849	-0.8479499	0.1549515
179597856316180	-0.046978373	0.5011191	-0.8509765	0.15003863
179597863816180	-0.044265285	0.4980732	-0.85378057	0.14499132
179597871316180	-0.041547358	0.4953561	-0.8563568	0.1398184
179597878816180	-0.038809285	0.4930122	-0.85868275	0.13452452
179597886316180	-0.036038615	0.4910241	-0.8607703	0.12911673
179597893816180	-0.033296976	0.48937246	-0.8626144	0.12370353
179597901316180	-0.030609487	0.48805633	-0.8642137	0.11831626
179597908816180	-0.027914649	0.48701042	-0.8656067	0.11299055
179597916316180	-0.02520422	0.48615697	-0.86683536	0.10776194
179597923816180	-0.022481997	0.4857461	-0.86777025	0.10256747
179597931316180	-0.019830693	0.48591247	-0.8683394	0.09737917
179597938816180	-0.017322453	0.48669156	-0.8685193	0.092225045
179597946316180	-0.014966099	0.48793513	-0.8683927	0.087117374
179597953816180	-0.012625204	0.4893919	-0.8681056	0.0820301
179597961316180	-0.010194938	0.4907688	-0.86782426	0.076962374
179597968816180	-0.0077537233	0.4917063	-0.86776096	0.071803614
179597976316180	-0.005141293	0.4911521	-0.86852145	0.06643596
179597983816180	-0.002142991	0.4887819	-0.8702848	0.060762234
179597991316180	8.5418543E-4	0.48576927	-0.8723519	0.055042278
179597998816180	0.0034974513	0.4836689	-0.87384504	0.049469188
179598006316180	0.0059406757	0.48337272	-0.8742628	0.044496786
179598107350867	0.007930211	0.485492	-0.87327933	0.040222198
179598114850867	0.007945708	0.48533684	-0.87336457	0.0402411
179598122350867	0.009515641	0.48861748	-0.87167996	0.036556985
179598129850867	0.011120091	0.49223208	-0.8697572	0.03326061
179598137350867	0.012459678	0.4964817	-0.8674298	0.030272366
179598144850867	0.013573453	0.50101674	-0.86489147	0.027581893
179598152350867	0.014728233	0.50531995	-0.8624364	0.02526396
179598159850867	0.015979873	0.5090974	-0.86024565	0.023283381
179598167350867	0.017345512	0.51216084	-0.8584436	0.02156566
179598174850867	0.018883951	0.5142655	-0.8571902	0.019988084
179598182350867	0.020704664	0.5153736	-0.85651606	0.018482173
179598189850867	0.022714034	0.51590675	-0.8561735	0.017069232
179598197350867	0.024775242	0.5163277	-0.8558889	0.015692031
179598204850867	0.02660685	0.51686037	-0.855537	0.014281919
179598212350867	0.028299704	0.5171155	-0.85535353	0.01269435
179598219850867	0.029779557	0.5168908	-0.85546476	0.010817275
179598227350867	0.03102067	0.5163977	-0.8557432	0.008640864
179598234850867	0.032032244	0.5154759	-0.8562832	0.0061507216
179598242350867	0.032774836	0.51385486	-0.8572448	0.003246457
179598249850867	-0.033393938	-0.51137984	0.8587057	1.04765E-4
179598302463940	-0.033944752	-0.5082584	0.8605276	0.0036727828
179598305881805	-0.03444135	-0.50502163	0.8623887	0.007271893
179598272350867	-0.034842677	-0.502307	0.86392057	0.010724235
179598279850867	-0.035053328	-0.50053823	0.86489284	0.01389708
179598287350867	-0.03505526	-0.4993502	0.86552763	0.0168083
179598294850867	-0.035065543	-0.49808738	0.8661957	0.019605553
179598302350867	-0.035235908	-0.4964512	0.8670604	0.022382408
179598366227742	-0.035658572	-0.49461254	0.86801976	0.025072956
179598317350867	-0.036387302	-0.49279642	0.8689429	0.027675023
179598387139252	-0.037524853	-0.491047	0.86980134	0.030171786
179598332350867	-0.038786504	-0.4897813	0.87036824	0.032698236
179598339850867	-0.040236592	-0.48898086	0.87065744	0.035133634
179598347350867	-0.04204196	-0.48850617	0.8707452	0.037376896
