179583683808373	-5.6733823	-5.400601	-5.9437714
179583713141862	-5.697311	-5.4412785	-5.9270215
179583779964310	-5.7762737	-5.4173503	-5.946164
179583788141862	-5.804988	-5.359923	-5.9150577
179583803141862	-5.838487	-5.3647084	-5.9318075
179583818141862	-5.855237	-5.367101	-5.9413786
179583825044518	-5.7451673	-5.328816	-5.907879
179583832544518	-5.7020965	-5.3503513	-5.919843
179583840044518	-5.690132	-5.3359947	-5.9270215
179583847544518	-5.666204	-5.3407803	-5.919843
179583855044518	-5.656633	-5.3623157	-5.9342003
179583906145768	-5.6470613	-5.352744	-5.912665
179583870044518	-5.6039906	-5.4221363	-5.895915
179583877544518	-5.5800624	-5.400601	-5.9342003
179583885044518	-5.613562	-5.359923	-5.962914
179583892544518	-5.608776	-5.352744	-5.9724855
179583900044518	-5.6350975	-5.359923	-5.9820566
179583907544518	-5.663811	-5.369494	-6.0370917
179583915044518	-5.6997037	-5.3479586	-6.0634127
179583922544518	-5.709275	-5.345566	-6.0323057
179583930044518	-5.706882	-5.326423	-5.9724855
179583937544518	-5.7284174	-5.319245	-5.936593
179583945044518	-5.690132	-5.3096733	-5.922236
179583952544518	-5.656633	-5.304888	-5.852844
179584027206237	-5.680561	-5.2977095	-5.8863435
179584032093685	-5.706882	-5.359923	-5.879165
179583975044518	-5.7355957	-5.316852	-5.905486
179583982544518	-5.7427745	-5.3312087	-5.9174504
179583990044518	-5.759524	-5.3383875	-5.912665
179584074615247	-5.761917	-5.369494	-5.869594
179584085856185	-5.7427745	-5.304888	-5.871987
179584095264050	-5.7355957	-5.302495	-5.864808
179584102479779	-5.716453	-5.345566	-5.845666
179584027544518	-5.6757755	-5.355137	-5.8624153
179584035044518	-5.6949177	-5.3623157	-5.864808
179584042544518	-5.7284174	-5.3623157	-5.907879
179584050044518	-5.7451673	-5.355137	-5.946164
179584057544518	-5.7786665	-5.4053864	-5.936593
179584159323737	-5.800202	-5.4580283	-5.9342003
179584166823737	-5.7834525	-5.4412785	-5.9700923
179584174323737	-5.7810597	-5.453243	-6.0107703
179584183191029	-5.7427745	-5.4580283	-5.9820566
179584189323737	-5.6757755	-5.436493	-5.977271
179584196823737	-5.6303115	-5.4460645	-5.9007006
179584204323737	-5.5704913	-5.4341	-5.8911295
179584211823737	-5.5274205	-5.3982077	-5.938986
179584219323737	-5.558527	-5.3240304	-5.919843
179584226823737	-5.572884	-5.276174	-5.919843
179584234323737	-5.5944195	-5.343173	-5.895915
179584241823737	-5.5704913	-5.302495	-5.9653068
179584274109362	-5.6350975	-5.259424	-6.0323057
179584256823737	-5.6757755	-5.312066	-5.9916277
179584264323737	-5.7188463	-5.302495	-5.9916277
179584271823737	-5.7379885	-5.285745	-5.9676995
179584279323737	-5.757131	-5.3336015	-5.9150577
179584286823737	-5.7284174	-5.355137	-5.895915
179584294323737	-5.704489	-5.419743	-5.8935223
179584301823737	-5.6446686	-5.3982077	-5.881558
179584309323737	-5.6590257	-5.3312087	-5.852844
179584316823737	-5.692525	-5.3240304	-5.8504515
179584364639154	-5.704489	-5.316852	-5.852844
179584331823737	-5.706882	-5.352744	-5.8600225
179584339323737	-5.697311	-5.3766723	-5.852844
179584393696758	-5.7116675	-5.3886366	-5.9174504
179584403342799	-5.6685967	-5.4317074	-5.986842
179584361823737	-5.65424	-5.4580283	-6.013163
179584427326341	-5.651847	-5.4676	-6.0107703
179584376823737	-5.65424	-5.491528	-6.0394845
179584384323737	-5.6470613	-5.4963136	-6.020342
179584391823737	-5.642276	-5.4436717	-5.962914
179584399323737	-5.666204	-5.4029937	-5.9294147
179584406823737	-5.666204	-5.4029937	-5.9294147
179584414323737	-5.6590257	-5.395815	-5.946164
179584421823737	-5.6590257	-5.383851	-5.922236
179584429323737	-5.6446686	-5.352744	-5.912665
179584436823737	-5.6183476	-5.369494	-5.910272
179584444323737	-5.6039906	-5.3766723	-5.9270215
179584451823737	-5.601598	-5.3383875	-5.936593
179584459323737	-5.5968122	-5.359923	-5.8911295
179584466823737	-5.6063833	-5.367101	-5.9007006
179584474323737	-5.6039906	-5.3647084	-5.9437714
179584481823737	-5.625526	-5.4221363	-5.922236
179584489323737	-5.611169	-5.477171	-5.8863435
179584496823737	-5.6183476	-5.465207	-5.8887367
179584598197539	-5.615955	-5.3910294	-5.9294147
179584605697539	-5.5968122	-5.3886366	-5.9413786
179584613197539	-5.615955	-5.345566	-5.9916277
179584620697539	-5.5968122	-5.278567	-5.989235
179584636623424	-5.601598	-5.2259245	-6.0155563
179584635697539	-5.5872407	-5.312066	-6.0227346
179584655875039	-5.5513487	-5.302495	-5.9988065
179584665255508	-5.556134	-5.288138	-5.9988065
179584674959414	-5.558527	-5.3336015	-5.977271
179584665697539	-5.5633125	-5.3479586	-5.9581285
179584673197539	-5.5537415	-5.367101	-5.9676995
179584680697539	-5.558527	-5.3647084	-6.0227346
179584688197539	-5.556134	-5.367101	-6.0346985
179584695697539	-5.5369916	-5.3623157	-6.02752
179584703197539	-5.4843497	-5.326423	-6.053841
179584737654726	-5.501099	-5.3503513	-6.0490556
179584749585508	-5.460421	-5.326423	-6.04427
179584725697539	-5.4149575	-5.3766723	-6.0227346
179584733197539	-5.419743	-5.4317074	-5.9988065
179584740697539	-5.395815	-5.4628143	-5.9653068
179584748197539	-5.4149575	-5.4628143	-6.0227346
179584755697539	-5.4412785	-5.4795637	-6.087341
179584763197539	-5.45085	-5.4580283	-6.1208405
179584770697539	-5.4699926	-5.436493	-6.1328044
179584778197539	-5.45085	-5.367101	-6.1399827
179584835848320	-5.4317074	-5.300102	-6.096912
179584846841914	-5.426922	-5.2689953	-6.0921264
179584856535976	-5.3910294	-5.2546387	-6.096912
179584808197539	-5.4029937	-5.2498527	-6.1160545
179584815697539	-5.426922	-5.2737813	-6.111269
179584880812070	-5.424529	-5.261817	-6.135197
179584830697539	-5.4341	-5.261817	-6.151947
179584838197539	-5.426922	-5.24746	-6.13759
179584909825091	-5.400601	-5.237889	-6.111269
179584853197539	-5.4125648	-5.2426744	-6.0729837
179584931495195	-5.369494	-5.276174	-6.0658054
179584868197539	-5.3503513	-5.2642097	-6.111269
179584875697539	-5.3647084	-5.285745	-6.135197
179584961679205	-5.367101	-5.3742795	-6.206982
179584971556601	-5.35753	-5.3910294	-6.2787666
179584898197539	-5.3407803	-5.4125648	-6.343373
179584905697539	-5.3407803	-5.4053864	-6.350551
179584913197539	-5.3096733	-5.319245	-6.384051
179584920697539	-5.285745	-5.259424	-6.364908
179584928197539	-5.2737813	-5.312066	-6.3720865
179585028749674	-5.2689953	-5.300102	-6.3744793
179585036249674	-5.237889	-5.3479586	-6.2811594
179585043749674	-5.271388	-5.3383875	-6.3050876
179585051249674	-5.3240304	-5.3503513	-6.3601227
179585062364362	-5.35753	-5.3072805	-6.35773
179585072066914	-5.3479586	-5.235496	-6.3457656
179585081511445	-5.359923	-5.2689953	-6.2715883
179585091223528	-5.35753	-5.2642097	-6.2668023
179585101044882	-5.3336015	-5.235496	-6.2691956
179585112518216	-5.343173	-5.304888	-6.2691956
179585122216445	-5.3216376	-5.2953167	-6.326623
179585111249674	-5.300102	-5.3144593	-6.3074803
179585118749674	-5.3072805	-5.3336015	-6.350551
179585126249674	-5.2809596	-5.3144593	-6.4343
179585133749674	-5.2809596	-5.3144593	-6.465407
179585171946966	-5.271388	-5.2953167	-6.498906
179585181669726	-5.259424	-5.300102	-6.4845495
179585156249674	-5.2426744	-5.1900325	-6.465407
179585163749674	-5.2139606	-5.1900325	-6.474978
179585212002435	-5.204389	-5.163711	-6.4438715
179585178749674	-5.1661043	-5.163711	-6.4797635
179585229502955	-5.13739	-5.1900325	-6.4462643
179585193749674	-5.103891	-5.194818	-6.474978
179585244457539	-5.072784	-5.2283173	-6.4821568
179585253628424	-5.058427	-5.245067	-6.5228343
179585216249674	-5.103891	-5.218746	-6.5204415
179585273022070	-5.1206403	-5.2235317	-6.5611196
179585282862330	-5.1254263	-5.180461	-6.6257257
179585293508372	-5.1254263	-5.1756754	-6.678368
179585246249674	-5.1062837	-5.1349974	-6.695118
179585253749674	-5.127819	-5.1158547	-6.6999035
179585261249674	-5.113462	-5.156533	-6.7166533
179585268749674	-5.087141	-5.1349974	-6.6759753
179585276249674	-5.087141	-5.1086764	-6.661618
179585283749674	-5.089534	-5.0919266	-6.647261
179585291249674	-5.0368915	-5.070391	-6.6831536
179585298749674	-5.0512486	-5.1206403	-6.754938
179585306249674	-5.072784	-5.1158547	-6.759724
179585313749674	-5.103891	-5.1493545	-6.7836523
179585321249674	-5.1014977	-5.17089	-6.826723
179585328749674	-5.1086764	-5.1613183	-6.795616
179585336249674	-5.1349974	-5.1062837	-6.7669024
179585343749674	-5.1589255	-5.144569	-6.7932234
179585351249674	-5.1421757	-5.2019963	-6.8051877
179585358749674	-5.13739	-5.197211	-6.788438
179585458822799	-5.1158547	-5.1756754	-6.788438
179585466322799	-5.127819	-5.1756754	-6.7812595
179585473822799	-5.130212	-5.194818	-6.735796
179585481322799	-5.1158547	-5.1756754	-6.7429743
179585488822799	-5.17089	-5.139783	-6.7262244
179585496322799	-5.1876397	-5.0751767	-6.7573314
179585503822799	-5.1996036	-5.0823555	-6.7429743
179585511322799	-5.1924253	-5.111069	-6.7334027
179585518822799	-5.206782	-5.111069	-6.719046
179585526322799	-5.163711	-5.087141	-6.7740808
179585533822799	-5.1852465	-5.130212	-6.73101
179585541322799	-5.1756754	-5.15414	-6.721439
179585548822799	-5.2019963	-5.1014977	-6.728617
179585556322799	-5.245067	-5.1421757	-6.7669024
179585589097695	-5.2929235	-5.123033	-6.7740808
179585571322799	-5.326423	-5.15414	-6.853044
179585578822799	-5.326423	-5.1613183	-6.788438
179585586322799	-5.2809596	-5.2235317	-6.826723
179585593822799	-5.2666025	-5.1493545	-6.8171515
179585601322799	-5.285745	-5.1828537	-6.836294
179585608822799	-5.3383875	-5.252246	-6.7812595
179585616322799	-5.4173503	-5.178068	-6.795616
179585623822799	-5.4843497	-5.252246	-6.7429743
179585631322799	-5.5298133	-5.259424	-6.762117
179585638822799	-5.56092	-5.24746	-6.719046
179585646322799	-5.5298133	-5.35753	-6.6735826
179585653822799	-5.4963136	-5.383851	-6.666404
179585661322799	-5.532206	-5.3479586	-6.695118
179585668822799	-5.548956	-5.2953167	-6.6568327
179585676322799	-5.5920267	-5.2689953	-6.606583
179585683822799	-5.558527	-5.285745	-6.5635123
179585691322799	-5.5944195	-5.300102	-6.5682983
179585698822799	-5.721239	-5.419743	-6.582655
179585706322799	-5.8073807	-5.3886366	-6.5778694
179585713822799	-5.907879	-5.410172	-6.5276203
179585721322799	-5.910272	-5.4053864	-6.503692
179585728822799	-5.9318075	-5.393422	-6.4606214
179585736322799	-5.9342003	-5.4723854	-6.4008007
179585743822799	-5.905486	-5.5633125	-6.35773
179585751322799	-5.881558	-5.5657053	-6.3194447
179585758822799	-5.9581285	-5.697311	-6.2548385
179585766322799	-5.989235	-5.7260246	-6.2213387
179585773822799	-6.0227346	-5.649454	-6.204589
179585781322799	-6.0825553	-5.6303115	-6.1734824
179585788822799	-6.13759	-5.5393844	-6.168697
179585796322799	-6.1040907	-5.465207	-6.1495543
179585803822799	-6.0777693	-5.3623157	-6.1232333
179585905804153	-6.0490556	-5.343173	-6.135197
179585913304153	-5.9700923	-5.4460645	-6.1567326
179585920804153	-5.8911295	-5.4580283	-6.111269
179585928304153	-5.845666	-5.4580283	-6.053841
179585935804153	-5.84088	-5.3766723	-6.0418773
179585943304153	-5.881558	-5.2929235	-5.95095
179585950804153	-5.9437714	-5.300102	-5.8360944
179585958304153	-6.652047	-5.5968122	-3.3714871
179585965804153	-5.759524	-4.723432	-6.1447687
179585973304153	-5.3503513	-5.7858453	-6.204589
179585980804153	-6.0370917	-5.8360944	-5.639883
179585988304153	-5.7260246	-4.651647	-5.642276
179585995804153	-5.7954164	-5.144569	-5.761917
179586032858893	-5.7762737	-5.3742795	-5.790631
179586041991340	-5.898308	-5.206782	-5.7284174
179586050315715	-6.096912	-5.261817	-5.749953
179586059412174	-5.9844494	-5.252246	-5.6709895
179586033304153	-5.9748783	-5.2977095	-5.6063833
179586040804153	-5.960521	-5.3240304	-5.5465627
179586086720768	-5.9150577	-5.343173	-5.541777
179586096492955	-5.8911295	-5.3790655	-5.4987063
179586106394986	-5.8672013	-5.419743	-5.4556355
179586070804153	-5.936593	-5.352744	-5.4029937
179586078304153	-6.017949	-5.3790655	-5.355137
179586085804153	-6.0777693	-5.3886366	-5.300102
179586093304153	-6.113662	-5.4029937	-5.204389
179586100804153	-6.1304116	-5.436493	-5.156533
179586165833424	-6.1639113	-5.4891353	-5.070391
179586175881184	-6.2213387	-5.505885	-5.0775695
179586185285715	-6.259624	-5.4867425	-5.0775695
179586194869465	-6.276374	-5.4723854	-5.0943193
179586204666601	-6.300302	-5.4723854	-5.056034
179586145804153	-6.34098	-5.4676	-5.0129633
179586153304153	-6.4151573	-5.407779	-4.962714
179586160804153	-6.4151573	-5.4963136	-4.8598228
179586168304153	-6.410372	-5.4556355	-4.6492543
179586175804153	-6.4127645	-5.4676	-4.536792
179586183304153	-6.422336	-5.4795637	-4.493721
179586190804153	-6.4151573	-5.4221363	-4.486542
179586198304153	-6.431907	-5.491528	-4.4410787
179586205804153	-6.4008007	-5.5298133	-4.402794
179586213304153	-6.3720865	-5.572884	-4.347759
179586220804153	-6.364908	-5.680561	-4.2041893
179586228304153	-6.364908	-5.663811	-4.1228333
179586328901184	-6.384051	-5.6877394	-4.0797625
179586336401184	-6.364908	-5.7403817	-4.06062
179586343901184	-6.364908	-5.704489	-4.0677986
179586351401184	-6.3792653	-5.721239	-4.1228333
179586358901184	-6.3744793	-5.757131	-4.141976
179586366401184	-6.4031935	-5.7762737	-4.1180477
179586384276653	-6.4151573	-5.759524	-4.101298
179586394283372	-6.398408	-5.7834525	-4.0797625
179586403392069	-6.4055862	-5.800202	-4.0534415
179586396401184	-6.3960147	-5.7547383	-4.06062
179586424831392	-6.3601227	-5.7690954	-4.089334
179586433670194	-6.343373	-5.8169518	-4.0773697
179586418901184	-6.309873	-5.7786665	-4.125226
179586426401184	-6.3122663	-5.773881	-4.1635113
179586433901184	-6.343373	-5.7427745	-4.101298
179586441401184	-6.3385873	-5.663811	-4.098905
179586479488111	-6.3194447	-5.6350975	-4.141976
179586456401184	-6.3314085	-5.6470613	-4.1371903
179586463901184	-6.34098	-5.6279187	-4.213761
179586471401184	-6.3457656	-5.6207404	-4.2592244
179586478901184	-6.3888364	-5.5944195	-4.321438
179586486401184	-6.4151573	-5.601598	-4.316652
179586493901184	-6.4534426	-5.558527	-4.331009
179586501401184	-6.45105	-5.6279187	-4.2711883
179586508901184	-6.4199433	-5.6614184	-4.2687955
179586516401184	-6.410372	-5.6374903	-4.2257247
179586523901184	-6.4199433	-5.6039906	-4.3070807
179586531401184	-6.4438715	-5.608776	-4.3501515
179586538901184	-6.4797635	-5.615955	-4.338187
179586546401184	-6.463014	-5.6350975	-4.402794
179586553901184	-6.474978	-5.682954	-4.4339004
179586561401184	-6.4821568	-5.721239	-4.421936
179586568901184	-6.4941206	-5.7260246	-4.4195433
179586576401184	-6.503692	-5.757131	-4.426722
179586583901184	-6.518049	-5.8169518	-4.4315076
179586591401184	-6.5276203	-5.845666	-4.453043
179586598901184	-6.513263	-5.8600225	-4.4482574
179586606401184	-6.5108705	-5.8169518	-4.5008993
179586613901184	-6.5228343	-5.7667027	-4.503292
179586621401184	-6.530013	-5.7954164	-4.5798626
179586628901184	-6.5635123	-5.814559	-4.666004
179586636401184	-6.5850477	-5.8073807	-4.7162533
179586643901184	-6.599405	-5.8432727	-4.759324
179586739739986	-6.6017976	-5.831309	-4.8382874
179586658901184	-6.6329045	-5.7834525	-4.85743
179586762424882	-6.611369	-5.8217373	-4.938786
179586768510767	-6.5611196	-5.7954164	-4.9579287
179586775107486	-6.5276203	-5.7762737	-5.0105705
179586783358528	-6.503692	-5.8097734	-5.0392847
179586792847382	-6.4797635	-5.838487	-5.0943193
179586803285715	-6.4175506	-5.8432727	-5.15414
179586805107486	-6.407979	-5.8169518	-5.194818
179586812607486	-6.424729	-5.761917	-5.2283173
179586820107486	-6.3768725	-5.8073807	-5.2163534
179586843582069	-6.309873	-5.8672013	-5.2546387
179586835107486	-6.2691956	-5.8935223	-5.3096733
179586863751757	-6.235696	-5.898308	-5.2689953
179586850107486	-6.2285175	-5.905486	-5.2546387
179586882704778	-6.233303	-5.8672013	-5.2402816
179586865107486	-6.209375	-5.881558	-5.2546387
179586872607486	-6.218946	-5.8265233	-5.2402816
179586880107486	-6.195018	-5.733203	-5.2283173
179586887607486	-6.1710896	-5.7667027	-5.2570314
179586895107486	-6.15434	-5.7858453	-5.2498527
179586902607486	-6.1232333	-5.800202	-5.2570314
179586910107486	-6.0777693	-5.7834525	-5.211568
179586917607486	-6.0251274	-5.709275	-5.2019963
179586925107486	-5.9964137	-5.6733823	-5.2331033
179586932607486	-5.994021	-5.7523456	-5.2666025
179586940107486	-6.013163	-5.8360944	-5.316852
179586947607486	-6.013163	-5.802595	-5.3814583
179586955107486	-6.0418773	-5.800202	-5.4221363
179587016235403	-6.096912	-5.759524	-5.503492
179586970107486	-6.161518	-5.749953	-5.5633125
179586977607486	-6.1399827	-5.7786665	-5.5274205
179586985107486	-6.053841	-5.8193445	-5.501099
179586992607486	-6.005985	-5.7954164	-5.5130634
179587000107486	-6.003592	-5.7667027	-5.4963136
179587007607486	-5.9724855	-5.8073807	-5.4795637
179587015107486	-6.0011992	-5.74756	-5.4341
179587022607486	-6.02752	-5.6757755	-5.4412785
179587030107486	-6.0729837	-5.6781683	-5.386244
179587037607486	-6.0729837	-5.666204	-5.3479586
179587045107486	-6.128019	-5.5896335	-5.400601
179587052607486	-6.096912	-5.501099	-5.4628143
179587060107486	-6.1184473	-5.4987063	-5.4173503
179587195740819	-6.1447687	-5.491528	-5.3479586
179587201406757	-6.1328044	-5.460421	-5.345566
179587202703527	-6.0777693	-5.4317074	-5.278567
179587203761652	-6.02752	-5.45085	-5.211568
179587207493059	-5.979664	-5.383851	-5.163711
179587209384673	-5.922236	-5.410172	-5.1062837
179587210515298	-5.8504515	-5.453243	-5.003392
179587217555663	-5.7810597	-5.4029937	-4.8909297
179587225055663	-5.692525	-5.369494	-4.8239303
179587232555663	-5.666204	-5.343173	-4.847859
179587240055663	-5.6446686	-5.3407803	-4.912465
179587247555663	-5.6733823	-5.3718867	-4.9674997
179587255055663	-5.7260246	-5.4341	-4.895715
179587262555663	-5.7858453	-5.491528	-4.773681
179587270055663	-5.831309	-5.5704913	-4.6875396
179587277555663	-5.8911295	-5.6781683	-4.6612186
179587285055663	-6.029913	-5.757131	-4.7162533
179587292555663	-6.1854467	-5.828916	-4.7377887
179587300055663	-6.3290157	-5.953343	-4.759324
179587307555663	-6.4701924	-6.0825553	-4.8215375
179587315055663	-6.6568327	-6.242874	-4.8502517
179587322555663	-6.7764735	-6.4797635	-4.792824
179587330055663	-6.7836523	-6.6735826	-4.6803613
179587337555663	-6.6855464	-6.8243303	-4.486542
179587345055663	-6.5539412	-6.908079	-4.249653
179587352555663	-6.4008007	-6.9966135	-4.0127635
179587360055663	-6.192625	-7.0085773	-3.8213377
179587367555663	-6.0514483	-6.8195443	-3.6993039
179587375055663	-6.0227346	-6.4941206	-3.6921253
179587382555663	-5.9988065	-6.2261243	-3.749553
179587390055663	-5.9844494	-6.0346985	-3.7686956
179587397555663	-5.9437714	-5.838487	-3.7734814
179587405055663	-5.8672013	-5.8217373	-3.7591243
179587412555663	-5.881558	-5.84088	-3.8404803
179587420055663	-5.9294147	-5.804988	-4.0414777
179587427555663	-6.058627	-5.800202	-4.2329035
179587435055663	-6.108876	-5.85763	-4.4195433
179587442555663	-6.175875	-5.8241305	-4.709075
179587450055663	-6.2715883	-5.771488	-5.005785
179587457555663	-6.309873	-5.7930236	-5.276174
179587465055663	-6.3290157	-5.8600225	-5.4891353
179587472555663	-6.398408	-5.9030933	-5.7140603
179587480055663	-6.391229	-5.9246287	-5.8911295
179587487555663	-6.317052	-5.9844494	-6.0418773
179587495055663	-6.245267	-6.0155563	-6.142376
179587502555663	-6.1639113	-6.005985	-6.2380886
179587510055663	-6.070591	-5.9150577	-6.3338017
179587632111340	-5.9844494	-5.771488	-6.439086
179587633365246	-5.8911295	-5.6757755	-6.474978
179587638706444	-5.800202	-5.6207404	-6.4941206
179587641150194	-5.704489	-5.5106707	-6.4845495
179587644602277	-5.5944195	-5.3623157	-6.4366927
179587647505298	-5.5226345	-5.276174	-6.3888364
179587654432173	-5.45085	-5.197211	-6.3720865
179587661932173	-5.288138	-5.096712	-6.3960147
179587669432173	-5.1421757	-4.9579287	-6.410372
179587676932173	-5.0799623	-4.8191447	-6.4366927
179587684432173	-5.0512486	-4.723432	-6.463014
179587691932173	-5.0440702	-4.575077	-6.613762
179587699432173	-5.020142	-4.4004006	-6.7405815
179587706932173	-4.9842496	-4.398008	-6.7908306
179587714432173	-4.996214	-4.3525443	-6.908079
179587721932173	-4.9938207	-4.287938	-6.9655066
179587729432173	-5.0368915	-4.4147577	-6.9990063
179587736932173	-5.0847483	-4.54397	-7.1186476
179587744432173	-5.0751767	-4.666004	-7.245467
179587751932173	-5.056034	-4.7856455	-7.3459654
179587759432173	-5.048856	-4.7880383	-7.436893
179587766932173	-5.0512486	-4.7808595	-7.408179
179587774432173	-4.974678	-4.8693943	-7.223932
179587781932173	-4.792824	-4.9531426	-7.0205417
179587789432173	-4.6636114	-4.9698925	-6.984649
179587796932173	-4.5942197	-5.022535	-6.910472
179587844343319	-4.534399	-4.8933225	-6.8865438
179587853775663	-4.546363	-4.6971107	-6.963114
179587865429100	-4.575077	-4.5296135	-6.9894347
179587873347850	-4.575077	-4.302295	-7.0875406
179587834432173	-4.6803613	-4.101298	-7.135397
179587841932173	-4.816752	-4.115655	-7.135397
179587849432173	-4.9674997	-4.1922255	-7.0779696
179587856932173	-5.1182475	-4.1922255	-7.068398
179587923376913	-5.2929235	-4.2927237	-7.097112
179587871932173	-5.4699926	-4.56072	-7.04447
179587942370246	-5.6183476	-4.7425747	-7.051648
179587953078215	-5.749953	-4.948357	-6.9655066
179587961474829	-5.8360944	-5.2163534	-6.771688
179587901932173	-5.8432727	-5.302495	-6.664011
179587981852798	-5.8935223	-5.3240304	-6.5635123
179587916932173	-5.912665	-5.319245	-6.5084777
179587924432173	-5.9413786	-5.45085	-6.398408
179587931932173	-5.8935223	-5.302495	-6.3338017
179587939432173	-5.881558	-5.261817	-6.175875
179587946932173	-5.7810597	-5.319245	-6.0658054
179587954432173	-5.6781683	-5.3240304	-6.0107703
179587961932173	-5.613562	-5.288138	-6.0011992
179587969432173	-5.5537415	-5.285745	-5.989235
179587976932173	-5.5226345	-5.2546387	-5.9030933
179588078561652	-5.4699926	-5.1852465	-5.8193445
179588086061652	-5.4317074	-5.2235317	-5.7523456
179588093561652	-5.359923	-5.2905307	-5.666204
179588101061652	-5.328816	-5.407779	-5.5537415
179588108561652	-5.2929235	-5.4699926	-5.515456
179588116061652	-5.3407803	-5.4843497	-5.584848
179588123561652	-5.465207	-5.4843497	-5.6303115
179588131061652	-5.601598	-5.4867425	-5.6781683
179588138561652	-5.7858453	-5.5704913	-5.716453
179588146061652	-5.919843	-5.6374903	-5.7427745
179588153561652	-5.9988065	-5.733203	-5.723632
179588161061652	-6.003592	-5.812166	-5.656633
179588191279517	-6.020342	-5.845666	-5.623133
179588176061652	-5.989235	-5.838487	-5.7284174
179588183561652	-5.9820566	-5.759524	-5.773881
179588191061652	-5.953343	-5.7523456	-5.8480587
179588198561652	-5.946164	-5.6853466	-5.881558
179588206061652	-5.905486	-5.7140603	-5.922236
179588213561652	-5.8624153	-5.639883	-5.9724855
179588221061652	-5.881558	-5.534599	-6.111269
179588228561652	-5.8432727	-5.508278	-6.166304
179588236061652	-5.773881	-5.508278	-6.1591253
179588243561652	-5.7020965	-5.4699926	-6.099305
179588251061652	-5.649454	-5.4819565	-6.1160545
179588258561652	-5.6470613	-5.5298133	-6.1304116
179588266061652	-5.642276	-5.515456	-6.1040907
179588273561652	-5.6614184	-5.410172	-6.1160545
179588281061652	-5.704489	-5.369494	-6.053841
179588288561652	-5.6997037	-5.3240304	-5.986842
179588296061652	-5.6997037	-5.1421757	-5.879165
179588303561652	-5.666204	-5.0512486	-5.8193445
179588311061652	-5.6279187	-5.005785	-5.74756
179588318561652	-5.5944195	-4.9268217	-5.771488
179588326061652	-5.625526	-4.883751	-5.8504515
179588333561652	-5.690132	-4.8382874	-5.9030933
179588341061652	-5.6614184	-4.883751	-5.907879
179588348561652	-5.6757755	-4.910072	-5.895915
179588356061652	-5.6853466	-5.015356	-5.864808
179588363561652	-5.690132	-5.156533	-5.85763
179588371061652	-5.692525	-5.194818	-5.9294147
179588378561652	-5.7355957	-5.252246	-6.0490556
179588470141808	-5.812166	-5.2977095	-6.135197
179588479249100	-5.864808	-5.3312087	-6.161518
179588489478006	-5.919843	-5.319245	-6.2213387
179588408561652	-5.9270215	-5.312066	-6.166304
179588508684308	-5.9557357	-5.4388857	-6.1399827
179588516485819	-5.905486	-5.4412785	-6.017949
179588523684308	-5.8265233	-5.460421	-6.0107703
179588531184308	-5.864808	-5.460421	-6.0490556
179588538684308	-5.9246287	-5.4293146	-6.058627
179588546184308	-5.95095	-5.393422	-6.0753765
179588553684308	-5.948557	-5.4029937	-6.017949
179588561184308	-5.9581285	-5.400601	-5.9581285
179588568684308	-5.9724855	-5.4341	-5.8863435
179588576184308	-5.8935223	-5.367101	-5.855237
179588583684308	-5.84088	-5.2905307	-5.8624153
179588591184308	-5.800202	-5.1876397	-5.812166
179588598684308	-5.6877394	-5.1469617	-5.7834525
179588606184308	-5.6303115	-5.127819	-5.800202
179588613684308	-5.649454	-5.1254263	-5.9007006
179588621184308	-5.6709895	-5.206782	-5.9581285
179588628684308	-5.6685967	-5.218746	-5.986842
179588636184308	-5.697311	-5.2139606	-5.9557357
179588643684308	-5.6781683	-5.3336015	-5.9294147
179588651184308	-5.582455	-5.393422	-5.9342003
179588658684308	-5.556134	-5.410172	-5.9413786
179588666184308	-5.515456	-5.359923	-5.977271
179588673684308	-5.4987063	-5.3718867	-6.02752
179588681184308	-5.5513487	-5.359923	-6.070591
179588688684308	-5.5633125	-5.355137	-6.058627
179588696184308	-5.5633125	-5.3216376	-6.0801625
179588703684308	-5.613562	-5.3383875	-6.056234
179588711184308	-5.6207404	-5.3790655	-6.003592
179588718684308	-5.5465627	-5.3910294	-5.938986
179588726184308	-5.534599	-5.383851	-5.9342003
179588733684308	-5.5537415	-5.460421	-5.960521
179588741184308	-5.575277	-5.517849	-5.979664
179588748684308	-5.6279187	-5.515456	-5.9676995
179588756184308	-5.6853466	-5.5513487	-5.977271
179588763684308	-5.7116675	-5.5776696	-5.960521
179588771184308	-5.721239	-5.582455	-5.953343
179588778684308	-5.7379885	-5.56092	-5.910272
179588786184308	-5.7451673	-5.568098	-5.8743796
179588793684308	-5.733203	-5.5513487	-5.845666
179588898423527	-5.692525	-5.5633125	-5.855237
179588905436079	-5.625526	-5.582455	-5.8743796
179588912936079	-5.6303115	-5.56092	-5.879165
179588920436079	-5.613562	-5.5250273	-5.9174504
179588926864621	-5.5657053	-5.5202417	-5.9174504
179588934364621	-5.5704913	-5.501099	-5.898308
179588941864621	-5.541777	-5.4388857	-5.922236
179588949364621	-5.5369916	-5.453243	-5.9557357
179588956864621	-5.5369916	-5.460421	-5.938986
179588964364621	-5.541777	-5.4221363	-5.938986
179588971864621	-5.517849	-5.4699926	-5.9318075
179588979364621	-5.4987063	-5.534599	-5.9676995
179588986864621	-5.4891353	-5.515456	-5.938986
179588994364621	-5.4484572	-5.503492	-5.8935223
179589001864621	-5.4341	-5.532206	-5.8767724
179589009364621	-5.424529	-5.56092	-5.852844
179589016864621	-5.419743	-5.474778	-5.919843
179589024364621	-5.4484572	-5.460421	-5.9581285
179589031864621	-5.4699926	-5.453243	-5.9748783
179589039364621	-5.5202417	-5.4317074	-5.9844494
179589078080766	-5.517849	-5.4723854	-5.986842
179589061864621	-5.5298133	-5.4293146	-5.9246287
179589069364621	-5.5896335	-5.4125648	-5.962914
179589109136652	-5.615955	-5.4029937	-5.977271
179589084364621	-5.6709895	-5.4388857	-5.9844494
179589091864621	-5.697311	-5.4125648	-5.989235
179589099364621	-5.721239	-5.393422	-5.960521
179589106864621	-5.7116675	-5.3814583	-5.960521
179589114364621	-5.706882	-5.4149575	-5.9581285
179589121864621	-5.7140603	-5.4412785	-5.953343
179589129364621	-5.682954	-5.3982077	-5.9413786
179589136864621	-5.690132	-5.383851	-5.9653068
179589144364621	-5.716453	-5.4484572	-6.005985
179589151864621	-5.7379885	-5.4460645	-6.0083776
179589159364621	-5.6757755	-5.453243	-6.0155563
179589224471183	-5.6303115	-5.4795637	-5.9653068
179589231975662	-5.5968122	-5.4580283	-5.9294147
179589242975818	-5.5633125	-5.4341	-5.9030933
179589189364621	-5.56092	-5.3790655	-5.8935223
179589261610037	-5.556134	-5.355137	-5.9676995
179589204364621	-5.4987063	-5.410172	-5.9820566
179589211864621	-5.4891353	-5.4341	-5.994021
179589219364621	-5.4484572	-5.386244	-6.0011992
179589300967589	-5.4580283	-5.3790655	-6.02752
179589234364621	-5.4580283	-5.3479586	-6.056234
179589241864621	-5.4699926	-5.3503513	-6.0346985
179589249364621	-5.5202417	-5.359923	-6.0251274
179589256864621	-5.5274205	-5.3336015	-6.0083776
179589264364621	-5.5513487	-5.316852	-6.02752
179589271864621	-5.5944195	-5.3479586	-6.06102
179589279364621	-5.601598	-5.3240304	-6.0251274
179589286864621	-5.5393844	-5.312066	-6.029913
179589390206183	-5.5513487	-5.3383875	-6.02752
179589393672433	-5.517849	-5.2833524	-6.0394845
179589401172433	-5.4819565	-5.300102	-6.068198
179589408672433	-5.4699926	-5.3072805	-6.056234
179589416172433	-5.4221363	-5.3216376	-6.046663
179589423672433	-5.393422	-5.3407803	-6.084948
179589431172433	-5.3766723	-5.3742795	-6.125626
179589438672433	-5.3790655	-5.3359947	-6.1567326
179589446172433	-5.3623157	-5.276174	-6.1471615
179589453672433	-5.343173	-5.2163534	-6.1830535
179589461172433	-5.3359947	-5.278567	-6.1854467
179589492303943	-5.3144593	-5.328816	-6.135197
179589501761131	-5.2809596	-5.2666025	-6.1328044
179589483672433	-5.3144593	-5.3072805	-6.192625
179589491172433	-5.3407803	-5.326423	-6.2117677
179589498672433	-5.3216376	-5.2737813	-6.178268
179589506172433	-5.3383875	-5.245067	-6.13759
179589513672433	-5.3503513	-5.2402816	-6.135197
179589560708787	-5.3407803	-5.2019963	-6.1328044
179589566436183	-5.355137	-5.2139606	-6.175875
179589576999777	-5.383851	-5.206782	-6.24766
179589586152381	-5.359923	-5.252246	-6.285945
179589551172433	-5.369494	-5.278567	-6.2715883
179589558672433	-5.4029937	-5.252246	-6.2285175
179589566172433	-5.3766723	-5.2666025	-6.2237315
179589573672433	-5.345566	-5.2689953	-6.206982
179589581172433	-5.316852	-5.2402816	-6.2285175
179589588672433	-5.3096733	-5.278567	-6.2237315
179589596172433	-5.237889	-5.345566	-6.2117677
179589603672433	-5.2139606	-5.395815	-6.2261243
179589611172433	-5.235496	-5.4149575	-6.2524457
179589618672433	-5.2307105	-5.367101	-6.2787666
179589626172433	-5.2235317	-5.326423	-6.300302
179589633672433	-5.24746	-5.2977095	-6.355337
179589641172433	-5.2426744	-5.300102	-6.364908
179589648672433	-5.2163534	-5.2570314	-6.367301
179589656172433	-5.2163534	-5.2259245	-6.3720865
179589663672433	-5.1996036	-5.1876397	-6.3744793
179589671172433	-5.2019963	-5.163711	-6.4008007
179589678672433	-5.1900325	-5.1828537	-6.4295144
179589686172433	-5.17089	-5.1732826	-6.45105
179589693672433	-5.2307105	-5.1756754	-6.4606214
179589701172433	-5.2737813	-5.197211	-6.4343
179589708672433	-5.302495	-5.1900325	-6.4701924
179589716172433	-5.312066	-5.197211	-6.4941206
179589823390245	-5.2977095	-5.2331033	-6.4773707
179589829008579	-5.2689953	-5.288138	-6.4055862
179589836508579	-5.218746	-5.2953167	-6.391229
179589844008579	-5.2235317	-5.2283173	-6.4271216
179589851508579	-5.197211	-5.319245	-6.4438715
179589859008579	-5.180461	-5.2498527	-6.503692
179589866508579	-5.1924253	-5.2666025	-6.556334
179589874008579	-5.1996036	-5.1900325	-6.5778694
179589881508579	-5.1732826	-5.1349974	-6.6089764
179589889008579	-5.1828537	-5.103891	-6.6257257
179589896508579	-5.151747	-5.063213	-6.652047
179589904008579	-5.130212	-5.0847483	-6.678368
179589911508579	-5.0943193	-5.103891	-6.7262244
179589919008579	-5.0679984	-5.130212	-6.7166533
179589926508579	-5.056034	-5.139783	-6.759724
179589934008579	-5.0105705	-5.1014977	-6.8051877
179589941508579	-4.9986067	-5.089534	-6.8243303
179589949008579	-4.9770713	-5.0536413	-6.884151
179589956508579	-4.9866424	-5.111069	-6.903293
179589964008579	-4.974678	-5.1254263	-6.8985076
179589971508579	-4.9603214	-5.1158547	-6.910472
179589979008579	-4.981857	-5.089534	-6.893722
179589986508579	-4.991428	-5.063213	-6.9009004
179589994008579	-4.9770713	-5.032106	-6.8650084
179590001508579	-4.9722853	-5.056034	-6.8315086
179590009008579	-4.9842496	-5.048856	-6.812366
179590016508579	-4.9986067	-5.089534	-6.795616
179590024008579	-4.9531426	-5.1014977	-6.7645097
179590031508579	-4.9674997	-5.096712	-6.8195443
179590039008579	-5.0129633	-5.0751767	-6.8578296
179590046508579	-5.0751767	-5.089534	-6.8339014
179590054008579	-5.099105	-5.029713	-6.798009
179590122187641	-5.087141	-4.9938207	-6.802795
179590132787433	-5.1254263	-4.9722853	-6.802795
179590076508579	-5.139783	-4.955536	-6.8075805
179590084008579	-5.13739	-4.9028935	-6.8315086
179590091508579	-5.130212	-4.981857	-6.876972
179590099008579	-5.1493545	-4.9866424	-6.855437
179590106508579	-5.151747	-5.0081778	-6.8410797
179590114008579	-5.156533	-5.056034	-6.8195443
179590121508579	-5.1661043	-5.070391	-6.8219376
179590129008579	-5.151747	-5.046463	-6.802795
179590136508579	-5.178068	-4.9866424	-6.829116
179590144008579	-5.1828537	-5.048856	-6.879365
179590151508579	-5.163711	-5.0656056	-6.8602223
179590159008579	-5.1756754	-5.1326046	-6.8985076
179590166508579	-5.178068	-5.1852465	-6.9009004
179590266514620	-5.2019963	-5.168497	-6.8650084
179590274014620	-5.259424	-5.1756754	-6.8650084
179590281514620	-5.237889	-5.1828537	-6.8817577
179590289014620	-5.2642097	-5.17089	-6.893722
179590296514620	-5.2905307	-5.1421757	-6.910472
179590304014620	-5.355137	-5.1326046	-6.946364
179590311514620	-5.352744	-5.130212	-6.975078
179590319014620	-5.3886366	-5.123033	-6.9056864
179590326514620	-5.407779	-5.1589255	-6.855437
179590334014620	-5.426922	-5.144569	-6.8219376
179590341514620	-5.491528	-5.111069	-6.8075805
179590349014620	-5.5393844	-5.099105	-6.7573314
179590356514620	-5.5920267	-5.1493545	-6.728617
179590364014620	-5.5944195	-5.211568	-6.678368
179590371514620	-5.5872407	-5.2235317	-6.6927247
179590379014620	-5.642276	-5.2307105	-6.678368
179590386514620	-5.680561	-5.245067	-6.666404
179590427681339	-5.656633	-5.204389	-6.6759753
179590436912120	-5.690132	-5.2307105	-6.690332
179590446480974	-5.74756	-5.2402816	-6.7094746
179590416514620	-5.838487	-5.2331033	-6.695118
179590424014620	-5.8935223	-5.302495	-6.652047
179590431514620	-5.9150577	-5.355137	-6.6592255
179590439014620	-5.9581285	-5.410172	-6.6592255
179590446514620	-6.0418773	-5.3886366	-6.6424756
179590454014620	-6.0897336	-5.4628143	-6.6041903
179590571284412	-6.0490556	-5.5513487	-6.515656
179590578784412	-5.95095	-5.400601	-6.3888364
179590586284412	-5.948557	-5.4221363	-6.2883377
179590597657016	-5.9820566	-5.383851	-6.2548385
179590612657016	-5.9557357	-5.3766723	-6.2309103
179590627657016	-5.989235	-5.4149575	-6.2309103
179590642657016	-6.003592	-5.400601	-6.242874
179590795228787	-5.9294147	-5.285745	-6.2285175
179590687657016	-5.9318075	-5.2498527	-6.2691956
179590795630089	-5.65424	-5.2283173	-6.108876
179590777657016	-5.9653068	-5.35753	-5.855237
179590797373839	-5.7547383	-4.847859	-5.8600225
179590797751026	-5.895915	-5.285745	-5.7690954
179590799035089	-5.831309	-5.2905307	-5.649454
179590799130193	-5.938986	-5.261817	-5.5657053
179590799210870	-6.003592	-5.1613183	-5.5369916
179590799276859	-5.977271	-5.1876397	-5.4987063
179590799339464	-6.0011992	-5.302495	-5.436493
179590800499620	-6.029913	-5.383851	-5.410172
179590801625870	-6.06102	-5.4053864	-5.3336015
179590802396026	-6.1040907	-5.395815	-5.3072805
179590803209828	-6.135197	-5.393422	-5.3359947
179590804246912	-6.178268	-5.4293146	-5.2977095
179590819246912	-6.259624	-5.4891353	-5.245067
179590821649255	-6.2979093	-5.4867425	-5.1469617
179590825069620	-6.302695	-5.4843497	-5.0775695
179590833038943	-6.35773	-5.4436717	-5.015356
179590840469047	-6.3290157	-5.477171	-4.9531426
179590847305193	-6.300302	-5.4843497	-4.8598228
179590859636287	-6.3314085	-5.424529	-4.7784667
179590867318422	-6.3744793	-5.4221363	-4.759324
179590876804724	-6.4031935	-5.3766723	-4.7042894
179590886519568	-6.474978	-5.3336015	-4.668397
179590896721911	-6.556334	-5.3407803	-4.618148
179590906065193	-6.587441	-5.3982077	-4.587041
179590911978005	-6.606583	-5.477171	-4.496114
179590921282380	-6.5898337	-5.501099	-4.4339004
179590930830401	-6.5635123	-5.5226345	-4.3238306
179590940983891	-6.5611196	-5.611169	-4.206582
179590951454359	-6.5659056	-5.6446686	-4.098905
179590938365349	-6.6424756	-5.6327047	-4.1036906
179590945865349	-6.6927247	-5.6997037	-4.072584
179590981999620	-6.6975107	-5.7451673	-3.9649072
179590990593682	-6.7238317	-5.76431	-3.9146578
179590968365349	-6.707082	-5.838487	-3.8644085
179590975865349	-6.661618	-5.8480587	-3.8404803
179590983365349	-6.6975107	-5.7690954	-3.8548372
179590990865349	-6.687939	-5.7355957	-3.9314077
179590998365349	-6.65444	-5.7260246	-3.940979
179591005865349	-6.647261	-5.7116675	-3.9146578
179591013365349	-6.63769	-5.690132	-3.8763726
179591020865349	-6.597012	-5.6949177	-3.888337
179591028365349	-6.5850477	-5.74756	-3.859623
179591035865349	-6.599405	-5.697311	-3.8620157
179591043365349	-6.606583	-5.6590257	-3.8380876
179591050865349	-6.5922265	-5.6877394	-3.8548372
179591058365349	-6.6185474	-5.625526	-3.8380876
179591065865349	-6.6281185	-5.625526	-3.7950168
179591073365349	-6.6352973	-5.639883	-3.7256248
179591142311182	-6.664011	-5.623133	-3.641876
179591151695401	-6.7094746	-5.541777	-3.6107693
179591162130713	-6.7238317	-5.5226345	-3.644269
179591103365349	-6.745367	-5.5633125	-3.6179478
179591204828109	-6.7118673	-5.568098	-3.6131623
179591205770557	-6.7262244	-5.56092	-3.5246277
179591206475401	-6.7166533	-5.5968122	-3.5389848
179591212928838	-6.73101	-5.5968122	-3.548556
179591220428838	-6.728617	-5.73081	-3.5653057
179591227928838	-6.7669024	-5.7786665	-3.5533416
179591235428838	-6.759724	-5.759524	-3.5246277
179591242928838	-6.7166533	-5.7786665	-3.5006995
179591250428838	-6.678368	-5.749953	-3.4887354
179591257928838	-6.6592255	-5.709275	-3.4911282
179591265428838	-6.6281185	-5.656633	-3.5294135
179591272928838	-6.599405	-5.651847	-3.6179478
179591280428838	-6.6041903	-5.615955	-3.6993039
179591287928838	-6.611369	-5.639883	-3.7854455
179591295428838	-6.5946193	-5.716453	-3.842873
179591302928838	-6.573084	-5.749953	-3.8691943
179591310428838	-6.515656	-5.7284174	-3.8620157
179591317928838	-6.4941206	-5.6997037	-3.8763726
179591325428838	-6.506085	-5.716453	-3.9098723
179591332928838	-6.539584	-5.6470613	-4.0007997
179591340428838	-6.5682983	-5.5920267	-4.065406
179591347928838	-6.62094	-5.601598	-4.15394
179591355428838	-6.652047	-5.6327047	-4.182654
179591362928838	-6.6927247	-5.651847	-4.1874394
179591370428838	-6.7669024	-5.6350975	-4.2664027
179591377928838	-6.8051877	-5.692525	-4.2831526
179591385428838	-6.8219376	-5.749953	-4.278367
179591392928838	-6.8219376	-5.757131	-4.223332
179591400428838	-6.8482585	-5.74756	-4.2352962
179591407928838	-6.8410797	-5.6877394	-4.237689
179591415428838	-6.8339014	-5.6446686	-4.3525443
179591422928838	-6.800402	-5.690132	-4.402794
179591430428838	-6.8482585	-5.709275	-4.465007
179591437928838	-6.8985076	-5.7188463	-4.584648
179591445428838	-6.946364	-5.7116675	-4.692325
179591452928838	-6.9702926	-5.76431	-4.759324
179591460428838	-6.893722	-5.838487	-4.752146
179591467928838	-6.8051877	-5.905486	-4.7306104
179591475428838	-6.71426	-5.910272	-4.7114677
179591482928838	-6.6687965	-5.907879	-4.7306104
179591490428838	-6.580262	-5.869594	-4.7688956
179591497928838	-6.498906	-5.7523456	-4.8526444
179591505428838	-6.530013	-5.6733823	-4.9363933
179591512928838	-6.5611196	-5.6614184	-5.003392
179591520428838	-6.6017976	-5.601598	-5.144569
179591527928838	-6.6352973	-5.615955	-5.194818
179591535428838	-6.6352973	-5.6949177	-5.163711
179591542928838	-6.661618	-5.7379885	-5.103891
179591550428838	-6.6185474	-5.7930236	-5.058427
179591557928838	-6.5539412	-5.804988	-5.0009995
179591658402380	-6.530013	-5.869594	-4.989035
179591665902380	-6.5491557	-5.881558	-5.046463
179591673402380	-6.5276203	-5.8767724	-5.0656056
179591680902380	-6.491728	-5.895915	-5.022535
179591688402380	-6.5084777	-5.8432727	-5.0081778
179591706993838	-6.518049	-5.8432727	-4.948357
179591717295817	-6.5228343	-5.9294147	-4.8215375
179591710902380	-6.541977	-5.8887367	-4.867001
179591718402380	-6.541977	-5.7810597	-4.8885365
179591746929203	-6.532406	-5.7379885	-4.9292145
179591759132120	-6.5347986	-5.7834525	-4.9028935
179591740902380	-6.4965134	-5.704489	-4.898108
179591775798786	-6.465407	-5.625526	-4.9052863
179591755902380	-6.474978	-5.716453	-4.914858
179591763402380	-6.4534426	-5.7355957	-4.965107
179591770902380	-6.4271216	-5.6877394	-5.0392847
179591778402380	-6.431907	-5.680561	-4.991428
179591821976963	-6.45105	-5.6997037	-4.9842496
179591793402380	-6.513263	-5.666204	-5.0943193
179591800902380	-6.6161547	-5.7140603	-5.206782
179591850617849	-6.6927247	-5.771488	-5.180461
179591815902380	-6.690332	-5.7930236	-5.0799623
179591823402380	-6.6999035	-5.7786665	-4.8933225
179591830902380	-6.5611196	-5.7547383	-4.6779685
179591838402380	-6.407979	-5.65424	-4.4554358
179591845902380	-6.2524457	-5.534599	-4.2448673
179591853402380	-6.053841	-5.395815	-4.1036906
179591860902380	-5.9246287	-5.3144593	-4.0558343
179591868402380	-6.04427	-5.2139606	-4.082155
179591875902380	-6.195018	-5.1326046	-4.132405
179591949693369	-6.3194447	-5.1756754	-4.1371903
179591890902380	-6.3888364	-5.369494	-4.115655
179591898402380	-6.45105	-5.623133	-4.197011
179591905902380	-6.472585	-5.8911295	-4.211368
179591913402380	-6.530013	-6.101698	-4.156333
179591920902380	-6.558727	-6.262017	-4.173083
179591928402380	-6.5635123	-6.5659056	-4.15394
179592018784046	-6.4773707	-6.7645097	-4.1491547
179592024975817	-6.4199433	-6.778867	-4.1371903
179592032454411	-6.3960147	-6.843473	-4.074977
179592042257432	-6.367301	-6.869794	-4.0031924
179592051747015	-6.2524457	-6.8339014	-4.058227
179592063604151	-6.204589	-6.771688	-4.074977
179591980902380	-6.161518	-6.6424756	-4.063013
179592082254828	-6.151947	-6.491728	-3.9577286
179592089754828	-6.111269	-6.2668023	-3.8620157
179592097254828	-6.0897336	-6.094519	-3.8285162
179592104754828	-6.0634127	-5.8743796	-3.830909
179592112254828	-6.0921264	-5.7667027	-3.830909
179592119754828	-6.128019	-5.7260246	-3.897908
179592127254828	-6.283552	-5.7260246	-4.0007997
179592134754828	-6.4701924	-5.6949177	-4.1587257
179592142254828	-6.6089764	-5.7355957	-4.319045
179592149754828	-6.7525454	-5.7379885	-4.4578285
179592157254828	-6.8721867	-5.7523456	-4.57747
179592164754828	-6.95115	-5.6590257	-4.6325045
179592172254828	-6.987042	-5.599205	-4.7425747
179592179754828	-6.9726853	-5.6207404	-4.8861437
179592187254828	-6.946364	-5.608776	-5.0536413
179592194754828	-6.9009004	-5.6374903	-5.237889
179592202254828	-6.8458657	-5.649454	-5.343173
179592209754828	-6.7812595	-5.6685967	-5.4843497
179592217254828	-6.7262244	-5.584848	-5.5369916
179592224754828	-6.623333	-5.5393844	-5.6063833
179592232254828	-6.5228343	-5.410172	-5.6781683
179592239754828	-6.384051	-5.300102	-5.6757755
179592247254828	-6.2548385	-5.211568	-5.656633
179592254754828	-6.1471615	-5.0775695	-5.6446686
179592262254828	-6.053841	-4.9268217	-5.7403817
179592269754828	-6.0155563	-4.871787	-5.804988
179592277254828	-5.986842	-4.84068	-5.8241305
179592284754828	-5.852844	-4.749753	-5.895915
179592292254828	-5.8265233	-4.7306104	-5.9964137
179592299754828	-5.7667027	-4.8119664	-5.977271
179592307254828	-5.6590257	-4.831109	-5.9246287
179592314754828	-5.5393844	-4.7712884	-5.9246287
179592322254828	-5.4484572	-4.706682	-5.979664
179592329754828	-5.4341	-4.644469	-6.166304
179592337254828	-5.3503513	-4.5678983	-6.3074803
179592344754828	-5.3240304	-4.613362	-6.4797635
179592352254828	-5.3503513	-4.651647	-6.491728
179592359754828	-5.343173	-4.6396832	-6.5228343
179592367254828	-5.3647084	-4.709075	-6.5611196
179592374754828	-5.367101	-4.766503	-6.6017976
179592382254828	-5.424529	-4.7976093	-6.8075805
179592389754828	-5.465207	-4.867001	-6.920043
179592397254828	-5.4580283	-4.9268217	-7.02772
179592404754828	-5.4628143	-4.948357	-7.245467
179592412254828	-5.4843497	-4.9292145	-7.3627152
179592512934671	-5.407779	-5.0440702	-7.288538
179592521431546	-5.326423	-4.9986067	-7.204789
179592527934671	-5.300102	-4.9842496	-7.111469
179592535434671	-5.2905307	-5.0177493	-7.0325055
179592542934671	-5.2139606	-4.9459643	-6.9559355
179592550434671	-5.1732826	-4.8622155	-6.8482585
179592557934671	-5.237889	-4.74736	-6.802795
179592565434671	-5.1756754	-4.601398	-6.814759
179592572934671	-5.103891	-4.5272202	-6.798009
179592597213786	-5.111069	-4.503292	-6.8458657
179592587934671	-5.1326046	-4.4745784	-6.8458657
179592619258473	-5.1900325	-4.4578285	-6.795616
179592602934671	-5.2283173	-4.496114	-6.7381887
179592610434671	-5.2642097	-4.5559344	-6.71426
179592646425192	-5.3503513	-4.6037908	-6.745367
179592625434671	-5.45085	-4.634897	-6.7908306
179592632934671	-5.4676	-4.6803613	-6.786045
179592674115921	-5.474778	-4.706682	-6.8075805
179592647934671	-5.517849	-4.7162533	-6.8339014
179592697334827	-5.575277	-4.8358946	-6.867401
179592707256702	-5.6781683	-4.9196434	-6.7764735
179592670434671	-5.7810597	-4.907679	-6.7094746
179592677934671	-5.84088	-4.9028935	-6.5682983
179592685434671	-5.910272	-4.9292145	-6.410372
179592692934671	-5.948557	-4.9196434	-6.3194447
179592700434671	-5.9748783	-4.84068	-6.283552
179592707934671	-6.0370917	-4.883751	-6.2237315
179592774582744	-6.099305	-5.0081778	-6.0897336
179592722934671	-6.101698	-5.1158547	-5.8887367
179592730434671	-6.151947	-5.1732826	-5.8480587
179592737934671	-6.216553	-5.261817	-5.845666
179592745434671	-6.242874	-5.304888	-5.788238
179592823783057	-6.209375	-5.3647084	-5.7427745
179592760434671	-6.2213387	-5.4125648	-5.6709895
179592767934671	-6.1974106	-5.4676	-5.54417
179592775434671	-6.1710896	-5.5298133	-5.541777
179592782934671	-6.1447687	-5.5872407	-5.642276
179592790434671	-6.113662	-5.613562	-5.7116675
179592797934671	-6.135197	-5.651847	-5.6781683
179592899289723	-6.1160545	-5.6327047	-5.651847
179592900231129	-6.0801625	-5.6327047	-5.639883
179592906861807	-6.056234	-5.663811	-5.56092
179592914361807	-6.0011992	-5.5872407	-5.5393844
179592921861807	-5.977271	-5.4723854	-5.5369916
179592929361807	-5.9557357	-5.367101	-5.556134
179592936861807	-5.9844494	-5.2809596	-5.615955
179592944361807	-6.02752	-5.211568	-5.582455
179592951861807	-6.058627	-5.0440702	-5.5896335
179592959361807	-6.1184473	-4.9722853	-5.5657053
179592966861807	-6.1471615	-4.996214	-5.599205
179592974361807	-6.128019	-5.046463	-5.5800624
179592981861807	-6.1232333	-5.0344987	-5.680561
179592989361807	-6.1567326	-5.0081778	-5.7667027
179592996861807	-6.0921264	-5.0368915	-5.759524
179593004361807	-6.0729837	-4.9938207	-5.7858453
179593011861807	-6.0490556	-4.8933225	-5.831309
179593019361807	-5.979664	-4.8358946	-5.790631
179593026861807	-5.95095	-4.766503	-5.7355957
179593034361807	-5.895915	-4.76411	-5.759524
179593041861807	-5.8193445	-4.802395	-5.733203
179593088402744	-5.814559	-4.800002	-5.6853466
179593098816911	-5.814559	-4.816752	-5.697311
179593103708734	-5.7810597	-4.87418	-5.7188463
179593114586494	-5.7810597	-4.9340005	-5.7403817
179593126923161	-5.7762737	-4.9986067	-5.7547383
179593134400296	-5.804988	-4.996214	-5.800202
179593094361807	-5.855237	-4.962714	-5.8911295
179593101861807	-5.912665	-4.9770713	-5.869594
179593109361807	-5.9007006	-5.0273204	-5.8672013
179593116861807	-5.879165	-5.048856	-5.9246287
179593124361807	-5.9270215	-5.032106	-5.989235
179593131861807	-5.9964137	-5.063213	-6.0729837
179593139361807	-6.1040907	-5.096712	-6.1710896
179593146861807	-6.151947	-5.1062837	-6.242874
179593154361807	-6.1902323	-5.151747	-6.2668023
179593161861807	-6.218946	-5.1756754	-6.218946
179593169361807	-6.814759	-5.6063833	-6.855437
179593176861807	-6.9344	-5.5704913	-6.0825553
179593184361807	-6.113662	-4.9459643	-5.9270215
179593191861807	-5.9700923	-4.833502	-6.1567326
179593199361807	-6.2380886	-5.1876397	-5.919843
179593206861807	-6.1232333	-5.17089	-5.7690954
179593214361807	-6.0729837	-4.941179	-5.757131
179593221861807	-6.087341	-5.0919266	-5.7954164
179593229361807	-6.0777693	-5.1924253	-5.871987
179593236861807	-6.1160545	-5.17089	-5.852844
179593244361807	-6.1184473	-5.1469617	-5.84088
179593346533629	-6.053841	-5.218746	-5.8767724
179593354033629	-5.986842	-5.259424	-5.8432727
179593361533629	-5.936593	-5.278567	-5.7810597
179593369033629	-5.9318075	-5.3144593	-5.757131
179593376533629	-5.8672013	-5.3336015	-5.773881
179593384033629	-5.814559	-5.3886366	-5.7930236
179593391533629	-5.802595	-5.3479586	-5.8911295
179593399033629	-5.800202	-5.2905307	-5.962914
179593406533629	-5.76431	-5.2689953	-5.979664
179593414033629	-5.802595	-5.2019963	-5.979664
179593421533629	-5.828916	-5.15414	-6.0083776
179593429033629	-5.8073807	-5.0751767	-5.9318075
179593436533629	-5.788238	-4.9938207	-5.898308
179593444033629	-5.7930236	-4.9722853	-5.895915
179593451533629	-5.804988	-4.981857	-5.960521
179593459033629	-5.802595	-4.941179	-6.058627
179593466533629	-5.8504515	-4.9603214	-6.070591
179593474033629	-5.8504515	-4.8765726	-6.0418773
179593481533629	-5.871987	-4.792824	-6.020342
179593489033629	-5.9150577	-4.8119664	-5.994021
179593496533629	-5.919843	-4.8239303	-5.9820566
179593504033629	-5.953343	-4.8502517	-6.0227346
179593511533629	-5.962914	-4.8358946	-6.0490556
179593519033629	-5.9437714	-4.8909297	-6.017949
179593526533629	-5.9318075	-4.9770713	-5.989235
179593534033629	-5.9246287	-5.056034	-5.9724855
179593541533629	-5.910272	-5.0775695	-5.9318075
179593549033629	-5.8911295	-5.1924253	-5.9581285
179593556533629	-5.912665	-5.2689953	-6.029913
179593564033629	-5.95095	-5.237889	-6.0729837
179593571533629	-5.9294147	-5.24746	-6.1064835
179593579033629	-5.9653068	-5.2283173	-6.101698
179593586533629	-5.9676995	-5.1086764	-6.128019
179593594033629	-5.9653068	-5.0512486	-6.070591
179593601533629	-5.936593	-5.0392847	-6.0107703
179593609033629	-5.84088	-5.0081778	-5.953343
179593616533629	-5.800202	-4.9938207	-5.946164
179593624033629	-5.7858453	-5.032106	-5.922236
179593631533629	-5.8097734	-5.0177493	-6.003592
179593639033629	-5.852844	-5.029713	-6.029913
179593646533629	-5.869594	-5.0656056	-6.070591
179593654033629	-5.8911295	-5.1254263	-6.0514483
179593661533629	-5.8839507	-5.096712	-6.046663
179593669033629	-5.8337016	-5.1326046	-5.9964137
179593769314306	-5.733203	-5.206782	-5.938986
179593776814306	-5.709275	-5.206782	-5.9724855
179593784314306	-5.7427745	-5.206782	-6.0753765
179593791814306	-5.790631	-5.218746	-6.125626
179593799314306	-5.8265233	-5.204389	-6.1495543
179593815897379	-5.838487	-5.156533	-6.142376
179593823129671	-5.8480587	-5.15414	-6.04427
179593821814306	-5.8337016	-5.13739	-6.003592
179593829314306	-5.812166	-5.1421757	-5.9030933
179593853916077	-5.8169518	-5.0943193	-5.9030933
179593844314306	-5.8241305	-5.1182475	-5.8863435
179593851814306	-5.8839507	-5.113462	-5.95095
179593859314306	-5.953343	-5.103891	-5.989235
179593866814306	-6.013163	-5.1086764	-5.9724855
179593874314306	-6.04427	-5.1158547	-5.9676995
179593881814306	-6.02752	-5.096712	-5.9270215
179593889314306	-6.0011992	-5.103891	-5.9030933
179593896814306	-5.986842	-5.1613183	-5.8624153
179593904314306	-5.9150577	-5.1589255	-5.881558
179593911814306	-5.8432727	-5.123033	-5.9174504
179593919314306	-5.812166	-5.1182475	-5.9748783
179593926814306	-5.8265233	-5.087141	-5.994021
179593934314306	-5.84088	-5.123033	-6.0418773
179593941814306	-5.84088	-5.0273204	-6.0370917
179593949314306	-5.84088	-5.048856	-6.0921264
179593956814306	-5.838487	-5.123033	-6.0394845
179593964314306	-5.812166	-5.111069	-5.9916277
179593971814306	-5.74756	-5.123033	-5.9676995
179593979314306	-5.73081	-5.103891	-5.9437714
179593986814306	-5.7403817	-5.113462	-5.960521
179593994314306	-5.704489	-5.15414	-5.9916277
179594001814306	-5.6997037	-5.0751767	-6.0418773
179594009314306	-5.7786665	-5.0943193	-6.1208405
179594016814306	-5.7667027	-5.070391	-6.111269
179594024314306	-5.7260246	-4.9722853	-6.1208405
179594031814306	-5.7762737	-4.9674997	-6.0777693
179594039314306	-5.7188463	-4.962714	-6.0658054
179594046814306	-5.611169	-4.914858	-6.04427
179594054314306	-5.651847	-4.991428	-6.0825553
179594061814306	-5.6470613	-4.974678	-6.1399827
179594069314306	-5.651847	-5.0105705	-6.2117677
179594076814306	-5.6374903	-5.0081778	-6.2141604
179594084314306	-5.6614184	-4.9579287	-6.2548385
179594091814306	-5.682954	-4.979464	-6.202196
179594099314306	-5.6374903	-4.9770713	-6.1854467
179594106814306	-5.6063833	-4.9579287	-6.1567326
179594207024410	-5.6039906	-4.9363933	-6.168697
179594214524410	-5.611169	-4.881358	-6.1710896
179594222024410	-5.613562	-4.9674997	-6.1806607
179594229524410	-5.6374903	-5.0344987	-6.142376
179594237024410	-5.649454	-5.087141	-6.099305
179594244524410	-5.6350975	-5.127819	-6.101698
179594252024410	-5.690132	-5.1589255	-6.1160545
179594259524410	-5.7284174	-5.1589255	-6.1064835
179594267024410	-5.709275	-5.096712	-6.1160545
179594274524410	-5.733203	-5.1254263	-6.0897336
179594282024410	-5.7188463	-5.1206403	-6.070591
179594289524410	-5.651847	-5.099105	-6.0083776
179594297024410	-5.6614184	-5.0392847	-6.013163
179594304524410	-5.663811	-4.9986067	-6.087341
179594312024410	-5.642276	-4.9938207	-6.195018
179594319524410	-5.6590257	-4.979464	-6.192625
179594327024410	-5.6590257	-4.9603214	-6.2285175
179594334524410	-5.6303115	-4.9316072	-6.257231
179594342024410	-5.625526	-4.95075	-6.24766
179594349524410	-5.5944195	-4.955536	-6.2668023
179594357024410	-5.5657053	-4.912465	-6.262017
179594364524410	-5.548956	-4.9603214	-6.285945
179594372024410	-5.5465627	-4.9316072	-6.355337
179594379524410	-5.5298133	-4.938786	-6.4055862
179594387024410	-5.5250273	-4.9603214	-6.4175506
179594394524410	-5.503492	-5.022535	-6.4199433
179594402024410	-5.4699926	-5.020142	-6.4199433
179594409524410	-5.508278	-4.955536	-6.4127645
179594417024410	-5.4891353	-4.9459643	-6.4151573
179594424524410	-5.5202417	-4.9268217	-6.4534426
179594432024410	-5.5369916	-4.8765726	-6.4701924
179594439524410	-5.5633125	-4.895715	-6.4343
179594447024410	-5.5465627	-4.9292145	-6.4055862
179594454524410	-5.517849	-4.8885365	-6.352944
179594462024410	-5.5369916	-4.9052863	-6.3768725
179594469524410	-5.5274205	-4.9316072	-6.410372
179594477024410	-5.4819565	-4.9316072	-6.424729
179594484524410	-5.505885	-4.9674997	-6.4558353
179594492024410	-5.5393844	-4.8909297	-6.489335
179594499524410	-5.5633125	-4.8454657	-6.4558353
179594507024410	-5.5776696	-4.8454657	-6.4343
179594514524410	-5.5896335	-4.871787	-6.4462643
179594522024410	-5.556134	-4.87418	-6.4271216
179594529524410	-5.5513487	-4.9172506	-6.439086
179594537024410	-5.5274205	-4.9674997	-6.4295144
179594544524410	-5.4987063	-4.996214	-6.4701924
179594552024410	-5.4867425	-4.9986067	-6.4869423
179594653546545	-5.491528	-4.9842496	-6.5515485
179594661046545	-5.501099	-4.9196434	-6.573084
179594668546545	-5.4819565	-4.8909297	-6.6329045
179594676046545	-5.474778	-4.895715	-6.666404
179594683546545	-5.491528	-4.895715	-6.6329045
179594691046545	-5.4723854	-4.855037	-6.5850477
179594698546545	-5.45085	-4.8287163	-6.5922265
179594706046545	-5.4149575	-4.8287163	-6.6329045
179594713546545	-5.383851	-4.8765726	-6.661618
179594721046545	-5.3910294	-4.8885365	-6.6592255
179594728546545	-5.3216376	-4.831109	-6.687939
179594736046545	-5.302495	-4.8287163	-6.6759753
179594743546545	-5.2929235	-4.8382874	-6.666404
179594751046545	-5.2977095	-4.8358946	-6.6592255
179594758546545	-5.3144593	-4.8765726	-6.6711893
179594766046545	-5.3312087	-4.8933225	-6.6329045
179594773546545	-5.3407803	-4.8526444	-6.6448684
179594781046545	-5.345566	-4.871787	-6.664011
179594788546545	-5.3240304	-4.883751	-6.6592255
179594796046545	-5.3479586	-4.814359	-6.678368
179594803546545	-5.3503513	-4.831109	-6.6927247
179594811046545	-5.386244	-4.8526444	-6.7262244
179594818546545	-5.395815	-4.8358946	-6.719046
179594826046545	-5.4149575	-4.8693943	-6.707082
179594833546545	-5.4341	-4.8789654	-6.7118673
179594841046545	-5.400601	-4.8358946	-6.7405815
179594848546545	-5.4053864	-4.84068	-6.7381887
179594856046545	-5.4341	-4.847859	-6.7525454
179594863546545	-5.4388857	-4.800002	-6.7932234
179594871046545	-5.4484572	-4.766503	-6.798009
179594878546545	-5.4484572	-4.7808595	-6.7645097
179594886046545	-5.460421	-4.761717	-6.7836523
179594893546545	-5.4891353	-4.833502	-6.7381887
179594901046545	-5.5226345	-4.8909297	-6.7405815
179594908546545	-5.556134	-4.9268217	-6.704689
179594916046545	-5.5633125	-4.9459643	-6.6592255
179594923546545	-5.623133	-4.974678	-6.728617
179594931046545	-5.6590257	-4.941179	-6.754938
179594938546545	-5.651847	-4.8909297	-6.771688
179594946046545	-5.6853466	-4.938786	-6.7525454
179594953546545	-5.690132	-5.0177493	-6.735796
179594961046545	-5.6733823	-5.029713	-6.6831536
179594968546545	-5.7355957	-5.0273204	-6.6424756
179594976046545	-5.773881	-5.003392	-6.599405
179595077342952	-5.7834525	-5.0512486	-6.597012
179595084842952	-5.7810597	-5.070391	-6.6041903
179595092342952	-5.7810597	-5.089534	-6.649654
179595099842952	-5.8265233	-5.046463	-6.63769
179595107342952	-5.869594	-5.048856	-6.63769
179595114842952	-5.9581285	-5.0105705	-6.613762
179595122342952	-6.017949	-5.0129633	-6.580262
179595129842952	-6.058627	-4.979464	-6.5371914
179595137342952	-6.0921264	-5.003392	-6.4462643
179595144842952	-6.099305	-5.0009995	-6.424729
179595152342952	-6.06102	-4.979464	-6.431907
179595159842952	-6.0346985	-4.996214	-6.4295144
179595167342952	-6.0011992	-5.0105705	-6.4462643
179595174842952	-6.0370917	-5.17089	-6.4175506
179595182342952	-6.0801625	-5.1421757	-6.4797635
179595189842952	-6.0825553	-5.2163534	-6.465407
179595197342952	-6.0658054	-5.178068	-6.4462643
179595204842952	-6.02752	-5.1613183	-6.491728
179595212342952	-6.0514483	-5.1613183	-6.4295144
179595219842952	-6.0155563	-5.113462	-6.4031935
179595227342952	-5.986842	-5.0775695	-6.393622
179595234842952	-5.9916277	-5.0775695	-6.3457656
179595242342952	-5.986842	-5.032106	-6.3314085
179595249842952	-5.9916277	-4.996214	-6.326623
179595257342952	-5.977271	-4.9172506	-6.3696938
179595264842952	-6.0083776	-4.965107	-6.384051
179595272342952	-6.087341	-5.0105705	-6.3314085
179595279842952	-6.128019	-5.046463	-6.2787666
179595287342952	-6.142376	-4.979464	-6.209375
179595294842952	-6.1567326	-5.0273204	-6.218946
179595302342952	-6.216553	-5.015356	-6.135197
179595309842952	-6.826723	-5.2833524	-4.3262234
179595317342952	-6.1830535	-4.5942197	-6.2691956
179595324842952	-5.8504515	-5.419743	-6.2691956
179595332342952	-6.326623	-5.5465627	-6.1734824
179595339842952	-6.108876	-4.6731825	-6.0323057
179595347342952	-6.2380886	-4.8358946	-6.1160545
179595354842952	-6.175875	-5.058427	-6.108876
179595362342952	-6.0323057	-5.003392	-6.096912
179595369842952	-6.1591253	-5.1062837	-6.1208405
179595377342952	-6.094519	-5.113462	-6.053841
179595384842952	-6.0370917	-5.130212	-5.979664
179595392342952	-6.0418773	-5.1924253	-5.898308
179595399842952	-6.020342	-5.2259245	-5.845666
179595407342952	-6.068198	-5.2977095	-5.8217373
179595414842952	-6.0825553	-5.3647084	-5.7930236
179595422342952	-6.087341	-5.3982077	-5.7284174
179595524533889	-6.128019	-5.4867425	-5.6279187
179595532033889	-6.1328044	-5.5704913	-5.5130634
179595539533889	-6.1184473	-5.5872407	-5.4293146
179595547033889	-6.125626	-5.733203	-5.300102
179595554533889	-6.128019	-5.802595	-5.2163534
179595562033889	-6.175875	-5.682954	-5.194818
179595569533889	-6.2404814	-5.5920267	-5.15414
179595577033889	-6.3074803	-5.517849	-5.1014977
179595584533889	-6.2931237	-5.5130634	-5.0775695
179595592033889	-6.302695	-5.419743	-5.046463
179595599533889	-6.3481584	-5.505885	-4.9866424
179595607033889	-6.364908	-5.5202417	-4.907679
179595614533889	-6.3768725	-5.505885	-4.867001
179595622033889	-6.3314085	-5.5274205	-4.816752
179595629533889	-6.314659	-5.4867425	-4.7401814
179595637033889	-6.309873	-5.419743	-4.735396
179595644533889	-6.317052	-5.383851	-4.7377887
179595652033889	-6.3481584	-5.352744	-4.790431
179595659533889	-6.384051	-5.2905307	-4.8358946
179595667033889	-6.4199433	-5.206782	-4.9531426
179595674533889	-6.439086	-5.2666025	-4.9938207
179595682033889	-6.3744793	-5.316852	-5.003392
179595689533889	-6.314659	-5.4676	-4.9770713
179595697033889	-6.2644095	-5.436493	-5.0105705
179595704533889	-6.1830535	-5.3982077	-5.0081778
179595712033889	-6.1040907	-5.4891353	-4.989035
179595719533889	-6.101698	-5.426922	-5.0440702
179595727033889	-6.0801625	-5.4053864	-5.0751767
179595734533889	-6.1040907	-5.436493	-5.072784
179595742033889	-6.1064835	-5.4699926	-5.1086764
179595749533889	-6.101698	-5.4676	-5.0799623
179595757033889	-6.142376	-5.505885	-5.0512486
179595764533889	-6.166304	-5.6685967	-5.0129633
179595772033889	-6.0777693	-5.7690954	-4.974678
179595779533889	-6.0394845	-5.8624153	-5.0177493
179595787033889	-6.113662	-5.9007006	-5.0177493
179595794533889	-6.1208405	-5.879165	-5.1062837
179595802033889	-6.1639113	-5.814559	-5.1852465
179595809533889	-6.2955165	-5.7547383	-5.300102
179595911754097	-6.343373	-5.7786665	-5.2283173
179595911835920	-6.3481584	-5.802595	-5.1421757
179595916617430	-6.439086	-5.9030933	-5.0249276
179595924117430	-6.5922265	-6.053841	-4.8885365
179595931617430	-6.6352973	-5.9748783	-4.87418
179595939117430	-6.73101	-5.838487	-4.910072
179595946617430	-6.8219376	-5.7379885	-4.847859
179595954117430	-6.8075805	-5.8600225	-4.776074
179595972749774	-6.719046	-5.84088	-4.85743
179595983136649	-6.6711893	-5.8911295	-4.855037
179595976617430	-6.6687965	-5.9653068	-4.907679
179595984117430	-6.728617	-6.1184473	-4.776074
179596012112639	-7.1425757	-5.9724855	-4.7018967
179595999117430	-7.23111	-5.828916	-4.505685
179596030716232	-6.7429743	-6.259624	-4.402794
179596041467691	-6.613762	-6.364908	-4.5894337
179596049221285	-6.678368	-6.9990063	-4.005585
179596029117430	-6.7334027	-7.1569324	-4.634897
179596036617430	-6.6424756	-6.465407	-4.95075
179596044117430	-6.661618	-5.912665	-4.8215375
179596051617430	-6.8171515	-5.7786665	-4.2759743
179596059117430	-7.173682	-5.8073807	-3.912265
179596066617430	-7.1282187	-5.5226345	-3.5940197
179596074117430	-6.798009	-5.3096733	-3.5988052
179596081617430	-6.7262244	-5.419743	-3.4576287
179596089117430	-6.7429743	-5.3479586	-3.211168
179596096617430	-6.652047	-5.2642097	-3.0173492
179596104117430	-6.530013	-5.3359947	-2.885744
179596111617430	-6.541977	-5.4891353	-2.7613173
179596119117430	-6.5611196	-5.54417	-2.6273193
179596126617430	-6.515656	-5.5968122	-2.4909284
179596134117430	-6.506085	-5.5968122	-2.4741786
179596141617430	-6.489335	-5.623133	-2.6321049
179596149117430	-6.503692	-5.5106707	-2.8378878
179596156617430	-6.573084	-5.54417	-2.993421
179596164117430	-6.6592255	-5.682954	-3.034099
179596171617430	-6.6927247	-5.790631	-2.9958138
179596179117430	-6.6831536	-5.845666	-2.926422
179596186617430	-6.728617	-5.9270215	-2.8235307
179596194117430	-6.7645097	-6.02752	-2.7565317
179596201617430	-6.7669024	-6.1328044	-2.6871397
179596209117430	-6.7501526	-6.300302	-2.6153553
179596216617430	-6.7525454	-6.5946193	-2.5962126
179596224117430	-6.771688	-6.9678993	-2.5698915
179596231617430	-6.7501526	-7.4344997	-2.536392
179596239117430	-6.771688	-7.7551384	-2.565106
179596246617430	-6.798009	-7.9346	-2.5459633
179596348485034	-6.853044	-7.982456	-2.5292134
179596355985034	-6.9009004	-7.9513497	-2.4598217
179596363485034	-6.862615	-7.893922	-2.3688943
179596370985034	-6.812366	-7.7790666	-2.3282163
179596378485034	-6.74776	-7.7096744	-2.3114667
179596385985034	-6.719046	-7.6402826	-2.3186452
179596393485034	-6.6711893	-7.537391	-2.349752
179596400985034	-6.6017976	-7.436893	-2.3808584
179596408485034	-6.501299	-7.2957163	-2.3665016
179596415985034	-6.4031935	-7.123433	-2.3832514
179596423485034	-6.350551	-6.948757	-2.4191437
179596430985034	-6.3050876	-6.8219376	-2.4119651
179596438485034	-6.283552	-6.800402	-2.4335005
179596445985034	-6.242874	-6.8650084	-2.4263222
179596453485034	-6.250053	-6.8745794	-2.3928227
179596460985034	-6.218946	-6.814759	-2.3832514
179596468485034	-6.1974106	-6.707082	-2.3856442
179596475985034	-6.1447687	-6.6424756	-2.3952155
179596483485034	-6.1064835	-6.580262	-2.361716
179596490985034	-6.070591	-6.573084	-2.4143581
179596498485034	-6.084948	-6.678368	-2.457429
179596505985034	-6.0634127	-6.735796	-2.4861426
179596513485034	-6.096912	-6.8051877	-2.469393
179596520985034	-6.1591253	-6.8243303	-2.4598217
179596528485034	-6.2285175	-6.862615	-2.4454648
179596535985034	-6.309873	-6.948757	-2.4382863
179596543485034	-6.393622	-7.0348988	-2.4598217
179596550985034	-6.4606214	-7.111469	-2.4861426
179596558485034	-6.5228343	-7.1473613	-2.4717858
179596565985034	-6.5754766	-7.1712894	-2.4143581
179596573485034	-6.597012	-7.164111	-2.2875385
179596580985034	-6.606583	-7.21436	-2.172683
179596588485034	-6.6352973	-7.257431	-2.0721843
179596595985034	-6.6257257	-7.322037	-2.0195422
179596603485034	-6.573084	-7.3986077	-2.0554347
179596610985034	-6.541977	-7.4919276	-2.0554347
179596618485034	-6.5276203	-7.537391	-2.0458634
179596625985034	-6.431907	-7.556534	-2.0219352
179596633485034	-6.3481584	-7.5613194	-1.98365
179596640985034	-6.262017	-7.554141	-1.9980069
179596648485034	-6.250053	-7.6833534	-1.9621146
179596655985034	-6.2644095	-7.771888	-1.9118652
179596663485034	-6.2548385	-7.8317084	-1.835295
179596670985034	-6.209375	-7.853244	-1.7754744
179596678485034	-6.1567326	-7.881958	-1.7108682
179596685985034	-6.0729837	-7.9369926	-1.6797615
179596788618524	-5.9844494	-7.9346	-1.7108682
179596796118524	-5.919843	-7.8987074	-1.727618
179596803618524	-5.9007006	-7.984849	-1.7347964
179596811118524	-5.8600225	-8.099705	-1.8161523
179596818618524	-5.8073807	-8.166703	-1.8879371
179596826118524	-5.7379885	-8.202596	-1.9214365
179596833618524	-5.6949177	-8.255239	-1.8855443
179596841118524	-5.575277	-8.276773	-1.8113668
179596848618524	-5.501099	-8.29113	-1.7228323
179596856118524	-5.3982077	-8.267202	-1.6773686
179596863618524	-5.2977095	-8.276773	-1.6103697
179596871118524	-5.1852465	-8.238488	-1.5768701
179596878618524	-5.113462	-8.281559	-1.5433706
179596886118524	-5.029713	-8.293523	-1.5002998
179596893618524	-4.9292145	-8.336594	-1.5026926
179596901118524	-4.8358946	-8.353344	-1.5433706
179596908618524	-4.7377887	-8.408379	-1.5481563
179596916118524	-4.6707897	-8.472985	-1.538585
179596923618524	-4.587041	-8.513663	-1.5768701
179596931118524	-4.496114	-8.520842	-1.6223338
179596938618524	-4.369294	-8.492127	-1.6845472
179596946118524	-4.2711883	-8.46102	-1.6677973
179596953618524	-4.220939	-8.52802	-1.6558332
179596961118524	-4.1347976	-8.618947	-1.6319051
179596968618524	-4.0941195	-8.721839	-1.6175481
179596976118524	-4.058227	-8.752945	-1.5960127
179596983618524	-3.991228	-8.8701935	-1.579263
179596991118524	-3.9601214	-9.004191	-1.5170496
179596998618524	-3.9050865	-9.157332	-1.5002998
179597006118524	-3.845266	-9.312865	-1.4955142
179597074365190	-3.804588	-9.45165	-1.4739788
179597021118524	-3.735196	-9.521041	-1.4237294
179597028618524	-3.6370904	-9.549755	-1.4069797
179597036118524	-3.5509489	-9.54497	-1.3950156
179597043618524	-3.4360933	-9.547362	-1.4045869
179597051118524	-3.359523	-9.547362	-1.3926228
179597058618524	-3.2590244	-9.549755	-1.3232309
179597066118524	-3.1489546	-9.525827	-1.2873386
179597073618524	-3.050849	-9.475577	-1.2658032
179597081118524	-2.9575288	-9.425328	-1.2059826
179597088618524	-2.8546374	-9.432507	-1.1030912
179597096118524	-2.7828526	-9.470792	-0.9499506
179597103618524	-2.7038896	-9.49472	-0.782453
179597111118524	-2.6105695	-9.461221	-0.6436693
179597118618524	-2.524428	-9.45165	-0.5479564
179597245538680	-2.481357	-9.497113	-0.4426722
179597246499513	-2.440679	-9.501899	-0.36131623
179597247310972	-2.3904297	-9.54497	-0.31345975
179597247450972	-2.333002	-9.568898	-0.2656033
179597252372638	-2.292324	-9.602397	-0.21296121
179597266030138	-2.2205393	-9.657433	-0.13160525
179597270786284	-2.199004	-9.755538	-0.033499517
179597282066701	-2.1678972	-9.839287	0.050249275
179597282372638	-2.1415763	-9.844072	0.1052842
179597289872638	-2.0793629	-9.84168	0.16271193
179597297372638	-2.0195422	-9.844072	0.24646074
179597304872638	-1.942972	-9.805787	0.33738798
179597312372638	-1.8735801	-9.781859	0.4211368
179597319872638	-1.7946169	-9.798609	0.5024927
179597327372638	-1.7060826	-9.79143	0.62452674
179597334872638	-1.6247265	-9.71486	0.7082755
179597342372638	-1.5457634	-9.628718	0.8255238
179597349872638	-1.442872	-9.5353985	0.93320084
179597357372638	-1.3710874	-9.47797	1.0360922
179597364872638	-1.2921243	-9.470792	1.0863415
179597408818836	-1.2155539	-9.432507	1.1389836
179597423818836	-1.1485549	-9.410972	1.2107682
179597428407638	-1.1222339	-9.430114	1.3016955
179597394872638	-1.0648061	-9.387043	1.3734802
179597402372638	-1.0049855	-9.332008	1.4404793
179597409872638	-0.9499506	-9.387043	1.4979069
179597417372638	-0.91884387	-9.439685	1.5457634
179597424872638	-0.8757731	-9.489935	1.6319051
179597432372638	-0.8327023	-9.487542	1.6797615
179597439872638	-0.8327023	-9.530613	1.7563318
179597447372638	-0.8542377	-9.58804	1.8113668
179597454872638	-0.86859465	-9.698111	1.8951155
179597462372638	-0.8805587	-9.765109	1.9860427
179597469872638	-0.8805587	-9.844072	2.062613
179597477372638	-0.8853444	-9.891929	2.1248264
179597484872638	-0.89730847	-9.91825	2.2277179
179597492372638	-0.9667004	-9.982856	2.3569303
179597499872638	-1.0432707	-10.061819	2.510071
179597507372638	-1.1030912	-10.090533	2.6679974
179597514872638	-1.174876	-10.068997	2.8546374
179597522372638	-1.2131611	-10.009177	3.0125637
179597529872638	-1.2610176	-9.923036	3.1513474
179597537372638	-1.3040884	-9.796216	3.306881
179597544872638	-1.3710874	-9.741181	3.4648073
179597552372638	-1.4596218	-9.693324	3.6658044
179597559872638	-1.4596218	-9.609575	3.8787656
179597567372638	-1.4596218	-9.446864	4.019942
179597574872638	-1.4620147	-9.300901	4.220939
179597676316180	-1.4476577	-9.243474	4.469793
179597683816180	-1.3974084	-9.21476	4.7162533
179597693490451	-1.3208381	-9.142975	4.962714
179597703093992	-1.2777673	-9.071191	5.1876397
179597718093992	-1.2658032	-8.932407	5.436493
179597722724773	-1.2011969	-8.822337	5.6207404
179597731928576	-1.1389836	-8.690732	5.800202
179597743373211	-1.0719845	-8.592627	5.9964137
179597736316180	-0.9523434	-8.475378	6.1567326
179597762436180	-0.8135597	-8.32463	6.2644095
179597751316180	-0.7513463	-8.10449	6.3481584
179597758816180	-0.6891329	-7.812566	6.3864436
179597766316180	-0.65084773	-7.4775705	6.4199433
179597773816180	-0.6221339	-7.192825	6.472585
179597781316180	-0.59342	-6.977471	6.5611196
179597788816180	-0.51206404	-6.853044	6.65444
179597828389357	-0.4642076	-6.6329045	6.6975107
179597838220867	-0.44745782	-6.4965134	6.7836523
179597811316180	-0.4977071	-6.3960147	6.836294
179597856692846	-0.55752766	-6.235696	6.9056864
179597871692846	-0.5766702	-5.9820566	6.991828
179597833816180	-0.60059845	-5.757131	7.1162543
179597841316180	-0.7752745	-5.682954	7.1425757
179597848816180	-0.91166544	-5.723632	7.281359
179597856316180	-0.8542377	-5.73081	7.436893
179597863816180	-0.81834537	-5.6997037	7.5254273
179597871316180	-0.8135597	-5.6039906	7.6833534
179597878816180	-0.8279166	-5.5657053	7.769495
179597886316180	-0.9068798	-5.465207	7.7383885
179597893816180	-1.0313065	-5.3814583	7.8149586
179597901316180	-1.0743774	-5.276174	7.8460655
179597908816180	-1.1413764	-5.235496	7.946564
179597916316180	-1.1916257	-5.096712	8.123632
179597923816180	-1.1246266	-4.9316072	8.2145605
179597931316180	-1.134198	-4.8502517	8.23131
179597938816180	-1.2203395	-4.8693943	8.169097
179597946316180	-1.2801601	-4.9531426	8.111669
179597953816180	-1.1676974	-5.1349974	8.078169
179597961316180	-1.105484	-5.3312087	8.255239
179597968816180	-1.0911272	-6.003592	8.190632
179597976316180	-0.7322037	-6.5515485	8.305488
179597983816180	-0.55034924	-6.0107703	8.346166
179597991316180	-0.701097	-5.1062837	8.212168
179597998816180	-0.8327023	-4.0941195	8.250452
179598006316180	-0.97866446	-2.981457	7.9561353
179598107350867	-1.0456635	-2.6608188	8.30788
179598114850867	-0.9379865	-3.4648073	8.626125
179598122350867	-0.57906306	-3.6729827	8.925228
179598129850867	-0.4977071	-3.3667014	8.796016
179598137350867	-0.65324056	-3.4241292	8.63809
179598144850867	-0.6628119	-3.6801612	8.408379
179598152350867	-0.5982057	-3.830909	8.063812
179598159850867	-0.55513483	-4.022335	7.690532
179598167350867	-0.49292147	-4.1036906	7.2789664
179598174850867	-0.3804588	-4.1898327	6.798009
179598182350867	-0.15553348	-4.125226	6.3074803
179598189850867	0.0047856453	-3.9553359	6.111269
179598197350867	0.18424734	-4.1347976	5.869594
179598204850867	0.27756742	-4.881358	6.1710896
179598212350867	0.4331009	-5.8169518	6.5946193
179598219850867	0.43788654	-6.6281185	6.984649
179598227350867	0.29192436	-7.312466	7.2670026
179598234850867	0.059820566	-7.932207	7.432107
179598242350867	-0.35413775	-8.458628	7.5493555
179598249850867	-0.8877372	-8.566305	7.7072816
179598302463940	-1.4620147	-8.190632	7.908279
179598305881805	-2.1631117	-7.475178	8.295917
179598272350867	-2.981457	-6.7381887	8.5112705
179598279850867	-3.682554	-6.1830535	8.590233
179598287350867	-4.156333	-6.3481584	8.681161
179598294850867	-4.2161536	-6.350551	8.6548395
179598302350867	-4.213761	-6.113662	8.446664
179598366227742	-4.1778684	-5.680561	8.169097
179598317350867	-4.1491547	-5.343173	7.735996
179598387139252	-4.082155	-5.0799623	7.396215
179598332350867	-3.9720855	-4.924429	7.1545396
179598339850867	-3.8476589	-4.95075	7.1976104
179598347350867	-3.7256248	-5.1756754	7.472785
