183163817957426	-0.037854444	-0.0061055557	-0.0012211112
183163866472739	-0.17584	0.042738892	0.7656367
183163944041280	-0.025643334	-0.01099	0.7558678
183163956472739	0.026864445	-0.0024422223	-0.31504667
183163971472739	3.3372967	0.17950334	13.075658
183163986472739	11.853326	-2.404368	30.019796
183164001472739	6.601327	-1.5068512	21.095917
183164014285447	0.05006556	0.05250778	5.415628
183164024309874	-0.97933114	0.36389112	1.4103833
183164034110239	-0.8169234	0.36999667	-0.5873545
183164045955447	-0.35656446	0.20392556	-1.4775445
183164054205603	-0.012211111	-0.0024422223	0.78273225
183164064102947	0.019537779	0.01099	-0.16607112
183164034310864	0.03174889	0.009768889	-0.41273558
183164041810864	0.007326667	0.0	0.22590557
183164093993051	-0.0036633336	0.0061055557	0.23079
183164056810864	0.0048844446	0.009768889	-0.1746189
183164064310864	-0.0048844446	0.01099	-0.091583334
183164123246332	-0.01099	0.0061055557	0.14042778
183164079310864	0.0012211112	0.007326667	0.042738892
183164086810864	0.0048844446	0.012211111	-0.07937223
183164094310864	-0.0048844446	0.013432222	0.007326667
183164101810864	-0.014653334	0.014653334	0.08059334
183164173024770	-0.014653334	0.023201112	0.014653334
183164116810864	-0.012211111	0.03174889	-0.024422223
183164199160707	0.0061055557	0.04396	0.0061055557
183164146810864	0.025643334	0.05250778	-0.007326667
183164154310864	0.037854444	0.051286668	0.009768889
183164161810864	0.035412222	0.051286668	0.0024422223
183164169310864	0.03174889	0.054950003	-0.0024422223
183164257727530	0.034191113	0.054950003	0.007326667
183164184310864	0.02075889	0.059834447	0.012211111
183164281767322	0.007326667	0.06227667	0.019537779
183164293661176	0.015874445	0.06349778	0.015874445
183164301071593	0.025643334	0.068382226	0.01099
183164310881072	0.034191113	0.07326667	0.01099
183164322502634	0.019537779	0.078151114	0.013432222
183164327905603	0.008547778	0.08425667	0.008547778
183164340287374	0.014653334	0.089141116	0.02075889
183164345943311	0.017095556	0.09524667	0.025643334
183164346071593	0.013432222	0.102573335	0.02198
183164365236697	0.014653334	0.10501556	0.018316668
183164373639197	0.01099	0.109900005	0.024422223
183164386016593	0.012211111	0.11478445	0.035412222
183164391013311	0.014653334	0.11844778	0.03174889
183164406013311	0.007326667	0.123332225	0.036633335
183164410953676	-0.01099	0.13188	0.04029667
183164421865291	-0.02075889	0.13798556	0.04029667
183164434618676	0.007326667	0.13676445	0.03297
183164443140707	0.029306669	0.14287001	0.03297
183164421071593	0.03174889	0.14531223	0.028085556
183164464768155	0.03297	0.14287001	0.014653334
183164474719041	0.03174889	0.14653334	0.0036633336
183164483446905	0.025643334	0.14897557	0.013432222
183164493612426	0.02075889	0.14653334	0.013432222
183164501509822	0.02075889	0.15019667	0.0024422223
183164512323832	0.039075557	0.15019667	-0.0012211112
183164523977322	0.058613338	0.15630223	0.0036633336
183164530605395	0.05372889	0.16118668	0.0061055557
183164543140030	0.054950003	0.17095557	0.008547778
183164549600551	0.06349778	0.16973445	0.008547778
183164556448468	0.05372889	0.17828223	0.013432222
183164568839509	0.029306669	0.1746189	0.02198
183164576518676	0.01099	0.17706113	0.035412222
183164526071593	0.01099	0.17950334	0.04396
183164595986593	0.015874445	0.18683001	0.05250778
183164606089978	0.01099	0.19293556	0.048844445
183164617112843	0.009768889	0.19904111	0.046402223
183164627002478	0.028085556	0.20026223	0.057392225
183164635187686	0.036633335	0.20270446	0.047623336
183164643337895	0.04396	0.20514667	0.035412222
183164653159509	0.048844445	0.20881	0.04029667
183164586071593	0.045181114	0.21003112	0.045181114
183164673662113	0.039075557	0.20514667	0.037854444
183164601071593	0.02198	0.20636779	0.037854444
183164608571593	0.03174889	0.20392556	0.034191113
183164616071593	0.03297	0.20636779	0.028085556
183164623571593	0.029306669	0.20514667	0.03174889
183164723994197	0.04151778	0.20392556	0.039075557
183164731494197	0.042738892	0.20881	0.039075557
183164738994197	0.036633335	0.21003112	0.037854444
183164746494197	0.028085556	0.21247335	0.04029667
183164753994197	0.014653334	0.21369445	0.04029667
183164761494197	0.017095556	0.21491556	0.03174889
183164768994197	0.03174889	0.21613668	0.03297
183164776494197	0.029306669	0.21980001	0.047623336
183164783994197	0.018316668	0.22346334	0.037854444
183164791494197	0.019537779	0.22224224	0.037854444
183164819261957	0.014653334	0.22346334	0.057392225
183164826605759	-0.0024422223	0.22590557	0.05372889
183164840951749	-0.008547778	0.22712667	0.047623336
183164847294092	0.0	0.22712667	0.06105556
183164859080082	0.007326667	0.2295689	0.05250778
183164867621540	0.012211111	0.23079	0.05372889
183164876947738	0.012211111	0.23201112	0.06105556
183164887971384	0.009768889	0.23201112	0.047623336
183164893634040	0.007326667	0.22590557	0.047623336
183164907239145	0.0036633336	0.22346334	0.048844445
183164913515395	0.0061055557	0.22346334	0.05006556
183164881494197	0.0012211112	0.2185789	0.045181114
183164932439770	-0.0036633336	0.21613668	0.045181114
183164940484353	-0.013432222	0.2185789	0.058613338
183164954246749	-0.017095556	0.22224224	0.048844445
183164958285499	-0.009768889	0.22102112	0.05250778
183164967746645	0.0048844446	0.21247335	0.054950003
183164981642217	0.0	0.20881	0.05617111
183164990100603	-0.015874445	0.20514667	0.059834447
183165003006124	-0.03174889	0.20270446	0.06960334
183165008718988	-0.025643334	0.19293556	0.06594
183165021637582	-0.018316668	0.18683001	0.078151114
183165031074874	-0.009768889	0.17950334	0.06716111
183165068585186	-0.013432222	0.17706113	0.059834447
183165069673936	-0.01099	0.17095557	0.06960334
183165070595447	-0.009768889	0.15996556	0.06960334
183165078095447	-0.009768889	0.15141778	0.05372889
183165095779665	-0.019537779	0.12821667	0.06594
183165095980030	-0.015874445	0.11356334	0.048844445
183165109537009	-0.007326667	0.09768889	0.036633335
183165115195707	-0.0036633336	0.089141116	0.037854444
183165126113363	0.007326667	0.07204556	0.028085556
183165133501853	0.013432222	0.058613338	0.013432222
183165148501853	-0.01099	0.0061055557	0.0024422223
183165155980030	-0.029306669	-0.0048844446	-0.008547778
183165163480030	-0.03174889	-0.02198	-0.008547778
183165170980030	-0.02075889	-0.037854444	-0.0036633336
183165178480030	-0.0048844446	-0.06227667	-0.0061055557
183165185980030	-0.019537779	-0.07937223	-0.02075889
183165193480030	-0.051286668	-0.10135223	-0.018316668
183165200980030	-0.07204556	-0.12089001	-0.014653334
183165208480030	-0.070824444	-0.14409111	-0.03174889
183165215980030	-0.06716111	-0.17095557	-0.035412222
183165223480030	-0.06349778	-0.20270446	-0.05372889
183165230980030	-0.07326667	-0.23079	-0.05250778
183165238480030	-0.07937223	-0.25765446	-0.05372889
183165245980030	-0.07570889	-0.28329778	-0.05250778
183165253480030	-0.11356334	-0.2955089	-0.03297
183165260980030	-0.13676445	-0.31504667	-0.046402223
183165268480030	-0.12821667	-0.34191114	-0.05250778
183165275980030	-0.13432223	-0.36999667	-0.051286668
183165283480030	-0.15141778	-0.39564002	-0.059834447
183165290980030	-0.1306589	-0.42250445	-0.07937223
183165298480030	-0.12577444	-0.45059	-0.08303556
183165305980030	-0.109900005	-0.48356003	-0.10745778
183165313480030	-0.10501556	-0.5043189	-0.117226675
183165320980030	-0.12577444	-0.53484666	-0.11844778
183165328480030	-0.16240779	-0.56049	-0.11356334
183165335980030	-0.21003112	-0.58979666	-0.123332225
183165343480030	-0.24666445	-0.6227667	-0.11966889
183165350980030	-0.24544334	-0.6618422	-0.11356334
183165358480030	-0.23201112	-0.7009178	-0.11112112
183165365980030	-0.2295689	-0.7338878	-0.11234222
183165373480030	-0.21980001	-0.77052116	-0.109900005
183165380980030	-0.21613668	-0.7863956	-0.11112112
183165388480030	-0.21369445	-0.80471224	-0.117226675
183165395980030	-0.23689556	-0.8169234	-0.109900005
183165403480030	-0.27230778	-0.8218078	-0.11844778
183165410980030	-0.30283555	-0.8230289	-0.10745778
183165418480030	-0.33458444	-0.8230289	-0.102573335
183165425980030	-0.3504589	-0.82791334	-0.109900005
183165433480030	-0.35168	-0.8327978	-0.10745778
183165544977113	-0.18805112	-0.9280445	-0.11478445
183165547160759	-0.1746189	-0.70336	-0.09402556
183165554660759	0.06349778	-0.90118	-0.17095557
183165562160759	-0.3260367	-0.7436567	-0.14164889
183165569660759	-0.41884112	-0.8169234	-0.09524667
183165577160759	-0.27108666	-0.8364611	-0.070824444
183165584660759	-0.16240779	-0.81570226	-0.19904111
183165592160759	-0.13798556	-0.85966223	-0.18438779
183165599660759	-0.16240779	-0.8645467	-0.1526389
183165607160759	-0.11966889	-0.88286334	-0.20148334
183165614660759	-0.106236674	-0.88408446	-0.19171445
183165622160759	-0.14531223	-0.88408446	-0.20270446
183165629660759	-0.16485001	-0.88286334	-0.20881
183165637160759	-0.1856089	-0.8669889	-0.17950334
183165644660759	-0.20026223	-0.86088336	-0.19904111
183165652160759	-0.2283478	-0.8450089	-0.19782001
183165659660759	-0.24666445	-0.82425004	-0.17828223
183165667160759	-0.21247335	-0.81326	-0.18316667
183165674660759	-0.16851334	-0.80227005	-0.19293556
183165682160759	-0.16607112	-0.78273225	-0.19171445
183165689660759	-0.19904111	-0.75953114	-0.17706113
183165697160759	-0.2295689	-0.7338878	-0.17950334
183165704660759	-0.26376	-0.70580226	-0.18194556
183165712160759	-0.27475002	-0.68260115	-0.17584
183165719660759	-0.2735289	-0.6581789	-0.16973445
183165727160759	-0.25277	-0.6386411	-0.18683001
183165734660759	-0.23811668	-0.62154555	-0.18927222
183165742160759	-0.21980001	-0.6056711	-0.1856089
183165810038207	-0.18805112	-0.59468114	-0.19904111
183165757160759	-0.14042778	-0.58979666	-0.21125223
183165764660759	-0.10867889	-0.5788067	-0.21247335
183165772160759	-0.10867889	-0.56171113	-0.20881
183165779660759	-0.10379445	-0.54950005	-0.1965989
183165787160759	-0.078151114	-0.5226356	-0.20026223
183165794660759	-0.029306669	-0.49455002	-0.21491556
183165802160759	-0.013432222	-0.4713489	-0.20514667
183165809660759	-0.03052778	-0.44326335	-0.18072446
183165817160759	-0.057392225	-0.41151446	-0.17217667
183165824660759	-0.068382226	-0.38709223	-0.15508112
183165832160759	-0.06960334	-0.35168	-0.14287001
183165839660759	-0.06227667	-0.3162678	-0.13554333
183165847160759	-0.047623336	-0.2820767	-0.12211112
183165854660759	-0.02075889	-0.25521225	-0.11966889
183165862160759	-0.0024422223	-0.22712667	-0.10745778
183165869660759	0.0012211112	-0.19537778	-0.10135223
183165877160759	-0.0048844446	-0.16607112	-0.085477784
183165979305707	-0.009768889	-0.13310112	-0.06960334
183165986805707	-0.014653334	-0.106236674	-0.070824444
183165994305707	-0.029306669	-0.08059334	-0.05617111
183166001805707	-0.03174889	-0.054950003	-0.03297
183166009305707	-0.018316668	-0.034191113	-0.026864445
183166016805707	-0.009768889	-0.007326667	-0.028085556
183166024305707	0.0012211112	0.015874445	-0.012211111
183166031805707	0.023201112	0.04396	0.0036633336
183166039305707	0.037854444	0.06960334	-0.0012211112
183166046805707	0.037854444	0.09524667	0.01099
183166054305707	0.04151778	0.12455334	0.028085556
183166082202894	0.036633335	0.1526389	0.034191113
183166069305707	0.047623336	0.17950334	0.037854444
183166076805707	0.06227667	0.20636779	0.029306669
183166084305707	0.08059334	0.2295689	0.04151778
183166091805707	0.091583334	0.25643334	0.05006556
183166099305707	0.09768889	0.27841336	0.04151778
183166106805707	0.09524667	0.30039334	0.04396
183166114305707	0.098910004	0.32359445	0.046402223
183166121805707	0.117226675	0.3394689	0.05617111
183166129305707	0.14531223	0.3602278	0.05617111
183166178316019	0.16729222	0.37610224	0.048844445
183166144305707	0.18438779	0.3858711	0.04396
183166200067113	0.18072446	0.3944189	0.054950003
183166159305707	0.16362889	0.4041878	0.06594
183166166805707	0.14897557	0.41273558	0.07570889
183166174305707	0.14897557	0.4249467	0.070824444
183166181805707	0.14531223	0.43960002	0.08792
183166189305707	0.14775445	0.45303226	0.102573335
183166196805707	0.15019667	0.46768558	0.091583334
183166204305707	0.14775445	0.47745445	0.10013112
183166211805707	0.123332225	0.4908867	0.10867889
183166219305707	0.102573335	0.49821335	0.11112112
183166226805707	0.09402556	0.50554	0.109900005
183166234305707	0.08669889	0.5104245	0.12577444
183166241805707	0.08792	0.5128667	0.117226675
183166249305707	0.10013112	0.5140878	0.106236674
183166256805707	0.11600556	0.51164556	0.10379445
183166346045706	0.12943779	0.50676113	0.11478445
183166271805707	0.12699556	0.5043189	0.117226675
183166366663050	0.12089001	0.5018767	0.10745778
183166373004144	0.12211112	0.49943447	0.106236674
183166294305707	0.12821667	0.4933289	0.11356334
183166301805707	0.123332225	0.4933289	0.098910004
183166309305707	0.10745778	0.49455002	0.09768889
183166409394613	0.09646778	0.4908867	0.109900005
183166416894613	0.09280445	0.4823389	0.11234222
183166424394613	0.091583334	0.47501224	0.11844778
183166431894613	0.089141116	0.46158	0.11600556
183166439394613	0.07693	0.4566956	0.106236674
183166446894613	0.08303556	0.45059	0.11234222
183166454394613	0.09280445	0.4371578	0.109900005
183166461894613	0.09280445	0.4261678	0.11356334
183166469394613	0.10135223	0.41029334	0.11234222
183166476894613	0.10501556	0.40052447	0.11112112
183166484394613	0.10379445	0.38831335	0.10745778
183166491894613	0.09646778	0.37610224	0.09646778
183166499394613	0.07570889	0.36755446	0.09646778
183166506894613	0.045181114	0.3614489	0.106236674
183166514394613	0.02075889	0.34557447	0.10013112
183166521894613	0.025643334	0.32481557	0.09036223
183166529394613	0.024422223	0.3052778	0.08792
183166536894613	0.03052778	0.2820767	0.085477784
183166544394613	0.039075557	0.25887558	0.07570889
183166551894613	0.035412222	0.23933779	0.070824444
183166599521956	0.02075889	0.21613668	0.078151114
183166566894613	0.017095556	0.19415668	0.07204556
183166623154508	0.018316668	0.16362889	0.07570889
183166631790186	0.0061055557	0.14042778	0.08792
183166589394613	-0.014653334	0.11966889	0.09036223
183166596894613	-0.026864445	0.10135223	0.09524667
183166604394613	-0.018316668	0.081814446	0.10013112
183166674835915	-0.024422223	0.06349778	0.09036223
183166682105029	-0.05372889	0.051286668	0.08425667
183166693454508	-0.05006556	0.03052778	0.085477784
183166701266696	-0.037854444	0.014653334	0.09646778
183166712111436	-0.035412222	0.0	0.08669889
183166649394613	-0.04396	-0.0061055557	0.081814446
183166656894613	-0.039075557	-0.015874445	0.08425667
183166664394613	-0.035412222	-0.024422223	0.091583334
183166671894613	-0.023201112	-0.035412222	0.07937223
183166679394613	0.008547778	-0.054950003	0.08303556
183166686894613	0.036633335	-0.06716111	0.07570889
183166694394613	0.07570889	-0.08303556	0.06716111
183166701894613	0.10013112	-0.09646778	0.054950003
183166796751019	0.09646778	-0.098910004	0.047623336
183166805944769	0.09402556	-0.09646778	0.051286668
183166814975342	0.11600556	-0.09402556	0.05617111
183166827238519	0.15630223	-0.08792	0.051286668
183166834738519	0.18805112	-0.07448778	0.046402223
183166842238519	0.1965989	-0.05250778	0.045181114
183166849738519	0.17950334	-0.023201112	0.034191113
183166866873206	0.15386	0.015874445	0.024422223
183166874938571	0.15019667	0.05617111	0.0
183166884111175	0.14287001	0.10135223	-0.025643334
183166899111175	0.15752333	0.1856089	-0.07693
183166894738519	0.17217667	0.21613668	-0.09646778
183166902238519	0.17584	0.22590557	-0.09036223
183166925789977	0.17828223	0.22346334	-0.07448778
183166917238519	0.17584	0.21247335	-0.05372889
183166924738519	0.15752333	0.20026223	-0.014653334
183166932238519	0.10745778	0.1856089	0.036633335
183166939738519	0.04029667	0.18438779	0.08059334
183166947238519	-0.03052778	0.19171445	0.11478445
183166987939144	-0.070824444	0.20514667	0.14531223
183166999331904	-0.08059334	0.22224224	0.16729222
183166969738519	-0.06105556	0.24666445	0.17950334
183167018215810	-0.07326667	0.27963445	0.18683001
183167030495758	-0.06227667	0.30283555	0.1856089
183167036764196	-0.037854444	0.33458444	0.17706113
183167049922217	-0.02198	0.36633334	0.16485001
183167007238519	-0.046402223	0.39808223	0.16362889
183167069986227	-0.06105556	0.45425335	0.12821667
183167029738519	-0.059834447	0.47623336	0.11478445
183167037238519	-0.06105556	0.48111778	0.102573335
183167044738519	-0.05372889	0.48356003	0.08792
183167052238519	-0.04029667	0.47379112	0.10135223
183167059738519	-0.03297	0.46524334	0.11600556
183167067238519	-0.02075889	0.46280113	0.11356334
183167074738519	-0.008547778	0.45791668	0.10135223
183167082238519	0.0	0.45425335	0.10867889
183167089738519	-0.008547778	0.44448447	0.10867889
183167097238519	-0.017095556	0.42861003	0.11356334
183167104738519	-0.024422223	0.39930335	0.12577444
183167112238519	-0.034191113	0.37732336	0.14042778
183167119738519	-0.026864445	0.3492378	0.14042778
183167211181071	-0.0048844446	0.3284789	0.14409111
183167134738519	0.02075889	0.30039334	0.15141778
183167142238519	0.03297	0.2759711	0.15996556
183167149738519	0.05372889	0.24544334	0.15996556
183167157238519	0.058613338	0.21247335	0.15630223
183167164738519	0.036633335	0.18438779	0.16118668
183167268788154	-0.0024422223	0.16118668	0.16485001
183167274921644	-0.023201112	0.14287001	0.16485001
183167282421644	-0.012211111	0.13798556	0.14531223
183167289921644	0.0036633336	0.14531223	0.102573335
183167297421644	0.0061055557	0.14775445	0.064718895
183167304921644	-0.008547778	0.15630223	0.039075557
183167312421644	-0.02198	0.16118668	0.007326667
183167319921644	-0.019537779	0.15752333	-0.024422223
183167327421644	-0.013432222	0.14775445	-0.04029667
183167334921644	-0.0048844446	0.12943779	-0.057392225
183167342421644	0.035412222	0.098910004	-0.07448778
183167349921644	0.07326667	0.07326667	-0.048844445
183167357421644	0.08059334	0.04396	-0.028085556
183167364921644	0.04029667	0.02198	-0.014653334
183167372421644	-0.028085556	0.0036633336	0.015874445
183167379921644	-0.106236674	-0.012211111	0.047623336
183167387421644	-0.14287001	-0.03174889	0.070824444
183167394921644	-0.14409111	-0.05372889	0.06960334
183167402421644	-0.13554333	-0.06227667	0.07448778
183167409921644	-0.14775445	-0.070824444	0.070824444
183167417421644	-0.117226675	-0.081814446	0.046402223
183167424921644	-0.02198	-0.091583334	0.012211111
183167432421644	0.07937223	-0.09646778	-0.008547778
183167439921644	0.12455334	-0.102573335	-0.034191113
183167447421644	0.11234222	-0.102573335	-0.06594
183167454921644	0.07937223	-0.10379445	-0.09280445
183167462421644	0.06349778	-0.12699556	-0.102573335
183167469921644	0.06960334	-0.16362889	-0.10501556
183167477421644	0.09402556	-0.1965989	-0.106236674
183167484921644	0.12699556	-0.22102112	-0.117226675
183167492421644	0.15996556	-0.24178001	-0.1306589
183167499921644	0.17217667	-0.25277	-0.12699556
183167507421644	0.18316667	-0.26620224	-0.12699556
183167514921644	0.18194556	-0.27108666	-0.12211112
183167522421644	0.17339778	-0.26864445	-0.13310112
183167529921644	0.14409111	-0.2625389	-0.13676445
183167537421644	0.11478445	-0.2503278	-0.13798556
183167544921644	0.10013112	-0.23323223	-0.13554333
183167552421644	0.11112112	-0.21980001	-0.14409111
183167559921644	0.11844778	-0.19782001	-0.14531223
183167567421644	0.12089001	-0.17339778	-0.13432223
183167574921644	0.10745778	-0.15508112	-0.1306589
183167671101748	0.08059334	-0.14164889	-0.13432223
183167674705029	0.045181114	-0.11966889	-0.13676445
183167688962946	0.026864445	-0.09524667	-0.12943779
183167705569873	0.039075557	-0.08303556	-0.12699556
183167708976331	0.035412222	-0.064718895	-0.12455334
183167714737321	0.035412222	-0.05250778	-0.13432223
183167727586643	0.047623336	-0.04029667	-0.13310112
183167742586643	0.085477784	-0.039075557	-0.13188
183167757586643	0.06716111	-0.042738892	-0.12455334
183167752237321	0.023201112	-0.045181114	-0.10867889
183167759737321	-0.0048844446	-0.05617111	-0.109900005
183167767237321	0.007326667	-0.06105556	-0.109900005
183167774737321	0.036633335	-0.07204556	-0.10867889
183167782237321	0.05372889	-0.07448778	-0.10745778
183167815478362	0.05617111	-0.07204556	-0.09646778
183167797237321	0.08059334	-0.06960334	-0.09524667
183167833210133	0.058613338	-0.059834447	-0.08669889
183167843849820	-0.008547778	-0.048844445	-0.07570889
183167819737321	-0.08792	-0.03297	-0.042738892
183167827237321	-0.11478445	-0.014653334	-0.03052778
183167834737321	-0.123332225	0.0	-0.047623336
183167842237321	-0.11478445	0.0	-0.04029667
183167889238050	-0.09036223	0.0012211112	-0.02075889
183167902487320	-0.06960334	0.0	-0.02075889
183167908428883	-0.07570889	-0.009768889	-0.009768889
183167922985289	-0.08669889	-0.013432222	0.008547778
183167929813779	-0.09768889	-0.014653334	0.015874445
183167887237321	-0.08669889	-0.017095556	0.02075889
183167894737321	-0.058613338	-0.02075889	0.015874445
183167902237321	-0.029306669	-0.02198	0.0061055557
183167909737321	-0.0048844446	-0.013432222	0.0036633336
183167917237321	0.009768889	-0.008547778	-0.0024422223
183167986319560	0.03174889	-0.008547778	-0.012211111
183167999691018	0.036633335	-0.0036633336	-0.0036633336
183167939737321	0.014653334	0.008547778	-0.007326667
183168019276487	-0.007326667	0.019537779	0.0
183168027342633	-0.017095556	0.02198	0.007326667
183168033057477	-0.019537779	0.028085556	0.01099
183168046436748	-0.036633335	0.03052778	0.0036633336
183167977237321	-0.036633335	0.028085556	0.014653334
183167984737321	-0.017095556	0.03052778	0.013432222
183167992237321	0.0024422223	0.023201112	-0.0024422223
183168079032477	0.0061055557	0.015874445	0.014653334
183168092715654	0.02075889	0.0012211112	0.014653334
183168103511852	0.023201112	-0.009768889	0.017095556
183168112261070	-0.0061055557	-0.019537779	0.03174889
183168124787372	-0.023201112	-0.025643334	0.039075557
183168132348622	-0.014653334	-0.029306669	0.04151778
183168143284143	-0.012211111	-0.034191113	0.06227667
183168152943258	-0.03174889	-0.035412222	0.064718895
183168154787372	-0.034191113	-0.037854444	0.064718895
183168175332372	-0.012211111	-0.023201112	0.078151114
183168177287372	-0.028085556	-0.009768889	0.070824444
183168184787372	-0.042738892	0.0061055557	0.059834447
183168192287372	-0.047623336	0.014653334	0.06594
183168199787372	-0.04029667	0.02198	0.054950003
183168226488154	-0.029306669	0.026864445	0.047623336
183168237129039	-0.025643334	0.035412222	0.046402223
183168247851175	-0.04029667	0.04151778	0.04396
183168252516018	-0.048844445	0.045181114	0.04029667
183168237287372	-0.05617111	0.047623336	0.035412222
183168244787372	-0.057392225	0.04396	0.029306669
183168252287372	-0.04029667	0.04151778	0.029306669
183168259787372	-0.019537779	0.034191113	0.028085556
183168267287372	-0.0061055557	0.025643334	0.023201112
183168274787372	0.014653334	0.018316668	0.012211111
183168282287372	0.048844445	0.014653334	0.0048844446
183168289787372	0.068382226	0.0061055557	-0.0036633336
183168297287372	0.06594	0.0	-0.008547778
183168304787372	0.06105556	-0.0024422223	-0.013432222
183168312287372	0.06105556	0.0	-0.0024422223
183168319787372	0.046402223	0.0036633336	-0.0061055557
183168378908310	0.04151778	0.0036633336	-0.013432222
183168334787372	0.035412222	-0.0024422223	-0.014653334
183168342287372	0.03297	-0.0036633336	-0.01099
183168349787372	0.04151778	-0.0061055557	-0.013432222
183168357287372	0.05006556	-0.015874445	-0.02198
183168364787372	0.045181114	-0.014653334	-0.025643334
183168372287372	0.047623336	-0.012211111	-0.023201112
183168379787372	0.045181114	-0.0061055557	-0.029306669
183168387287372	0.042738892	-0.0012211112	-0.03174889
183168394787372	0.023201112	0.007326667	-0.03174889
183168402287372	0.0061055557	0.01099	-0.034191113
183168409787372	-0.0012211112	0.009768889	-0.026864445
183168417287372	-0.0048844446	0.013432222	-0.026864445
183168424787372	0.013432222	0.015874445	-0.026864445
183168432287372	0.039075557	0.013432222	-0.039075557
183168439787372	0.046402223	0.012211111	-0.046402223
183168447287372	0.04151778	0.013432222	-0.047623336
183168454787372	0.046402223	0.0061055557	-0.05250778
183168462287372	0.04029667	-0.0012211112	-0.058613338
183168562978831	0.018316668	-0.0036633336	-0.059834447
183168570478831	0.009768889	-0.009768889	-0.048844445
183168577978831	0.02198	-0.01099	-0.035412222
183168585478831	0.028085556	-0.01099	-0.04029667
183168592978831	0.023201112	-0.009768889	-0.036633335
183168600478831	0.02075889	-0.008547778	-0.03297
183168607978831	0.028085556	-0.007326667	-0.024422223
183168615478831	0.028085556	-0.0061055557	-0.02198
183168622978831	0.02198	0.0012211112	-0.039075557
183168630478831	0.019537779	0.0061055557	-0.036633335
183168637978831	0.01099	0.014653334	-0.02198
183168645478831	0.0036633336	0.019537779	-0.02075889
183168652978831	0.0036633336	0.017095556	-0.024422223
183168660478831	0.0024422223	0.015874445	-0.019537779
183168667978831	0.0061055557	0.015874445	-0.024422223
183168675478831	0.024422223	0.009768889	-0.023201112
183168682978831	0.028085556	0.008547778	-0.023201112
183168690478831	0.02198	0.013432222	-0.03297
183168697978831	0.013432222	0.014653334	-0.035412222
183168705478831	0.008547778	0.017095556	-0.025643334
183168757808883	0.0036633336	0.015874445	-0.026864445
183168720478831	0.013432222	0.008547778	-0.03174889
183168727978831	0.012211111	0.0048844446	-0.024422223
183168735478831	0.009768889	-0.0036633336	-0.017095556
183168742978831	0.018316668	-0.01099	-0.024422223
183168750478831	0.03297	-0.014653334	-0.029306669
183168757978831	0.03297	-0.015874445	-0.02075889
183168765478831	0.03174889	-0.014653334	-0.02075889
183168772978831	0.037854444	-0.007326667	-0.019537779
183168780478831	0.039075557	-0.0024422223	-0.009768889
183168787978831	0.03052778	0.0061055557	-0.014653334
183168795478831	0.014653334	0.013432222	-0.01099
183168869369664	0.008547778	0.019537779	-0.0024422223
183168878569195	0.015874445	0.023201112	0.0024422223
183168817978831	0.008547778	0.025643334	0.0024422223
183168825478831	0.012211111	0.029306669	0.0048844446
183168907267424	0.0	0.035412222	0.01099
183168915684508	0.0	0.036633335	0.008547778
183168926764508	0.01099	0.04151778	0.0048844446
183168939414091	0.018316668	0.047623336	0.0012211112
183168948586799	0.026864445	0.051286668	-0.0048844446
183168870478831	0.026864445	0.057392225	-0.0012211112
183168877978831	0.025643334	0.058613338	-0.0024422223
183168885478831	0.018316668	0.07204556	-0.0048844446
183168892978831	0.017095556	0.07204556	0.0048844446
183168993372841	0.015874445	0.07448778	0.0036633336
183169000872841	0.018316668	0.07937223	-0.0061055557
183169008372841	0.037854444	0.081814446	-0.0036633336
183169015872841	0.05617111	0.08792	-0.007326667
183169023372841	0.06227667	0.09646778	-0.01099
183169030872841	0.05617111	0.10013112	0.0024422223
183169038372841	0.04151778	0.10867889	0.008547778
183169062439612	0.03174889	0.117226675	0.0036633336
183169076027737	0.047623336	0.123332225	-0.0012211112
183169081631435	0.046402223	0.12943779	0.009768889
183169094896383	0.035412222	0.13188	0.01099
183169102531122	0.03297	0.13920668	0.017095556
183169112842112	0.04029667	0.14164889	0.02198
183169121085705	0.05372889	0.14531223	0.019537779
183169136085705	0.07448778	0.16729222	0.019537779
183169113372841	0.089141116	0.17339778	0.008547778
183169120872841	0.09280445	0.17339778	0.007326667
183169128372841	0.07693	0.18316667	0.01099
183169135872841	0.08303556	0.18805112	0.0061055557
183169143372841	0.09768889	0.18805112	-0.0036633336
183169150872841	0.10745778	0.18805112	-0.0012211112
183169158372841	0.09280445	0.19171445	-0.008547778
183169165872841	0.078151114	0.19782001	0.0024422223
183169173372841	0.06960334	0.20270446	0.009768889
183169180872841	0.06105556	0.20881	0.01099
183169188372841	0.06960334	0.21369445	0.018316668
183169257202997	0.08059334	0.21369445	0.018316668
183169263914195	0.08303556	0.2185789	0.02198
183169278914195	0.059834447	0.2295689	0.03052778
183169225872841	0.047623336	0.23689556	0.03174889
183169309841018	0.047623336	0.24422224	0.045181114
183169248372841	0.048844445	0.2503278	0.047623336
183169255872841	0.058613338	0.25399113	0.04029667
183169263372841	0.07204556	0.25277	0.023201112
183169270872841	0.070824444	0.25277	0.029306669
183169278372841	0.068382226	0.2503278	0.03052778
183169285872841	0.068382226	0.24422224	0.026864445
183169293372841	0.07326667	0.23811668	0.024422223
183169300872841	0.08792	0.23567446	0.034191113
183169308372841	0.081814446	0.22712667	0.028085556
183169315872841	0.078151114	0.2283478	0.026864445
183169323372841	0.07448778	0.2295689	0.035412222
183169427584455	0.06594	0.23567446	0.04029667
183169435084455	0.06349778	0.23323223	0.026864445
183169442584455	0.06594	0.23323223	0.03174889
183169462718882	0.057392225	0.22346334	0.023201112
183169465084455	0.05617111	0.22346334	0.018316668
183169482097893	0.039075557	0.22712667	0.02075889
183169480084455	0.034191113	0.22712667	0.029306669
183169487584455	0.05250778	0.22712667	0.018316668
183169515983778	0.06105556	0.2283478	0.025643334
183169525474195	0.045181114	0.23201112	0.025643334
183169510084455	0.03174889	0.23079	0.024422223
183169517584455	0.04029667	0.23201112	0.03052778
183169525084455	0.05372889	0.22468445	0.03052778
183169532584455	0.068382226	0.21613668	0.02075889
183169566715132	0.07448778	0.21003112	0.015874445
183169580791174	0.064718895	0.20636779	0.02198
183169595791174	0.048844445	0.20026223	0.012211111
183169570084455	0.04396	0.19537778	0.019537779
183169577584455	0.037854444	0.18927222	0.029306669
183169585084455	0.037854444	0.18194556	0.009768889
183169592584455	0.047623336	0.17584	0.0024422223
183169647195601	0.06594	0.16729222	0.024422223
183169607584455	0.06716111	0.15874445	0.025643334
183169615084455	0.05617111	0.15141778	0.008547778
183169680930653	0.05006556	0.14897557	0.0061055557
183169687298778	0.047623336	0.14531223	0.017095556
183169637584455	0.034191113	0.14287001	0.0061055557
183169705186122	0.02075889	0.13432223	-0.0048844446
183169715618205	0.026864445	0.12699556	0.007326667
183169720868153	0.034191113	0.117226675	0.0
183169735868153	0.037854444	0.109900005	-0.0048844446
183169742512736	0.03174889	0.10135223	-0.01099
183169682584455	0.035412222	0.089141116	0.0012211112
183169766316070	0.029306669	0.078151114	0.008547778
183169697584455	0.018316668	0.07204556	-0.0061055557
183169705084455	0.009768889	0.06227667	-0.007326667
183169792347632	0.0	0.04396	-0.0024422223
183169803235549	-0.007326667	0.036633335	-0.01099
183169812771434	-0.019537779	0.023201112	-0.017095556
183169822334663	-0.025643334	0.007326667	-0.014653334
183169831056278	-0.028085556	-0.0061055557	-0.017095556
183169750084455	-0.019537779	-0.024422223	-0.009768889
183169851317268	-0.0036633336	-0.042738892	-0.025643334
183169858817268	-0.0048844446	-0.06105556	-0.023201112
183169866317268	-0.03174889	-0.07448778	-0.014653334
183169873817268	-0.045181114	-0.09524667	-0.026864445
183169881317268	-0.058613338	-0.11478445	-0.03297
183169888817268	-0.07326667	-0.14042778	-0.028085556
183169896317268	-0.07937223	-0.16118668	-0.034191113
183169903817268	-0.091583334	-0.18194556	-0.03297
183169911317268	-0.09768889	-0.20392556	-0.037854444
183169918817268	-0.11234222	-0.22102112	-0.042738892
183169926317268	-0.11600556	-0.24666445	-0.04396
183169933817268	-0.10135223	-0.26864445	-0.05250778
183169941317268	-0.07326667	-0.29795113	-0.058613338
183169948817268	-0.070824444	-0.32359445	-0.06594
183169956317268	-0.09646778	-0.3492378	-0.070824444
183169963817268	-0.12089001	-0.36755446	-0.06716111
183169971317268	-0.12577444	-0.38831335	-0.07326667
183170021458205	-0.13188	-0.43105224	-0.09768889
183169993817268	-0.13920668	-0.4591378	-0.091583334
183170001317268	-0.13798556	-0.4933289	-0.09402556
183170008817268	-0.14287001	-0.52752	-0.10379445
183170016317268	-0.14775445	-0.56049	-0.11112112
183170023817268	-0.14531223	-0.59468114	-0.109900005
183170031317268	-0.14897557	-0.62643003	-0.10745778
183170038817268	-0.16607112	-0.6557367	-0.11112112
183170046317268	-0.21735778	-0.6801589	-0.11112112
183170053817268	-0.26620224	-0.6984756	-0.109900005
183170061317268	-0.29184556	-0.71435004	-0.10501556
183170068817268	-0.28329778	-0.7351089	-0.10501556
183170076317268	-0.29795113	-0.74976224	-0.10501556
183170083817268	-0.29795113	-0.7717422	-0.11112112
183170091317268	-0.3309211	-0.7815111	-0.10867889
183170098817268	-0.3504589	-0.79616445	-0.117226675
183170106317268	-0.38465002	-0.7986067	-0.098910004
183170113817268	-0.35778558	-0.81448114	-0.10501556
183170121317268	-0.37488112	-0.8205867	-0.10745778
183170128817268	-0.42006224	-0.82547116	-0.12089001
183170136317268	-0.46402225	-0.63742	-0.037854444
183170143817268	-0.24422224	-0.89385337	-0.03174889
183170151317268	-0.22346334	-0.7448778	-0.13188
183170158817268	-0.23689556	-0.77052116	-0.14531223
183170166317268	-0.22346334	-0.8181445	-0.102573335
183170173817268	-0.27963445	-0.7937223	-0.1306589
183170181317268	-0.36877558	-0.80227005	-0.16240779
183170283631278	-0.37488112	-0.81081784	-0.15019667
183170290550497	-0.3052778	-0.8181445	-0.15630223
183170298050497	-0.23323223	-0.8266923	-0.1746189
183170305550497	-0.22468445	-0.82547116	-0.17950334
183170313050497	-0.26742333	-0.82547116	-0.18316667
183170320550497	-0.32481557	-0.81936556	-0.16607112
183170328050497	-0.35168	-0.8095967	-0.15874445
183170335550497	-0.35290113	-0.80104893	-0.16607112
183170343050497	-0.34435335	-0.7949434	-0.17950334
183170350550497	-0.34069002	-0.79128003	-0.17828223
183170358050497	-0.3260367	-0.79128003	-0.17095557
183170365550497	-0.29917222	-0.7888378	-0.18194556
183170373050497	-0.30405667	-0.78273225	-0.18683001
183170408563830	-0.30039334	-0.76930004	-0.18683001
183170395550497	-0.3162678	-0.7570889	-0.18805112
183170403050497	-0.32725778	-0.74609894	-0.20148334
183170410550497	-0.32115224	-0.7387723	-0.20392556
183170418050497	-0.2869611	-0.7302245	-0.21125223
183170470939299	-0.1965989	-0.71801335	-0.23201112
183170440550497	-0.17095557	-0.7106867	-0.23201112
183170487055132	-0.16729222	-0.6874856	-0.24055889
183170455550497	-0.18683001	-0.6679478	-0.23323223
183170463050497	-0.21369445	-0.64108336	-0.22590557
183170470550497	-0.22468445	-0.6203245	-0.22102112
183170478050497	-0.22346334	-0.6020078	-0.21125223
183170485550497	-0.20148334	-0.58613336	-0.20026223
183170493050497	-0.17339778	-0.5653745	-0.19171445
183170561410080	-0.14653334	-0.5458367	-0.18927222
183170572409872	-0.14775445	-0.5287411	-0.18072446
183170581839559	-0.17950334	-0.5104245	-0.16485001
183170591351174	-0.19537778	-0.48600224	-0.1526389
183170599756017	-0.19415668	-0.46280113	-0.14409111
183170610864299	-0.19171445	-0.43227336	-0.14287001
183170619419559	-0.17584	-0.40663	-0.13432223
183170628724767	-0.15630223	-0.3809867	-0.11600556
183170560550497	-0.12577444	-0.35900667	-0.11234222
183170568050497	-0.10379445	-0.33336335	-0.102573335
183170575550497	-0.10135223	-0.31016225	-0.09280445
183170666060392	-0.10867889	-0.2845189	-0.07693
183170672584507	-0.12821667	-0.26009667	-0.08059334
183170598050497	-0.13432223	-0.23811668	-0.07693
183170605550497	-0.11356334	-0.22224224	-0.06594
183170613050497	-0.081814446	-0.1965989	-0.057392225
183170713921799	-0.046402223	-0.17828223	-0.06716111
183170721421799	-0.009768889	-0.16240779	-0.068382226
183170728921799	0.017095556	-0.13798556	-0.058613338
183170736421799	0.025643334	-0.11234222	-0.06227667
183170743921799	0.025643334	-0.09036223	-0.045181114
183170751421799	0.018316668	-0.059834447	-0.03174889
183170758921799	0.02075889	-0.028085556	-0.029306669
183170766421799	0.037854444	0.0	-0.024422223
183170773921799	0.05372889	0.018316668	-0.014653334
183170781421799	0.06349778	0.035412222	-0.017095556
183170788921799	0.06716111	0.054950003	-0.01099
183170796421799	0.054950003	0.081814446	0.0048844446
183170803921799	0.046402223	0.10379445	0.014653334
183170811421799	0.05006556	0.13188	0.023201112
183170818921799	0.057392225	0.15996556	0.024422223
183170826421799	0.081814446	0.19171445	0.028085556
183170833921799	0.09646778	0.22102112	0.034191113
183170841421799	0.10013112	0.23933779	0.037854444
183170848921799	0.10379445	0.25887558	0.039075557
183170856421799	0.09402556	0.2845189	0.042738892
183170863921799	0.09524667	0.31016225	0.051286668
183170871421799	0.08792	0.34191114	0.05617111
183170878921799	0.07937223	0.36267	0.057392225
183170886421799	0.07326667	0.37976557	0.068382226
183170893921799	0.08425667	0.4041878	0.07570889
183170901421799	0.11356334	0.4273889	0.06716111
183170908921799	0.14531223	0.44082114	0.064718895
183170916421799	0.17828223	0.45425335	0.068382226
183170923921799	0.20148334	0.46524334	0.06227667
183170931421799	0.2185789	0.4701278	0.070824444
183170938921799	0.22468445	0.4823389	0.06105556
183170946421799	0.24300112	0.48600224	0.068382226
183170953921799	0.24788557	0.49943447	0.07204556
183170961421799	0.24178001	0.51775116	0.059834447
183170968921799	0.23323223	0.52752	0.068382226
183170976421799	0.26620224	0.5372889	0.06716111
183170983921799	0.2942878	0.5458367	0.059834447
183170991421799	0.31260446	0.54339445	0.057392225
183170998921799	0.3309211	0.5458367	0.05372889
183171006421799	0.30283555	0.5556056	0.06960334
183171013921799	0.3052778	0.5470578	0.07693
183171021421799	0.29062447	0.5556056	0.07326667
183171028921799	0.2625389	0.5580478	0.07204556
183171132823465	0.22468445	0.5556056	0.078151114
183171138759819	0.19415668	0.55438447	0.08669889
183171146259819	0.18072446	0.55438447	0.098910004
183171153759819	0.15630223	0.5641534	0.09524667
183171161259819	0.1306589	0.5678167	0.10135223
183171168759819	0.14287001	0.5678167	0.106236674
183171176259819	0.18072446	0.5568267	0.09768889
183171183759819	0.21613668	0.5421733	0.09036223
183171191259819	0.21613668	0.5324045	0.085477784
183171198759819	0.19049335	0.51164556	0.09768889
183171206259819	0.16118668	0.4921078	0.106236674
183171213759819	0.12943779	0.4713489	0.10745778
183171221259819	0.10501556	0.44448447	0.11844778
183171228759819	0.10867889	0.42372558	0.13554333
183171236259819	0.098910004	0.40540892	0.117226675
183171243759819	0.06594	0.3944189	0.12211112
183171251259819	0.04396	0.38709223	0.13188
183171258759819	0.051286668	0.37488112	0.13432223
183171266259819	0.058613338	0.35412225	0.12211112
183171273759819	0.04396	0.33336335	0.11966889
183171281259819	0.028085556	0.31138334	0.11600556
183171288759819	0.04151778	0.2955089	0.11234222
183171339325913	0.05617111	0.27108666	0.10501556
183171349879298	0.045181114	0.25399113	0.109900005
183171311259819	0.015874445	0.23689556	0.11112112
183171318759819	0.014653334	0.22102112	0.10867889
183171326259819	0.017095556	0.20881	0.106236674
183171443145288	0.009768889	0.19415668	0.106236674
183171444251486	-0.025643334	0.18927222	0.10135223
183171445574194	-0.036633335	0.18805112	0.09280445
183171453074194	-0.015874445	0.1746189	0.08669889
183171454933986	0.018316668	0.1526389	0.07937223
183171455495757	0.04396	0.12943779	0.07204556
183171462995757	0.06227667	0.10379445	0.07204556
183171465800027	0.068382226	0.07937223	0.08669889
183171473300027	0.07693	0.06227667	0.098910004
183171475860392	0.085477784	0.05617111	0.102573335
183171483360392	0.081814446	0.06349778	0.106236674
183171493417215	0.08792	0.078151114	0.09646778
183171504367788	0.102573335	0.09402556	0.09036223
183171505860392	0.12211112	0.12089001	0.068382226
183171513360392	0.16362889	0.14531223	0.046402223
183171538252215	0.18072446	0.22590557	-0.02198
183171553252215	0.16485001	0.23933779	-0.03052778
183171550860392	0.15141778	0.25277	-0.03174889
183171558360392	0.12577444	0.25521225	-0.024422223
183171565860392	0.10501556	0.25521225	-0.0061055557
183171573360392	0.078151114	0.24788557	0.013432222
183171580860392	0.047623336	0.23811668	0.05250778
183171588360392	0.007326667	0.23689556	0.098910004
183171595860392	-0.028085556	0.23811668	0.13310112
183171603360392	-0.05372889	0.2503278	0.16973445
183171610860392	-0.07326667	0.26009667	0.19537778
183171618360392	-0.09524667	0.26742333	0.21491556
183171625860392	-0.10501556	0.27963445	0.23811668
183171633360392	-0.109900005	0.30283555	0.25399113
183171640860392	-0.11234222	0.32115224	0.26376
183171648360392	-0.10867889	0.34069002	0.27108666
183171655860392	-0.10745778	0.36511225	0.26742333
183171663360392	-0.11478445	0.38709223	0.26498112
183171670860392	-0.12699556	0.39930335	0.2515489
183171678360392	-0.10135223	0.40907225	0.2295689
183171685860392	-0.06227667	0.40785113	0.2075889
183171693360392	-0.034191113	0.4163989	0.18438779
183171700860392	-0.009768889	0.4261678	0.16851334
183171708360392	0.007326667	0.42983112	0.15630223
183171715860392	0.019537779	0.4359367	0.14531223
183171723360392	0.029306669	0.4371578	0.13432223
183171846157059	0.034191113	0.44082114	0.13310112
183171846384142	0.06349778	0.41884112	0.11234222
183171846457371	0.01099	0.41762	0.12577444
183171846535079	-0.05006556	0.4041878	0.1306589
183171860566277	-0.08669889	0.39075556	0.13798556
183171869269663	-0.081814446	0.37976557	0.15508112
183171877411642	-0.05250778	0.35778558	0.15508112
183171892411642	-0.007326667	0.3382478	0.13676445
183171897777579	0.0048844446	0.32359445	0.13188
183171905612684	0.019537779	0.30161446	0.1306589
183171913238413	0.035412222	0.28818223	0.11356334
183171921234559	0.059834447	0.25765446	0.09524667
183171929786954	0.028085556	0.2185789	0.07448778
183171941683048	-0.0012211112	0.19904111	0.07326667
183171929079038	-0.018316668	0.18438779	0.068382226
183171936579038	-0.042738892	0.17584	0.058613338
183171944079038	-0.07326667	0.16729222	0.064718895
183171951579038	-0.070824444	0.15996556	0.06594
183171959079038	-0.039075557	0.15386	0.051286668
183171966579038	-0.037854444	0.1526389	0.036633335
183171974079038	-0.054950003	0.1526389	0.015874445
183171981579038	-0.07448778	0.14653334	0.009768889
183171989079038	-0.08059334	0.14164889	-0.009768889
183171996579038	-0.07937223	0.1306589	-0.03174889
183172004079038	-0.078151114	0.11112112	-0.03297
183172011579038	-0.059834447	0.09402556	-0.04029667
183172019079038	-0.023201112	0.07693	-0.045181114
183172026579038	-0.007326667	0.06960334	-0.05617111
183172034079038	-0.0061055557	0.054950003	-0.05006556
183172108410704	-0.12821667	0.023201112	-0.03297
183172056579038	-0.16729222	-0.007326667	-0.014653334
183172064079038	-0.1306589	-0.036633335	-0.015874445
183172071579038	-0.08669889	-0.06594	-0.024422223
183172079079038	-0.07937223	-0.09524667	-0.029306669
183172086579038	-0.05250778	-0.12089001	-0.03052778
183172094079038	0.0024422223	-0.13798556	-0.042738892
183172175801850	0.068382226	-0.15386	-0.06716111
183172183240704	0.09280445	-0.16851334	-0.085477784
183172194696329	0.10379445	-0.17339778	-0.09402556
183172124079038	0.09402556	-0.18072446	-0.11600556
183172214048100	0.09646778	-0.18316667	-0.12943779
183172224987631	0.098910004	-0.18194556	-0.14042778
183172232727319	0.091583334	-0.17095557	-0.13920668
183172244250079	0.091583334	-0.1526389	-0.12577444
183172251986642	0.10135223	-0.13798556	-0.11112112
183172261217996	0.11844778	-0.12211112	-0.10867889
183172272891173	0.09646778	-0.11112112	-0.098910004
183172278195756	0.06594	-0.117226675	-0.078151114
183172285695756	0.047623336	-0.11356334	-0.070824444
183172293195756	0.04029667	-0.11234222	-0.07693
183172307671954	0.05617111	-0.10379445	-0.07937223
183172314943985	0.102573335	-0.10745778	-0.09280445
183172327234454	0.12821667	-0.102573335	-0.12943779
183172336916798	0.15508112	-0.10135223	-0.13676445
183172348177215	0.16851334	-0.09402556	-0.12943779
183172356270027	0.17584	-0.098910004	-0.15141778
183172366831225	0.18072446	-0.10379445	-0.16485001
183172376368569	0.16607112	-0.10745778	-0.16118668
183172360695756	0.16607112	-0.12089001	-0.15386
183172368195756	0.19171445	-0.12821667	-0.16485001
183172375695756	0.21003112	-0.12455334	-0.16485001
183172383195756	0.2185789	-0.123332225	-0.16973445
183172390695756	0.18927222	-0.117226675	-0.16607112
183172435701017	0.17828223	-0.11478445	-0.16485001
183172445583360	0.15630223	-0.11234222	-0.14287001
183172413195756	0.12943779	-0.106236674	-0.11966889
183172420695756	0.10745778	-0.106236674	-0.109900005
183172428195756	0.070824444	-0.10379445	-0.08303556
183172435695756	0.014653334	-0.09280445	-0.05250778
183172443195756	-0.025643334	-0.08303556	-0.034191113
183172450695756	-0.05006556	-0.06594	-0.023201112
183172458195756	-0.05250778	-0.046402223	-0.018316668
183172465695756	-0.039075557	-0.039075557	-0.018316668
183172473195756	-0.034191113	-0.026864445	-0.013432222
183172480695756	-0.037854444	-0.02198	-0.018316668
183172488195756	-0.035412222	-0.015874445	-0.007326667
183172495695756	-0.03174889	-0.008547778	0.0048844446
183172503195756	-0.018316668	-0.0061055557	0.0012211112
183172510695756	-0.024422223	0.0	-0.0024422223
183172518195756	-0.042738892	-0.0012211112	0.02198
183172525695756	-0.04151778	0.0036633336	0.024422223
183172533195756	-0.028085556	0.0024422223	0.009768889
183172540695756	-0.023201112	0.0	0.018316668
183172548195756	-0.03174889	0.008547778	0.025643334
183172555695756	-0.024422223	0.007326667	0.0061055557
183172563195756	-0.024422223	0.0036633336	0.0061055557
183172570695756	-0.037854444	0.007326667	0.014653334
183172578195756	-0.047623336	0.008547778	0.008547778
183172585695756	-0.042738892	0.0036633336	-0.0036633336
183172593195756	-0.047623336	0.0012211112	0.0
183172600695756	-0.042738892	0.0024422223	0.007326667
183172701206798	-0.03297	0.0061055557	0.008547778
183172708706798	-0.029306669	0.008547778	0.007326667
183172716206798	-0.03052778	0.014653334	0.014653334
183172723706798	-0.034191113	0.017095556	0.018316668
183172731206798	-0.03297	0.024422223	0.02198
183172738706798	-0.05372889	0.034191113	0.028085556
183172746206798	-0.068382226	0.036633335	0.03297
183172753706798	-0.059834447	0.04029667	0.028085556
183172761206798	-0.054950003	0.04396	0.03052778
183172768706798	-0.047623336	0.046402223	0.03174889
183172776206798	-0.018316668	0.0024422223	0.039075557
183172783706798	-0.026864445	0.008547778	0.07326667
183172791206798	-0.0061055557	0.047623336	0.06227667
183172798706798	-0.048844445	0.042738892	0.048844445
183172806206798	-0.045181114	0.0061055557	0.057392225
183172813706798	-0.009768889	-0.0024422223	0.07448778
183172821206798	-0.017095556	0.009768889	0.028085556
183172828706798	-0.026864445	0.0036633336	0.025643334
183172836206798	-0.04151778	-0.0024422223	0.05250778
183172843706798	-0.0048844446	-0.0048844446	0.025643334
183172851206798	0.03297	-0.0048844446	0.012211111
183172858706798	0.04029667	0.0024422223	0.02075889
183172866206798	0.042738892	0.0036633336	-0.0012211112
183172873706798	0.051286668	0.008547778	-0.017095556
183172881206798	0.048844445	0.0048844446	-0.0024422223
183172888706798	0.04396	0.0061055557	0.015874445
183172896206798	0.024422223	0.009768889	0.017095556
183172903706798	-0.014653334	0.015874445	0.025643334
183172911206798	-0.045181114	0.024422223	0.046402223
183172918706798	-0.054950003	0.03052778	0.05006556
183172926206798	-0.058613338	0.036633335	0.042738892
183172933706798	-0.06594	0.039075557	0.046402223
183172941206798	-0.06960334	0.037854444	0.05006556
183172948706798	-0.06716111	0.04029667	0.046402223
183172956206798	-0.06227667	0.04396	0.05372889
183173038427319	-0.06716111	0.047623336	0.042738892
183173043471485	-0.06594	0.04396	0.036633335
183173058035652	-0.06227667	0.04151778	0.04029667
183173065183204	-0.036633335	0.035412222	0.015874445
183172993706798	-0.015874445	0.029306669	0.0036633336
183173001206798	0.007326667	0.02198	-0.012211111
183173008706798	0.025643334	0.012211111	-0.028085556
183173016206798	0.051286668	0.0012211112	-0.02198
183173023706798	0.07937223	-0.0012211112	-0.025643334
183173125271485	0.09402556	-0.0036633336	-0.03297
183173132771485	0.11600556	-0.0048844446	-0.04396
183173140271485	0.098910004	-0.0048844446	-0.05006556
183173147771485	0.06227667	-0.008547778	-0.036633335
183173155271485	0.05617111	-0.01099	-0.035412222
183173162771485	0.059834447	-0.008547778	-0.04396
183173170271485	0.05372889	-0.0012211112	-0.034191113
183173177771485	0.03297	0.0036633336	-0.024422223
183173185271485	0.025643334	0.012211111	-0.024422223
183173192771485	0.03052778	0.015874445	-0.015874445
183173216721121	0.026864445	0.023201112	-0.007326667
183173231721121	0.008547778	0.03052778	-0.014653334
183173222771485	0.034191113	0.029306669	-0.014653334
183173230271485	0.04029667	0.03052778	-0.03297
183173237771485	0.03174889	0.029306669	-0.042738892
183173245271485	0.045181114	0.02198	-0.046402223
183173291283204	0.05617111	0.02198	-0.047623336
183173260271485	0.068382226	0.015874445	-0.06349778
183173267771485	0.078151114	0.0061055557	-0.064718895
183173275271485	0.09280445	-0.007326667	-0.06349778
183173282771485	0.08425667	-0.01099	-0.06227667
183173290271485	0.06105556	-0.013432222	-0.059834447
183173297771485	0.054950003	-0.013432222	-0.048844445
183173305271485	0.046402223	-0.015874445	-0.035412222
183173366033777	0.024422223	-0.008547778	-0.03174889
183173374881850	0.0048844446	-0.0061055557	-0.024422223
183173386103881	0.0012211112	-0.0048844446	-0.013432222
183173392032006	0.0061055557	0.0	-0.012211111
183173342771485	0.0012211112	0.007326667	-0.01099
183173350271485	-0.0036633336	0.013432222	-0.009768889
183173357771485	-0.009768889	0.02198	-0.0012211112
183173365271485	0.0024422223	0.028085556	-0.012211111
183173372771485	0.0036633336	0.026864445	-0.018316668
183173380271485	0.0024422223	0.024422223	-0.01099
183173387771485	0.015874445	0.018316668	-0.02198
183173395271485	0.034191113	0.01099	-0.029306669
183173402771485	0.036633335	0.009768889	-0.026864445
183173410271485	0.039075557	0.007326667	-0.028085556
183173417771485	0.039075557	0.0	-0.026864445
183173425271485	0.03052778	-0.0012211112	-0.029306669
183173432771485	0.015874445	-0.0024422223	-0.029306669
183173440271485	0.008547778	-0.0012211112	-0.017095556
183173447771485	0.015874445	-0.0036633336	-0.015874445
183173554963516	0.029306669	-0.0036633336	-0.023201112
183173556608672	0.039075557	-0.0012211112	-0.018316668
183173564108672	0.037854444	0.0	-0.012211111
183173571608672	0.02198	0.0	-0.019537779
183173579108672	0.014653334	-0.0036633336	-0.012211111
183173586608672	0.01099	0.0036633336	0.0036633336
183173594108672	0.0012211112	0.007326667	0.008547778
183173601608672	-0.0061055557	0.018316668	0.008547778
183173609108672	-0.0024422223	0.023201112	0.01099
183173616608672	-0.0061055557	0.029306669	0.015874445
183173624108672	-0.017095556	0.03052778	0.023201112
183173631608672	-0.019537779	0.03174889	0.012211111
183173639108672	-0.014653334	0.035412222	0.0048844446
183173646608672	-0.02198	0.039075557	0.007326667
183173654108672	-0.019537779	0.046402223	0.01099
183173661608672	0.0048844446	0.054950003	0.0024422223
183173669108672	0.009768889	0.057392225	0.007326667
183173676608672	0.008547778	0.06105556	0.0048844446
183173684108672	0.009768889	0.06594	0.0
183173691608672	0.013432222	0.07448778	0.0061055557
183173699108672	0.02075889	0.081814446	0.0036633336
183173706608672	0.028085556	0.08669889	-0.0036633336
183173714108672	0.013432222	0.08669889	0.0012211112
183173721608672	0.012211111	0.091583334	0.014653334
183173729108672	0.019537779	0.10013112	0.007326667
183173736608672	0.03052778	0.10135223	0.0048844446
183173744108672	0.02198	0.10501556	-0.0012211112
183173751608672	0.026864445	0.10501556	-0.0061055557
183173759108672	0.046402223	0.10379445	0.0012211112
183173766608672	0.068382226	0.106236674	0.0
183173774108672	0.07326667	0.109900005	-0.013432222
183173781608672	0.06227667	0.11478445	0.0012211112
183173789108672	0.058613338	0.11600556	0.013432222
183173796608672	0.05617111	0.12089001	0.014653334
183173804108672	0.04151778	0.12577444	0.012211111
183173811608672	0.029306669	0.1306589	0.015874445
183173819108672	0.039075557	0.13432223	0.019537779
183173826608672	0.05250778	0.13188	0.017095556
183173834108672	0.058613338	0.13798556	0.01099
183173841608672	0.06594	0.14409111	0.015874445
183173849108672	0.068382226	0.14775445	0.025643334
183173856608672	0.059834447	0.15386	0.026864445
183173864108672	0.051286668	0.16240779	0.02075889
183173871608672	0.05250778	0.16485001	0.014653334
183173879108672	0.05250778	0.1746189	0.025643334
183173886608672	0.042738892	0.18072446	0.024422223
183173894108672	0.04029667	0.18194556	0.02198
183173998397683	0.03297	0.18683001	0.029306669
183174005897683	0.039075557	0.19171445	0.02075889
183174013397683	0.051286668	0.19171445	0.018316668
183174020897683	0.036633335	0.19415668	0.026864445
183174028397683	0.036633335	0.19049335	0.025643334
183174035897683	0.059834447	0.19171445	0.02198
183174056280131	0.058613338	0.19293556	0.024422223
183174050897683	0.05250778	0.18805112	0.03052778
183174058397683	0.051286668	0.18927222	0.024422223
183174065897683	0.057392225	0.18683001	0.023201112
183174073397683	0.070824444	0.18194556	0.026864445
183174080897683	0.07570889	0.18072446	0.025643334
183174088397683	0.06594	0.18072446	0.023201112
183174095897683	0.06594	0.18438779	0.02198
183174103397683	0.07204556	0.18072446	0.025643334
183174110897683	0.068382226	0.18683001	0.018316668
183174118397683	0.057392225	0.18805112	0.014653334
183174125897683	0.05617111	0.18316667	0.013432222
183174133397683	0.070824444	0.17217667	0.019537779
183174140897683	0.07570889	0.17095557	0.019537779
183174148397683	0.07448778	0.17095557	0.0061055557
183174155897683	0.07204556	0.17217667	0.0036633336
183174163397683	0.068382226	0.17339778	0.02198
183174170897683	0.06349778	0.17584	0.024422223
183174178397683	0.04396	0.17339778	0.015874445
183174185897683	0.03297	0.17339778	0.018316668
183174250867318	0.036633335	0.17584	0.026864445
183174255374922	0.045181114	0.16729222	0.023201112
183174208397683	0.05250778	0.16851334	0.034191113
183174279838881	0.054950003	0.16729222	0.028085556
183174223397683	0.051286668	0.16240779	0.02075889
183174230897683	0.04151778	0.16729222	0.024422223
183174238397683	0.029306669	0.17339778	0.029306669
183174310456901	0.019537779	0.17217667	0.026864445
183174363586953	0.018316668	0.16973445	0.018316668
183174363851172	0.029306669	0.16362889	0.024422223
183174363921849	0.03297	0.15630223	0.02198
183174372148151	0.042738892	0.14775445	0.029306669
183174387148151	0.014653334	0.14164889	0.025643334
183174393952058	0.007326667	0.13798556	0.03052778
183174401452058	0.0048844446	0.13188	0.03174889
183174408952058	0.0012211112	0.12699556	0.025643334
183174416452058	0.0036633336	0.12211112	0.02075889
183174423952058	0.013432222	0.117226675	0.024422223
183174431452058	0.02075889	0.11600556	0.02075889
183174438952058	0.026864445	0.10379445	0.019537779
183174469549505	0.02198	0.091583334	0.018316668
183174481787110	0.007326667	0.08425667	0.018316668
183174487488776	-0.0048844446	0.078151114	0.019537779
183174468952058	-0.009768889	0.07570889	0.012211111
183174506790026	-0.015874445	0.06716111	0.0024422223
183174483952058	-0.01099	0.054950003	0.0012211112
183174526321485	-0.0012211112	0.04151778	-0.0061055557
183174537385703	0.007326667	0.026864445	-0.009768889
183174541968255	0.008547778	0.0061055557	-0.015874445
183174513952058	0.0024422223	-0.007326667	-0.015874445
183174569121120	-0.013432222	-0.037854444	-0.018316668
183174536452058	-0.013432222	-0.047623336	-0.015874445
183174543952058	-0.0061055557	-0.058613338	-0.023201112
183174551452058	-0.0048844446	-0.07448778	-0.034191113
183174558952058	-0.02198	-0.09524667	-0.035412222
183174566452058	-0.037854444	-0.117226675	-0.035412222
183174573952058	-0.04151778	-0.14042778	-0.036633335
183174581452058	-0.04029667	-0.16118668	-0.04029667
183174588952058	-0.046402223	-0.18194556	-0.039075557
183174596452058	-0.07570889	-0.1965989	-0.029306669
183174603952058	-0.08792	-0.21369445	-0.037854444
183174611452058	-0.08059334	-0.24055889	-0.04396
183174618952058	-0.07204556	-0.26376	-0.05250778
183174626452058	-0.07204556	-0.2845189	-0.07570889
183174633952058	-0.07448778	-0.31016225	-0.07448778
183174720976224	-0.051286668	-0.34069002	-0.07448778
183174725044349	-0.05006556	-0.36877558	-0.085477784
183174740044349	-0.06349778	-0.39075556	-0.085477784
183174747049141	-0.08425667	-0.40907225	-0.089141116
183174766040443	-0.09280445	-0.43349445	-0.085477784
183174766742162	-0.09036223	-0.45425335	-0.091583334
183174778668620	-0.098910004	-0.47623336	-0.10745778
183174787370391	-0.14287001	-0.49943447	-0.11234222
183174789242162	-0.19537778	-0.5153089	-0.106236674
183174796742162	-0.18927222	-0.54095227	-0.10501556
183174804242162	-0.18316667	-0.5592689	-0.10501556
183174811742162	-0.21247335	-0.57270116	-0.09524667
183174819242162	-0.23445335	-0.58247	-0.102573335
183174826742162	-0.22102112	-0.58979666	-0.098910004
183174834242162	-0.18438779	-0.60933447	-0.10135223
183174841742162	-0.17217667	-0.61788225	-0.10379445
183174849242162	-0.19049335	-0.62765115	-0.11600556
183174856742162	-0.20514667	-0.6447467	-0.12455334
183174864242162	-0.2185789	-0.6618422	-0.109900005
183174871742162	-0.23323223	-0.6740534	-0.11478445
183174879242162	-0.2283478	-0.6972545	-0.12455334
183174886742162	-0.23323223	-0.7106867	-0.11844778
183174894242162	-0.21735778	-0.6996967	-0.12211112
183174901742162	-0.17095557	-0.5556056	-0.05372889
183174909242162	0.036633335	-0.80471224	-0.09524667
183174916742162	-0.12089001	-0.6740534	-0.14164889
183174924242162	-0.2845189	-0.6935911	-0.12699556
183174931742162	-0.2735289	-0.73633003	-0.081814446
183174939242162	-0.17095557	-0.6972545	-0.11112112
183174946742162	-0.11356334	-0.7021389	-0.14531223
183174954242162	-0.13920668	-0.69237006	-0.11356334
183174961742162	-0.15386	-0.68138003	-0.13188
183174969242162	-0.16485001	-0.6801589	-0.13798556
183174976742162	-0.21125223	-0.6569578	-0.12943779
183174984242162	-0.23567446	-0.65451556	-0.14531223
183174991742162	-0.25521225	-0.6435256	-0.14042778
183174999242162	-0.26986557	-0.63619894	-0.14897557
183175071655339	-0.23201112	-0.6325356	-0.16607112
183175086655339	-0.1746189	-0.63009334	-0.17828223
183175123383828	-0.14164889	-0.63131446	-0.1856089
183175123446901	-0.13920668	-0.6337567	-0.1856089
183175123531276	-0.17584	-0.6349778	-0.17584
183175134771641	-0.20881	-0.6252089	-0.16973445
183175142148516	-0.21491556	-0.6239878	-0.15996556
183175146031276	-0.2185789	-0.60933447	-0.15019667
183175153531276	-0.21125223	-0.59590226	-0.15752333
183175161031276	-0.1856089	-0.5836911	-0.15752333
183175168531276	-0.15630223	-0.5653745	-0.15630223
183175176031276	-0.13310112	-0.5458367	-0.16118668
183175183531276	-0.10745778	-0.5336256	-0.16607112
183175191031276	-0.085477784	-0.52141446	-0.17095557
183175198531276	-0.07570889	-0.50554	-0.16973445
183175225278776	-0.081814446	-0.48844448	-0.16118668
183175237285755	-0.07448778	-0.4713489	-0.16851334
183175245256901	-0.059834447	-0.45791668	-0.17095557
183175258583516	-0.01099	-0.45181113	-0.16485001
183175262682734	0.06105556	-0.44326335	-0.17095557
183175243531276	0.09646778	-0.43105224	-0.16607112
183175251031276	0.09036223	-0.41029334	-0.16729222
183175258531276	0.06960334	-0.38465002	-0.18316667
183175308047161	0.04029667	-0.35656446	-0.18683001
183175273531276	0.0048844446	-0.31993112	-0.18316667
183175326683932	-0.04029667	-0.2820767	-0.19049335
183175341683932	0.019537779	-0.21980001	-0.17584
183175303531276	0.059834447	-0.18805112	-0.18072446
183175311031276	0.081814446	-0.15386	-0.20392556
183175373066432	0.070824444	-0.12943779	-0.21247335
183175326031276	0.06227667	-0.09768889	-0.21613668
183175333531276	0.045181114	-0.07693	-0.2185789
183175341031276	0.05617111	-0.05617111	-0.24422224
183175348531276	0.091583334	-0.04151778	-0.23567446
183175356031276	0.15386	-0.03297	-0.2283478
183175363531276	0.20636779	-0.01099	-0.2295689
183175371031276	0.23201112	0.0024422223	-0.22590557
183175378531276	0.24910668	0.018316668	-0.2283478
183175386031276	0.27108666	0.037854444	-0.2295689
183175393531276	0.29917222	0.05372889	-0.2283478
183175401031276	0.34801668	0.058613338	-0.23323223
183175489622266	0.37976557	0.070824444	-0.23811668
183175497325547	0.4249467	0.08792	-0.24422224
183175423531276	0.43105224	0.10379445	-0.23079
183175524680078	0.41884112	0.12821667	-0.2075889
183175524820495	0.38465002	0.14531223	-0.17339778
183175536355443	0.3382478	0.15752333	-0.15752333
183175546957318	0.30283555	0.15996556	-0.15019667
183175556444713	0.29917222	0.15386	-0.13432223
183175571444713	0.19904111	0.16851334	-0.078151114
183175569820495	0.051286668	0.25887558	-0.057392225
183175577320495	-0.06716111	0.26498112	-0.025643334
183175593511380	-0.10379445	0.25277	-0.012211111
183175592320495	-0.018316668	0.19537778	-0.0012211112
183175599820495	0.2625389	0.16240779	-0.34191114
183175607320495	0.5507211	0.5018767	0.025643334
183175641956849	0.12455334	0.48722336	0.2955089
183175648467057	-0.62154555	0.3614489	0.21735778
183175661889036	-0.8865267	0.39930335	0.40663
183175668502526	-0.66062117	0.44082114	0.36267
183175682715651	-0.26742333	0.4566956	0.23445335
183175652320495	-0.12699556	0.4823389	0.23933779
183175659820495	-0.2283478	0.46280113	0.26742333
183175667320495	-0.42128336	0.45791668	0.2869611
183175674820495	-0.5482789	0.46035892	0.28940335
183175682320495	-0.64841	0.47501224	0.2869611
183175738102422	-0.6984756	0.4798967	0.2759711
183175697320495	-0.6801589	0.45791668	0.29062447
183175766189140	-0.59346	0.44570556	0.30405667
183175712320495	-0.44204223	0.4261678	0.29917222
183175719820495	-0.32237336	0.42128336	0.27841336
183175727320495	-0.21003112	0.39930335	0.26742333
183175734820495	-0.14287001	0.38465002	0.27719223
183175742320495	-0.07693	0.3712178	0.25643334
183175749820495	-0.034191113	0.35412225	0.24055889
183175757320495	0.0061055557	0.3382478	0.21369445
183175764820495	-0.02198	0.31993112	0.22224224
183175772320495	-0.036633335	0.3162678	0.1856089
183175779820495	-0.04029667	0.31016225	0.15386
183175787320495	-0.078151114	0.2955089	0.13920668
183175794820495	-0.16607112	0.28085557	0.12455334
183175802320495	-0.24666445	0.2625389	0.1306589
183175809820495	-0.3284789	0.24910668	0.117226675
183175817320495	-0.37610224	0.22468445	0.123332225
183175912819297	-0.3394689	0.19537778	0.14653334
183175832320495	-0.24300112	0.17339778	0.16485001
183175839820495	-0.1526389	0.15874445	0.15996556
183175847320495	-0.13310112	0.13920668	0.15141778
183175948900182	-0.19293556	0.10745778	0.15752333
183175956400182	-0.23201112	0.09036223	0.15386
183175963900182	-0.21369445	0.07204556	0.15752333
183175971400182	-0.16729222	0.05006556	0.16240779
183175978900182	-0.12943779	0.03052778	0.15630223
183175993692630	-0.12577444	0.02075889	0.1526389
183176004847213	-0.1526389	0.01099	0.15996556
183176013988151	-0.18194556	0.007326667	0.18072446
183176008900182	-0.21613668	0.009768889	0.16607112
183176016400182	-0.24055889	0.009768889	0.15996556
183176023900182	-0.23079	0.009768889	0.15752333
183176031400182	-0.17217667	0.008547778	0.15752333
183176038900182	-0.051286668	-0.0061055557	0.15386
183176076652630	0.068382226	-0.013432222	0.16118668
183176083855703	0.11600556	-0.013432222	0.16607112
183176094870599	0.10867889	-0.018316668	0.13798556
183176101739974	0.085477784	-0.019537779	0.12943779
183176076400182	0.08059334	-0.024422223	0.13676445
183176123320130	0.08059334	-0.025643334	0.12455334
183176091400182	0.09402556	-0.026864445	0.11844778
183176098900182	0.12821667	-0.02198	0.1306589
183176106400182	0.15386	-0.02075889	0.12943779
183176113900182	0.15996556	-0.015874445	0.12699556
183176121400182	0.16729222	-0.008547778	0.12577444
183176128900182	0.2075889	-0.0036633336	0.1306589
183176136400182	0.23933779	0.008547778	0.14531223
183176143900182	0.27719223	0.013432222	0.14042778
183176151400182	0.25643334	0.023201112	0.15386
183176158900182	0.19293556	0.028085556	0.15019667
183176166400182	0.123332225	0.018316668	0.16485001
183176173900182	0.10013112	0.01099	0.18683001
183176181400182	0.09402556	0.015874445	0.20026223
183176188900182	0.16851334	0.007326667	0.20026223
183176196400182	0.25399113	-0.018316668	0.25521225
183176203900182	0.14775445	-0.0012211112	0.2942878
183176211400182	-0.039075557	0.0024422223	0.24910668
183176218900182	-0.13798556	-0.013432222	0.25643334
183176226400182	-0.07693	-0.01099	0.27230778
183176233900182	-0.01099	-0.0024422223	0.26620224
183176241400182	-0.008547778	-0.0024422223	0.2613178
183176248900182	-0.017095556	0.0	0.24178001
183176256400182	-0.0048844446	-0.0036633336	0.21980001
183176263900182	0.070824444	0.009768889	0.18438779
183176271400182	0.15386	0.007326667	0.15752333
183176278900182	0.09524667	0.0	0.13554333
183176379394713	-0.034191113	-0.0036633336	0.08303556
183176386894713	-0.10013112	-0.009768889	0.059834447
183176394394713	-0.08792	-0.019537779	0.05617111
183176401894713	-0.0061055557	-0.03174889	0.028085556
183176409394713	0.04029667	-0.03174889	0.009768889
183176416894713	0.051286668	-0.036633335	-0.0061055557
183176424394713	0.051286668	-0.036633335	-0.007326667
183176431894713	0.047623336	-0.042738892	-0.015874445
183176439394713	0.014653334	-0.04029667	-0.024422223
183176446894713	-0.08792	-0.045181114	-0.012211111
183176454394713	-0.23323223	-0.057392225	0.0061055557
183176484932265	-0.35412225	-0.058613338	0.0061055557
183176469394713	-0.41273558	-0.048844445	0.008547778
183176476894713	-0.40907225	-0.03297	0.015874445
183176524153515	-0.39075556	-0.019537779	0.015874445
183176524753046	-0.35656446	-0.012211111	0.012211111
183176531199765	-0.31382558	-0.0024422223	0.0024422223
183176538927578	-0.25643334	-0.0036633336	0.008547778
183176553927578	-0.14897557	-0.0048844446	0.012211111
183176529394713	-0.10135223	-0.013432222	0.009768889
183176536894713	-0.08792	-0.02075889	0.02198
183176544394713	-0.08669889	-0.026864445	0.034191113
183176551894713	-0.06227667	-0.025643334	0.03297
183176559394713	-0.046402223	-0.02075889	0.029306669
183176566894713	-0.04029667	-0.014653334	0.036633335
183176574394713	-0.018316668	-0.015874445	0.03174889
183176581894713	0.007326667	-0.018316668	0.04029667
183176589394713	0.03052778	-0.02198	0.07326667
183176596894713	0.045181114	-0.02198	0.07937223
183176604394713	0.057392225	-0.026864445	0.08059334
183176611894713	0.085477784	-0.013432222	0.13188
183176619394713	0.07937223	-0.025643334	0.10745778
183176626894713	0.028085556	-0.026864445	0.11112112
183176634394713	0.047623336	-0.025643334	0.12699556
183176641894713	0.08303556	-0.012211111	0.14409111
183176725949140	0.06349778	-0.008547778	0.13920668
183176736765442	0.012211111	-0.008547778	0.123332225
183176664394713	-0.029306669	-0.0012211112	0.12943779
183176755739765	-0.05250778	0.007326667	0.15141778
183176679394713	-0.081814446	0.009768889	0.16362889
183176773941275	-0.10867889	0.012211111	0.15630223
183176694394713	-0.11356334	0.014653334	0.16607112
183176701894713	-0.11966889	0.02075889	0.18438779
183176802718150	-0.16729222	0.023201112	0.18438779
183176810218150	-0.24666445	0.03052778	0.18072446
183176817718150	-0.31016225	0.036633335	0.18072446
183176825218150	-0.3162678	0.045181114	0.1856089
183176832718150	-0.2759711	0.058613338	0.16851334
183176840218150	-0.23201112	0.058613338	0.16118668
183176847718150	-0.21247335	0.06105556	0.16851334
183176855218150	-0.19782001	0.06227667	0.15508112
183176862718150	-0.1746189	0.059834447	0.14653334
183176870218150	-0.15386	0.057392225	0.13798556
183176877718150	-0.14042778	0.05006556	0.12943779
183176885218150	-0.12821667	0.045181114	0.123332225
183176892718150	-0.12089001	0.036633335	0.09524667
183176900218150	-0.10135223	0.019537779	0.085477784
183176907718150	-0.068382226	0.0036633336	0.08059334
183176915218150	-0.02198	-0.013432222	0.06105556
183176922718150	0.02075889	-0.03174889	0.05617111
183176930218150	0.06349778	-0.047623336	0.04396
183176937718150	0.09646778	-0.059834447	0.046402223
183176945218150	0.109900005	-0.06227667	0.029306669
183176952718150	0.109900005	-0.07204556	0.028085556
183176960218150	0.10745778	-0.070824444	0.046402223
183176967718150	0.10379445	-0.07204556	0.04151778
183176975218150	0.10501556	-0.06105556	0.03052778
183176982718150	0.098910004	-0.051286668	0.05250778
183176990218150	0.08059334	-0.04151778	0.068382226
183176997718150	0.078151114	-0.029306669	0.08303556
183177005218150	0.07570889	-0.013432222	0.109900005
183177012718150	0.07448778	-0.0012211112	0.11234222
183177020218150	0.07937223	0.018316668	0.13676445
183177027718150	0.08059334	0.03297	0.1526389
183177035218150	0.07448778	0.046402223	0.16729222
183177042718150	0.070824444	0.057392225	0.1856089
183177050218150	0.057392225	0.070824444	0.19537778
183177057718150	0.039075557	0.08303556	0.21613668
183177065218150	0.008547778	0.09280445	0.22590557
183177072718150	-0.0061055557	0.098910004	0.24178001
183177080218150	-0.018316668	0.10867889	0.24910668
183177087718150	-0.037854444	0.109900005	0.24055889
183177095218150	-0.054950003	0.11112112	0.24910668
183177102718150	-0.064718895	0.102573335	0.24055889
183177110218150	-0.057392225	0.09524667	0.24666445
183177117718150	-0.037854444	0.09524667	0.24910668
183177125218150	-0.02198	0.091583334	0.24910668
183177226743931	-0.018316668	0.09280445	0.25277
183177234243931	-0.024422223	0.09280445	0.24300112
183177241743931	-0.026864445	0.08669889	0.23933779
183177249243931	-0.02198	0.08669889	0.23079
183177256743931	-0.009768889	0.081814446	0.22224224
183177264243931	0.007326667	0.07693	0.21613668
183177271743931	0.036633335	0.07326667	0.21003112
183177279243931	0.08425667	0.06716111	0.20881
183177286743931	0.12943779	0.068382226	0.19904111
183177294243931	0.14653334	0.06349778	0.20148334
183177301743931	0.14409111	0.057392225	0.20514667
183177309243931	0.12943779	0.057392225	0.19782001
183177316743931	0.11478445	0.05617111	0.18316667
183177324243931	0.117226675	0.059834447	0.18072446
183177331743931	0.14287001	0.05250778	0.17706113
183177339243931	0.1856089	0.05006556	0.16485001
183177346743931	0.2613178	0.05006556	0.18927222
183177354243931	0.2735289	0.034191113	0.16362889
183177361743931	0.2869611	0.05006556	0.15874445
183177369243931	0.26986557	0.05006556	0.109900005
183177376743931	0.26620224	0.05250778	0.13310112
183177384243931	0.28940335	0.059834447	0.15508112
183177391743931	0.22224224	0.06594	0.09280445
183177399243931	0.15874445	0.081814446	0.08303556
183177406743931	0.18805112	0.08792	0.11478445
183177414243931	0.17828223	0.085477784	0.09036223
183177421743931	0.15508112	0.10013112	0.06960334
183177429243931	0.16607112	0.09524667	0.102573335
183177436743931	0.17584	0.09524667	0.10379445
183177444243931	0.14287001	0.09646778	0.068382226
183177451743931	0.18194556	0.10013112	0.14164889
183177459243931	0.23445335	0.09280445	0.17217667
183177466743931	0.16240779	0.089141116	0.089141116
183177541126900	0.089141116	0.09402556	0.11844778
183177481743931	0.07570889	0.09402556	0.14897557
183177489243931	0.06227667	0.091583334	0.15874445
183177496743931	0.024422223	0.10379445	0.16607112
183177504243931	-0.015874445	0.10501556	0.16362889
183177511743931	-0.06594	0.109900005	0.1746189
183177519243931	-0.12089001	0.12211112	0.18438779
183177526743931	-0.15386	0.13310112	0.19049335
183177534243931	-0.16973445	0.14287001	0.21003112
183177541743931	-0.1746189	0.15386	0.20881
183177549243931	-0.19171445	0.15752333	0.20392556
183177556743931	-0.2075889	0.16607112	0.19782001
183177654782108	-0.20026223	0.1746189	0.19049335
183177571743931	-0.19171445	0.17706113	0.17706113
183177675073254	-0.19049335	0.17950334	0.16729222
183177682573254	-0.18316667	0.17950334	0.16851334
183177690073254	-0.16485001	0.18194556	0.15752333
183177697573254	-0.13310112	0.18683001	0.13920668
183177705073254	-0.09402556	0.18805112	0.1306589
183177712573254	-0.08303556	0.18683001	0.10867889
183177720073254	-0.081814446	0.19293556	0.08425667
183177727573254	-0.06227667	0.19904111	0.054950003
183177735073254	-0.018316668	0.19782001	0.04151778
183177742573254	0.014653334	0.20514667	0.02198
183177770366952	0.029306669	0.19782001	-0.0061055557
183177779172942	0.03052778	0.19293556	-0.026864445
183177765073254	0.04151778	0.18438779	-0.039075557
183177772573254	0.05250778	0.17217667	-0.05372889
183177780073254	0.07448778	0.15508112	-0.08792
183177787573254	0.09036223	0.13676445	-0.09768889
183177830033098	0.12699556	0.117226675	-0.098910004
183177839523358	0.1746189	0.10501556	-0.10501556
183177850674400	0.19171445	0.098910004	-0.11234222
183177858938046	0.19293556	0.08792	-0.09768889
183177873938046	0.2075889	0.07937223	-0.07570889
183177847573254	0.23933779	0.07937223	-0.064718895
183177904489452	0.30283555	0.09280445	-0.028085556
183177877573254	0.32481557	0.09768889	-0.018316668
183177885073254	0.3370267	0.10501556	-0.02075889
183177892573254	0.33580557	0.11844778	-0.026864445
183177900073254	0.3260367	0.12821667	-0.02198
183177907573254	0.32970002	0.13920668	-0.025643334
183177915073254	0.34679556	0.1526389	-0.02198
