183373732779839	0.05250778	-0.017095556	-0.026864445
183373754259370	0.05006556	-0.026864445	0.0
183373761919839	11.325806	-2.459318	30.019796
183373775644578	6.624528	-1.6008767	21.31816
183373834315255	-0.0012211112	-0.012211111	0.74976224
183373841815255	0.024422223	0.0061055557	0.013432222
183373850644578	0.037854444	0.018316668	-0.4151778
183373865644578	0.015874445	0.015874445	0.13676445
183373880644578	9.321962	-1.1661612	25.096277
183373895644578	5.907736	-1.1686034	20.813839
183373910644578	0.20636779	0.01099	5.8491225
183373924065828	-0.8034911	0.36999667	0.24178001
183373936957495	-0.4163989	0.27108666	-1.8060234
183373947474578	-0.058613338	0.07448778	-0.50554
183373957320932	0.018316668	0.02075889	0.13188
183373924315255	0.035412222	0.03297	-0.63619894
183373977148536	0.01099	0.024422223	0.085477784
183373939315255	0.007326667	0.02198	0.40907225
183373997889057	0.01099	0.026864445	-0.11112112
183374007771974	0.024422223	0.02075889	-0.20026223
183373961815255	0.023201112	0.009768889	0.15752333
183374025481609	0.014653334	0.014653334	0.15630223
183374037008797	0.0	0.015874445	-0.045181114
183374047842547	-0.02198	0.02075889	0.02075889
183374055472703	-0.04151778	0.024422223	0.14164889
183374064571297	-0.034191113	0.03052778	0.08303556
183374068241453	-0.019537779	0.03174889	-0.007326667
183374081779734	0.0024422223	0.029306669	0.042738892
183374088525984	0.01099	0.025643334	0.085477784
183374101120568	0.007326667	0.024422223	0.042738892
183374108948328	-0.0024422223	0.026864445	0.015874445
183374117559474	-0.019537779	0.03174889	0.04029667
183374129687078	-0.015874445	0.03297	0.03174889
183374139688745	0.009768889	0.03297	-0.013432222
183374152114422	0.03174889	0.028085556	-0.035412222
183374158988224	0.036633335	0.019537779	-0.034191113
183374169324161	0.04029667	0.0048844446	-0.048844445
183374181577599	0.042738892	0.0036633336	-0.051286668
183374187722234	0.02075889	0.0048844446	-0.039075557
183374200383276	-0.009768889	0.0061055557	-0.036633335
183374209042234	-0.029306669	0.01099	-0.04029667
183374218806088	-0.029306669	0.007326667	-0.04029667
183374229269161	-0.018316668	0.0024422223	-0.03052778
183374237054161	-0.01099	0.0012211112	-0.02198
183374247344943	-0.009768889	0.0012211112	-0.019537779
183374254606349	-0.0061055557	0.0036633336	-0.023201112
183374264939891	-0.01099	0.0061055557	-0.012211111
183374274604838	-0.024422223	0.01099	-0.008547778
183374284732703	-0.048844445	0.017095556	-0.0061055557
183374293820047	-0.07204556	0.03052778	-0.01099
183374302314318	-0.07448778	0.04029667	-0.0012211112
183374315268380	-0.068382226	0.04029667	0.0036633336
183374322981193	-0.06105556	0.045181114	-0.013432222
183374334116922	-0.054950003	0.04396	-0.013432222
183374344071297	-0.04151778	0.042738892	-0.017095556
183374352028693	-0.034191113	0.045181114	-0.03174889
183374364691765	-0.042738892	0.035412222	-0.04396
183374371209682	-0.057392225	0.03052778	-0.036633335
183374383915151	-0.068382226	0.02075889	-0.037854444
183374390959578	-0.059834447	0.008547778	-0.035412222
183374357883276	-0.04151778	-0.0048844446	-0.03174889
183374365383276	-0.035412222	-0.018316668	-0.03052778
183374372883276	-0.058613338	-0.02075889	-0.026864445
183374380383276	-0.06960334	-0.025643334	-0.025643334
183374387883276	-0.068382226	-0.026864445	-0.018316668
183374395383276	-0.05006556	-0.029306669	-0.009768889
183374402883276	-0.036633335	-0.036633335	-0.0061055557
183374410383276	-0.025643334	-0.04151778	-0.018316668
183374417883276	-0.036633335	-0.035412222	-0.0024422223
183374425383276	-0.057392225	-0.028085556	0.019537779
183374432883276	-0.08425667	-0.017095556	0.023201112
183374440383276	-0.098910004	-0.0048844446	0.019537779
183374447883276	-0.08669889	0.0012211112	0.02198
183374455383276	-0.07204556	0.0036633336	0.02198
183374462883276	-0.048844445	0.0024422223	0.012211111
183374470383276	-0.039075557	0.007326667	-0.0036633336
183374477883276	-0.04029667	0.015874445	-0.0048844446
183374485383276	-0.04151778	0.019537779	-0.017095556
183374571473380	-0.03174889	0.023201112	-0.015874445
183374500383276	-0.03052778	0.024422223	-0.012211111
183374594913328	-0.02075889	0.019537779	-0.02075889
183374603719682	-0.014653334	0.013432222	-0.017095556
183374612200307	-0.01099	0.0061055557	-0.008547778
183374530383276	-0.01099	0.0012211112	-0.017095556
183374649365047	-0.008547778	-0.0012211112	-0.012211111
183374649537963	0.0	0.0036633336	-0.0048844446
183374655674370	0.013432222	0.0024422223	-0.0012211112
183374666288849	0.018316668	-0.0012211112	-0.008547778
183374678685880	0.05250778	-0.018316668	0.01099
183374691151974	0.05006556	-0.025643334	0.012211111
183374698507703	0.035412222	-0.03174889	-0.0012211112
183374693303015	0.028085556	-0.028085556	0.012211111
183374700803015	0.042738892	-0.019537779	0.019537779
183374724071244	0.045181114	-0.017095556	0.013432222
183374737639057	0.017095556	-0.01099	0.018316668
183374723303015	-0.0061055557	-0.0036633336	0.017095556
183374755565515	0.0012211112	0.0	0.02198
183374770565515	0.034191113	0.0048844446	0.028085556
183374753303015	0.028085556	0.007326667	0.024422223
183374760803015	0.02198	0.009768889	0.023201112
183374768303015	0.013432222	0.014653334	0.013432222
183374775803015	0.0036633336	0.02075889	0.012211111
183374783303015	-0.0061055557	0.02075889	0.023201112
183374790803015	-0.009768889	0.02198	0.024422223
183374798303015	-0.012211111	0.02198	0.014653334
183374850568640	-0.0024422223	0.014653334	0.018316668
183374859844630	0.023201112	0.01099	0.017095556
183374820803015	0.048844445	0.0061055557	-0.0036633336
183374882309526	0.045181114	0.0012211112	-0.0036633336
183374835803015	0.03297	0.0	0.0036633336
183374843303015	0.018316668	0.0	-0.012211111
183374850803015	0.012211111	-0.0036633336	-0.017095556
183374858303015	0.008547778	-0.0061055557	-0.013432222
183374865803015	0.009768889	-0.008547778	-0.01099
183374873303015	0.017095556	-0.012211111	-0.023201112
183374880803015	0.009768889	-0.015874445	-0.019537779
183374888303015	-0.0061055557	-0.015874445	-0.008547778
183374895803015	-0.007326667	-0.017095556	-0.018316668
183374903303015	0.0048844446	-0.019537779	-0.014653334
183374984481349	0.018316668	-0.02075889	-0.009768889
183374992940828	0.015874445	-0.014653334	-0.008547778
183375006035932	0.01099	-0.014653334	-0.008547778
183375013998796	0.0012211112	-0.009768889	-0.0048844446
183375019184005	-0.028085556	-0.0048844446	-0.0036633336
183375033281244	-0.047623336	0.008547778	0.0012211112
183375052407859	-0.05617111	0.012211111	0.008547778
183375052524890	-0.06349778	0.013432222	0.008547778
183375064433380	-0.05372889	0.013432222	0.0
183375071748588	-0.03297	0.0048844446	0.007326667
183375081045359	-0.02198	0.01099	0.007326667
183375096045359	-0.03052778	0.013432222	-0.014653334
183375097524890	-0.039075557	0.014653334	-0.012211111
183375105024890	-0.057392225	0.017095556	-0.012211111
183375112524890	-0.051286668	0.013432222	-0.023201112
183375120024890	-0.017095556	0.0048844446	-0.02198
183375127524890	0.01099	-0.0024422223	-0.012211111
183375135024890	0.0061055557	-0.0036633336	-0.017095556
183375142524890	-0.0036633336	-0.008547778	-0.023201112
183375173961036	-0.034191113	-0.007326667	-0.007326667
183375165024890	-0.042738892	-0.0024422223	-0.007326667
183375172524890	-0.039075557	0.0	-0.0036633336
183375180024890	-0.025643334	-0.0036633336	-0.0024422223
183375225776973	-0.01099	-0.008547778	-0.0048844446
183375233449369	0.0024422223	-0.01099	-0.01099
183375246183119	0.012211111	-0.01099	-0.024422223
183375252984526	0.0036633336	0.0	-0.023201112
183375267984526	-0.013432222	0.008547778	-0.018316668
183375232524890	-0.02198	0.013432222	-0.02198
183375240024890	-0.019537779	0.019537779	-0.009768889
183375298802651	-0.02198	0.014653334	0.012211111
183375255024890	-0.026864445	0.013432222	0.0024422223
183375318218588	-0.028085556	0.01099	0.0012211112
183375270024890	-0.015874445	0.009768889	0.0061055557
183375277524890	-0.012211111	0.013432222	0.007326667
183375347459578	-0.02198	0.015874445	-0.0024422223
183375360832182	-0.026864445	0.019537779	0.0012211112
183375367689213	-0.018316668	0.019537779	0.0061055557
183375307524890	-0.01099	0.017095556	0.01099
183375315024890	-0.0012211112	0.014653334	0.009768889
183375393574578	0.0048844446	0.013432222	0.0048844446
183375330024890	0.0012211112	0.009768889	0.009768889
183375337524890	-0.014653334	0.007326667	0.012211111
183375345024890	-0.03174889	0.008547778	0.012211111
183375447534109	-0.03297	0.012211111	0.02075889
183375448473588	-0.02075889	0.014653334	0.0048844446
183375454270828	-0.007326667	0.01099	-0.0048844446
183375467891192	0.0036633336	0.008547778	-0.012211111
183375473260463	0.013432222	0.009768889	-0.013432222
183375486610463	0.02075889	0.0048844446	-0.017095556
183375494298432	0.02198	0.0048844446	-0.0024422223
183375491770828	0.008547778	0.0061055557	-0.0036633336
183375499270828	0.0036633336	0.009768889	-0.0036633336
183375506770828	0.0	0.014653334	0.007326667
183375514270828	0.0	0.01099	0.0024422223
183375521770828	0.0061055557	0.0061055557	0.013432222
183375529270828	0.014653334	0.0036633336	0.01099
183375536770828	0.023201112	0.0048844446	0.0012211112
183375544270828	0.014653334	0.0012211112	0.0
183375551770828	0.0048844446	0.0012211112	0.0012211112
183375559270828	0.008547778	-0.0012211112	0.0012211112
183375597180307	0.009768889	0.0024422223	-0.0024422223
183375574270828	0.009768889	0.009768889	-0.009768889
183375581770828	0.014653334	0.012211111	-0.0048844446
183375589270828	0.0036633336	0.015874445	0.0
183375649797025	-0.019537779	0.025643334	0.012211111
183375611770828	-0.023201112	0.02075889	0.015874445
183375619270828	-0.013432222	0.017095556	0.018316668
183375626770828	0.007326667	0.009768889	0.015874445
183375634270828	0.018316668	0.0061055557	0.013432222
183375641770828	0.0024422223	0.0	0.008547778
183375649270828	-0.0048844446	-0.0036633336	0.0036633336
183375656770828	0.0024422223	-0.0048844446	0.008547778
183375664270828	0.007326667	-0.0024422223	0.008547778
183375671770828	0.0012211112	-0.0012211112	0.0012211112
183375679270828	0.0024422223	0.0024422223	-0.0048844446
183375686770828	0.0024422223	0.007326667	-0.0024422223
183375694270828	0.014653334	0.0061055557	-0.0012211112
183375701770828	0.015874445	0.009768889	-0.0061055557
183375778152130	0.018316668	0.017095556	-0.009768889
183375716770828	0.0	0.02075889	-0.0012211112
183375724270828	-0.019537779	0.02198	0.007326667
183375731770828	-0.02198	0.023201112	0.01099
183375739270828	-0.019537779	0.018316668	0.015874445
183375746770828	-0.019537779	0.01099	0.014653334
183375869059004	-0.023201112	0.008547778	0.009768889
183375870190515	-0.018316668	0.0048844446	0.0024422223
183375871257963	-0.007326667	0.0061055557	-0.0061055557
183375872220046	0.0061055557	0.0048844446	-0.01099
183375879720046	0.0012211112	0.007326667	-0.014653334
183375887220046	-0.007326667	0.014653334	-0.018316668
183375894720046	0.0012211112	0.013432222	-0.008547778
183375902220046	0.0024422223	0.014653334	-0.008547778
183375909720046	0.0024422223	0.01099	-0.0048844446
183375917220046	-0.0036633336	0.007326667	-0.0024422223
183375931846817	-0.0012211112	0.0024422223	-0.0012211112
183375944557650	-0.0036633336	0.0012211112	0.0012211112
183375939720046	-0.0061055557	0.0036633336	0.0061055557
183375963647129	0.0048844446	0.0024422223	0.014653334
183375971289265	0.023201112	0.0	0.008547778
183375981500463	0.02075889	0.0061055557	0.01099
183375994128484	0.013432222	0.018316668	0.0048844446
183375977220046	0.012211111	0.024422223	-0.0012211112
183375984720046	0.0048844446	0.024422223	0.0024422223
183375992220046	-0.0024422223	0.02198	0.01099
183375999720046	0.0	0.018316668	0.008547778
183376007220046	0.007326667	0.015874445	0.0012211112
183376014720046	0.0061055557	0.01099	0.0
183376022220046	-0.0061055557	0.0048844446	0.0036633336
183376029720046	-0.008547778	0.0	0.007326667
183376037220046	-0.0036633336	0.0012211112	0.009768889
183376044720046	-0.0036633336	-0.019537779	0.014653334
183376052220046	0.054950003	-0.0048844446	-0.009768889
183376059720046	0.048844445	-0.0024422223	-0.02075889
183376067220046	0.019537779	0.0	-0.023201112
183376074720046	-0.012211111	0.0012211112	-0.012211111
183376082220046	-0.012211111	0.009768889	-0.009768889
183376089720046	0.012211111	0.012211111	-0.007326667
183376097220046	0.008547778	0.012211111	-0.008547778
183376104720046	-0.02198	0.01099	-0.0012211112
183376112220046	-0.034191113	0.01099	0.0048844446
183376119720046	-0.025643334	0.008547778	0.012211111
183376233189994	-0.015874445	0.0036633336	0.023201112
183376233400723	-0.013432222	0.0024422223	0.019537779
183376233475671	-0.01099	0.0	-0.0048844446
183376238667390	0.0036633336	-0.01099	0.0
183376242364681	0.025643334	-0.015874445	-0.0048844446
183376249363536	0.029306669	-0.01099	-0.015874445
183376261083640	0.02198	-0.012211111	-0.018316668
183376270569942	0.029306669	-0.0048844446	-0.015874445
183376280616504	0.03297	-0.0024422223	-0.02075889
183376288758796	0.036633335	0.0	-0.026864445
183376297173588	0.028085556	0.0012211112	-0.023201112
183376305884994	0.02075889	0.0012211112	-0.019537779
183376320884994	0.018316668	0.0012211112	-0.015874445
183376327571713	0.0061055557	0.014653334	0.0
183376318013536	0.0012211112	0.017095556	-0.0024422223
183376325513536	-0.0048844446	0.015874445	-0.0036633336
183376333013536	-0.01099	0.019537779	0.0
183376340513536	-0.007326667	0.018316668	0.0048844446
183376348013536	-0.013432222	0.017095556	0.0048844446
183376355513536	-0.02198	0.01099	0.012211111
183376363013536	-0.037854444	0.007326667	0.017095556
183376370513536	-0.03174889	0.009768889	0.02075889
183376378013536	-0.03297	0.013432222	0.014653334
183376385513536	-0.018316668	0.008547778	0.0061055557
183376393013536	-0.015874445	0.012211111	0.009768889
183376400513536	-0.018316668	0.018316668	0.0061055557
183376408013536	-0.03297	0.023201112	0.0024422223
183376415513536	-0.047623336	0.024422223	0.0024422223
183376423013536	-0.05372889	0.023201112	0.0061055557
183376430513536	-0.035412222	0.014653334	0.0024422223
183376438013536	-0.008547778	0.007326667	-0.0036633336
183376445513536	0.0012211112	-0.0012211112	-0.009768889
183376453013536	-0.0012211112	-0.0061055557	-0.0048844446
183376460513536	0.0048844446	-0.0061055557	-0.009768889
183376468013536	0.012211111	0.0	-0.013432222
183376475513536	0.0048844446	-0.0012211112	-0.0024422223
183376483013536	0.0061055557	-0.0036633336	-0.012211111
183376490513536	0.007326667	-0.007326667	-0.02075889
183376498013536	0.0	-0.007326667	-0.017095556
183376505513536	-0.009768889	-0.0024422223	-0.008547778
183376513013536	-0.019537779	0.0036633336	-0.01099
183376520513536	-0.018316668	0.007326667	-0.01099
183376528013536	-0.008547778	0.012211111	-0.008547778
183376535513536	-0.0048844446	0.014653334	-0.0036633336
183376543013536	0.0024422223	0.013432222	-0.008547778
183376550513536	-0.008547778	0.018316668	-0.012211111
183376558013536	-0.01099	0.008547778	-0.009768889
183376565513536	-0.009768889	0.0048844446	-0.007326667
183376573013536	-0.0061055557	0.0036633336	-0.007326667
183376580513536	-0.0048844446	0.0012211112	-0.0024422223
183376680798900	0.0012211112	0.0012211112	-0.0012211112
183376688298900	0.009768889	0.0012211112	-0.012211111
183376695798900	0.014653334	0.0	-0.015874445
183376703298900	0.014653334	0.0012211112	-0.012211111
183376710798900	0.014653334	0.0061055557	-0.0061055557
183376718298900	0.014653334	0.0061055557	-0.007326667
183376725798900	0.0024422223	0.007326667	-0.014653334
183376733298900	-0.015874445	0.008547778	0.0012211112
183376740798900	-0.034191113	0.013432222	0.0
183376748298900	-0.03052778	0.008547778	0.0
183376755798900	-0.008547778	0.007326667	0.0048844446
183376763298900	0.013432222	0.009768889	-0.0036633336
183376770798900	0.012211111	0.008547778	-0.0024422223
183376778298900	0.017095556	0.007326667	0.0
183376785798900	0.029306669	0.007326667	-0.0024422223
183376793298900	0.024422223	0.008547778	0.0012211112
183376800798900	0.013432222	0.0048844446	-0.0024422223
183376808298900	0.0061055557	0.0048844446	0.0
183376815798900	0.008547778	0.008547778	0.0
183376823298900	0.0024422223	0.01099	-0.008547778
183376830798900	0.008547778	0.012211111	-0.0012211112
183376838298900	0.02075889	0.017095556	-0.0061055557
183376845798900	0.024422223	0.018316668	-0.017095556
183376853298900	0.02075889	0.015874445	-0.018316668
183376860798900	0.009768889	0.018316668	-0.023201112
183376926262181	0.0012211112	0.018316668	-0.015874445
183376875798900	-0.008547778	0.019537779	-0.01099
183376883298900	-0.008547778	0.018316668	-0.009768889
183376890798900	-0.007326667	0.023201112	-0.0061055557
183376898298900	-0.0012211112	0.025643334	0.0048844446
183376905798900	0.0048844446	0.028085556	0.014653334
183376913298900	0.0036633336	0.03297	0.01099
183376920798900	0.0024422223	0.037854444	-0.007326667
183376928298900	0.0061055557	0.045181114	-0.0024422223
183376935798900	0.007326667	0.05250778	0.008547778
183376943298900	0.008547778	0.06227667	0.0048844446
183376950798900	-0.007326667	0.070824444	0.0048844446
183376958298900	-0.012211111	0.07448778	0.01099
183376965798900	0.0036633336	0.07693	0.023201112
183376973298900	0.02075889	0.08059334	0.014653334
183377065014212	0.014653334	0.08303556	0.012211111
183376988298900	0.0048844446	0.09036223	0.014653334
183376995798900	0.0024422223	0.091583334	0.0048844446
183377096815202	0.0012211112	0.09280445	0.014653334
183377103811087	0.0024422223	0.106236674	0.013432222
183377111311087	-0.0012211112	0.11112112	0.007326667
183377118811087	0.0061055557	0.11356334	0.0
183377126311087	0.018316668	0.11600556	0.0061055557
183377133811087	0.028085556	0.11478445	0.0048844446
183377141311087	0.029306669	0.11234222	0.0
183377148811087	0.029306669	0.11112112	-0.0048844446
183377156311087	0.012211111	0.11600556	-0.0036633336
183377163811087	0.013432222	0.11844778	0.0012211112
183377171311087	0.019537779	0.12577444	-0.0012211112
183377178811087	0.026864445	0.13188	-0.0048844446
183377186311087	0.029306669	0.13432223	0.0024422223
183377193811087	0.04151778	0.13798556	0.0024422223
183377201311087	0.051286668	0.14042778	-0.0012211112
183377208811087	0.048844445	0.14531223	0.0012211112
183377216311087	0.034191113	0.14531223	0.01099
183377223811087	0.012211111	0.14897557	0.02198
183377231311087	0.013432222	0.15386	0.02198
183377238811087	0.023201112	0.16485001	0.014653334
183377246311087	0.03297	0.17217667	0.02198
183377253811087	0.039075557	0.17706113	0.024422223
183377306317285	0.046402223	0.18194556	0.013432222
183377268811087	0.047623336	0.18805112	0.0036633336
183377276311087	0.051286668	0.19049335	0.007326667
183377283811087	0.057392225	0.19049335	0.0061055557
183377291311087	0.06594	0.18927222	0.0
183377298811087	0.070824444	0.19415668	0.0024422223
183377306311087	0.06594	0.19293556	0.0
183377313811087	0.059834447	0.19049335	-0.01099
183377387465462	0.06960334	0.18805112	-0.0036633336
183377328811087	0.07448778	0.18683001	-0.0036633336
183377407842441	0.068382226	0.18683001	-0.008547778
183377414903275	0.054950003	0.1856089	-0.009768889
183377429903275	0.04151778	0.19049335	-0.0048844446
183377366311087	0.046402223	0.19049335	-0.023201112
183377453248327	0.06105556	0.18683001	-0.029306669
183377458356921	0.05250778	0.18805112	-0.02198
183377473356921	0.054950003	0.19415668	-0.02198
183377478474004	0.059834447	0.18927222	-0.024422223
183377492222493	0.05250778	0.18927222	-0.02075889
183377499685983	0.045181114	0.19049335	-0.013432222
183377515171139	0.034191113	0.19293556	-0.007326667
183377522867546	0.024422223	0.19782001	0.0024422223
183377531403327	0.02198	0.1965989	0.0048844446
183377537671139	0.029306669	0.20270446	0.014653334
183377545171139	0.04151778	0.21003112	0.017095556
183377552671139	0.04029667	0.21735778	0.017095556
183377560171139	0.034191113	0.22102112	0.028085556
183377567671139	0.029306669	0.22468445	0.029306669
183377575171139	0.03297	0.2283478	0.015874445
183377582671139	0.024422223	0.23323223	0.019537779
183377590171139	0.019537779	0.23567446	0.02198
183377597671139	0.029306669	0.2295689	0.018316668
183377605171139	0.037854444	0.2283478	0.009768889
183377612671139	0.024422223	0.2283478	0.012211111
183377620171139	0.019537779	0.2185789	0.02198
183377627671139	0.017095556	0.21247335	0.014653334
183377635171139	0.03297	0.21003112	0.019537779
183377642671139	0.05006556	0.20026223	0.024422223
183377650171139	0.05372889	0.18927222	0.018316668
183377657671139	0.05006556	0.18194556	0.018316668
183377665171139	0.046402223	0.17584	0.013432222
183377672671139	0.046402223	0.16851334	0.009768889
183377680171139	0.04029667	0.16851334	0.017095556
183377687671139	0.035412222	0.16729222	0.02075889
183377695171139	0.034191113	0.16973445	0.018316668
183377702671139	0.03297	0.16240779	0.029306669
183377710171139	0.024422223	0.15386	0.029306669
183377717671139	0.009768889	0.15508112	0.03297
183377778024108	0.0012211112	0.14531223	0.035412222
183377732671139	-0.0036633336	0.13554333	0.04151778
183377740171139	-0.013432222	0.1306589	0.039075557
183377747671139	-0.03052778	0.12821667	0.04151778
183377755171139	-0.036633335	0.123332225	0.047623336
183377762671139	-0.03174889	0.10867889	0.04396
183377770171139	-0.04151778	0.10013112	0.035412222
183377777671139	-0.05250778	0.089141116	0.036633335
183377785171139	-0.05372889	0.07448778	0.034191113
183377792671139	-0.04029667	0.05617111	0.03297
183377800171139	-0.024422223	0.04151778	0.028085556
183377807671139	-0.02198	0.03052778	0.028085556
183377815171139	-0.03052778	0.015874445	0.026864445
183377822671139	-0.03174889	0.0048844446	0.018316668
183377830171139	-0.028085556	-0.013432222	0.02075889
183377933429108	-0.03174889	-0.029306669	0.015874445
183377934716452	-0.03297	-0.047623336	0.009768889
183377943996087	-0.037854444	-0.06349778	0.009768889
183377949716452	-0.037854444	-0.08303556	0.009768889
183377961778483	-0.029306669	-0.10135223	0.019537779
183377973097702	-0.03297	-0.11966889	0.013432222
183377984188379	-0.05372889	-0.13432223	0.009768889
183377990543379	-0.06594	-0.15019667	0.014653334
183377987216452	-0.06960334	-0.16973445	0.019537779
183377994716452	-0.09646778	-0.18194556	0.02075889
183378002216452	-0.09402556	-0.20148334	0.007326667
183378009716452	-0.07570889	-0.2185789	0.018316668
183378017216452	-0.07204556	-0.23079	0.024422223
183378024716452	-0.089141116	-0.23811668	0.013432222
183378032216452	-0.11234222	-0.25399113	0.0012211112
183378039716452	-0.1306589	-0.2735289	0.0
183378078301035	-0.13554333	-0.2942878	0.0061055557
183378091552649	-0.12943779	-0.31993112	0.0024422223
183378062216452	-0.13310112	-0.3394689	0.0
183378110306504	-0.12943779	-0.36633334	0.0
183378077216452	-0.106236674	-0.39197668	-0.0024422223
183378084716452	-0.102573335	-0.40174556	-0.012211111
183378092216452	-0.11966889	-0.42128336	-0.028085556
183378099716452	-0.15630223	-0.43960002	-0.03052778
183378154879368	-0.15874445	-0.46280113	-0.025643334
183378169879368	-0.12699556	-0.5006556	-0.037854444
183378129716452	-0.13188	-0.5140878	-0.026864445
183378137216452	-0.14409111	-0.5324045	-0.023201112
183378144716452	-0.18438779	-0.54339445	-0.019537779
183378152216452	-0.20026223	-0.5580478	-0.02198
183378159716452	-0.18805112	-0.5775856	-0.015874445
183378167216452	-0.2185789	-0.59590226	-0.015874445
183378174716452	-0.26498112	-0.61544	-0.007326667
183378182216452	-0.2613178	-0.6349778	0.012211111
183378189716452	-0.22712667	-0.6557367	-0.0048844446
183378197216452	-0.21369445	-0.67161113	-0.0012211112
183378204716452	-0.21125223	-0.6899278	0.0036633336
183378212216452	-0.22346334	-0.69481224	0.012211111
183378219716452	-0.2295689	-0.7106867	0.0024422223
183378227216452	-0.25277	-0.71801335	0.012211111
183378234716452	-0.19537778	-0.80104893	-0.018316668
183378339303066	-0.26742333	-0.58613336	0.017095556
183378339418587	-0.11112112	-0.7815111	0.03052778
183378347311556	-0.20514667	-0.6935911	-0.018316668
183378351404629	-0.26742333	-0.70580226	0.0048844446
183378358904629	-0.18683001	-0.7314456	0.012211111
183378370939576	-0.21369445	-0.6789378	-0.015874445
183378385939576	-0.26620224	-0.68626446	-0.024422223
183378395091608	-0.27963445	-0.6801589	0.0036633336
183378399772337	-0.25765446	-0.6679478	0.015874445
183378411774993	-0.23445335	-0.66428447	0.009768889
183378423709941	-0.25887558	-0.6447467	0.02075889
183378436089368	-0.27475002	-0.62643003	0.026864445
183378443461139	-0.27108666	-0.60811335	0.034191113
183378426404629	-0.27230778	-0.58247	0.036633335
183378464686087	-0.27475002	-0.5458367	0.029306669
183378448904629	-0.26498112	-0.52996224	0.024422223
183378456404629	-0.2503278	-0.51653004	0.009768889
183378463904629	-0.23811668	-0.50554	0.0061055557
183378471404629	-0.22102112	-0.49943447	-0.0048844446
183378478904629	-0.20636779	-0.4921078	-0.017095556
183378486404629	-0.20026223	-0.48966557	-0.02075889
183378493904629	-0.18194556	-0.4921078	-0.019537779
183378501404629	-0.15141778	-0.48600224	-0.03174889
183378558300149	-0.12211112	-0.48600224	-0.04029667
183378563283639	-0.10013112	-0.4798967	-0.054950003
183378576000774	-0.102573335	-0.47379112	-0.059834447
183378588655931	-0.07693	-0.4713489	-0.06716111
183378596273431	-0.059834447	-0.4591378	-0.068382226
183378609700514	-0.045181114	-0.4493689	-0.07693
183378617064108	-0.012211111	-0.43960002	-0.08792
183378627481712	0.029306669	-0.42250445	-0.08669889
183378636218691	0.06227667	-0.40785113	-0.09036223
183378648064941	0.06594	-0.39075556	-0.091583334
183378655464316	0.05372889	-0.37366003	-0.098910004
183378667079785	0.04396	-0.35656446	-0.09036223
183378674632753	0.03174889	-0.32970002	-0.091583334
183378686260358	0.024422223	-0.30649891	-0.085477784
183378693046555	0.046402223	-0.2820767	-0.081814446
183378704266087	0.08792	-0.26009667	-0.08425667
183378713091347	0.10135223	-0.23201112	-0.07937223
183378720938118	0.08425667	-0.20392556	-0.06594
183378741990305	0.064718895	-0.1746189	-0.057392225
183378742088951	0.046402223	-0.14409111	-0.048844445
183378746590670	0.034191113	-0.11478445	-0.036633335
183378754090670	0.045181114	-0.089141116	-0.026864445
183378768653274	0.06960334	-0.06594	-0.02075889
183378775754941	0.06594	-0.042738892	-0.019537779
183378786967337	0.06105556	-0.018316668	-0.015874445
183378799920826	0.06594	0.0048844446	-0.015874445
183378808652285	0.058613338	0.023201112	-0.0048844446
183378819118274	0.05250778	0.046402223	0.0
183378806590670	0.051286668	0.06716111	-0.0061055557
183378814090670	0.05250778	0.08669889	0.0048844446
183378821590670	0.05250778	0.10501556	0.009768889
183378829090670	0.06227667	0.11844778	0.007326667
183378836590670	0.07937223	0.12455334	-0.0024422223
183378873416191	0.089141116	0.13432223	-0.0061055557
183378888122389	0.106236674	0.14042778	-0.0024422223
183378895890253	0.11966889	0.1526389	-0.0024422223
183378903695930	0.123332225	0.16362889	-0.01099
183378914287597	0.11600556	0.17584	-0.0024422223
183378881590670	0.10867889	0.18805112	0.009768889
183378933352232	0.102573335	0.21125223	-0.0024422223
183378904090670	0.09524667	0.22468445	-0.0024422223
183378911590670	0.091583334	0.24055889	0.0061055557
183378919090670	0.106236674	0.25643334	0.014653334
183378926590670	0.11112112	0.26864445	-0.0048844446
183378934090670	0.11844778	0.27841336	-0.013432222
183378941590670	0.11356334	0.28818223	-0.0048844446
183378949090670	0.10135223	0.29795113	0.0
183378956590670	0.09280445	0.30772	0.007326667
183378964090670	0.08792	0.3162678	0.0024422223
183378971590670	0.07204556	0.32237336	0.009768889
183378979090670	0.054950003	0.3284789	0.01099
183378986590670	0.051286668	0.3309211	0.012211111
183379067957857	0.059834447	0.3260367	0.018316668
183379001590670	0.07570889	0.3284789	0.018316668
183379009090670	0.08059334	0.3284789	0.017095556
183379093134837	0.08059334	0.33214223	0.007326667
183379100098951	0.08059334	0.33580557	0.009768889
183379031590670	0.09036223	0.3394689	0.007326667
183379039090670	0.10013112	0.34069002	-0.0012211112
183379046590670	0.102573335	0.34191114	0.0
183379054090670	0.08425667	0.34435335	0.0036633336
183379061590670	0.06716111	0.34191114	0.014653334
183379163162909	0.06716111	0.3394689	0.008547778
183379169599316	0.068382226	0.3382478	0.007326667
183379177099316	0.059834447	0.3394689	0.015874445
183379184599316	0.06349778	0.3394689	0.01099
183379192099316	0.07204556	0.3370267	0.01099
183379199599316	0.08303556	0.3309211	0.014653334
183379207099316	0.081814446	0.3260367	0.0036633336
183379214599316	0.070824444	0.3284789	0.0012211112
183379222099316	0.054950003	0.32481557	0.007326667
183379250728899	0.05372889	0.32970002	0.009768889
183379258770149	0.05617111	0.33458444	0.0024422223
183379244599316	0.06349778	0.32970002	0.0012211112
183379286278951	0.07326667	0.31138334	0.009768889
183379267099316	0.05372889	0.30161446	0.009768889
183379274599316	0.04029667	0.29062447	0.01099
183379316242649	0.036633335	0.2820767	0.0036633336
183379327156764	0.035412222	0.26986557	0.018316668
183379336202597	0.034191113	0.2625389	0.013432222
183379304599316	0.034191113	0.25521225	-0.0012211112
183379354911555	0.045181114	0.24910668	-0.0061055557
183379319599316	0.04396	0.24178001	-0.0012211112
183379377860253	0.03052778	0.23445335	0.013432222
183379384024211	0.03297	0.22590557	0.02075889
183379399024211	0.02198	0.21980001	0.025643334
183379357099316	0.0024422223	0.22224224	0.03297
183379364599316	-0.0036633336	0.21980001	0.04396
183379372099316	-0.0061055557	0.2185789	0.04029667
183379379599316	-0.009768889	0.21125223	0.048844445
183379387099316	-0.01099	0.20881	0.05006556
183379394599316	-0.024422223	0.2075889	0.046402223
183379402099316	-0.025643334	0.21125223	0.057392225
183379478488847	-0.02075889	0.21247335	0.07204556
183379417099316	-0.024422223	0.2075889	0.06594
183379497322857	-0.035412222	0.20514667	0.07204556
183379509141243	-0.05250778	0.20148334	0.09280445
183379520066503	-0.051286668	0.20148334	0.09768889
183379528314211	-0.06960334	0.19537778	0.09524667
183379539974524	-0.091583334	0.19293556	0.10501556
183379545803743	-0.09646778	0.1856089	0.10379445
183379557706868	-0.091583334	0.17339778	0.10379445
183379568701659	-0.09524667	0.17095557	0.11234222
183379484599316	-0.098910004	0.16729222	0.12089001
183379589741451	-0.09524667	0.16240779	0.11112112
183379595305982	-0.08792	0.15630223	0.11234222
183379602805982	-0.08425667	0.15630223	0.12455334
183379610305982	-0.08425667	0.16485001	0.12455334
183379617805982	-0.08669889	0.17095557	0.12455334
183379642293534	-0.07693	0.18072446	0.12455334
183379632805982	-0.07204556	0.18805112	0.13798556
183379651436816	-0.081814446	0.19415668	0.14775445
183379661057701	-0.09524667	0.20026223	0.14042778
183379667996503	-0.09768889	0.19782001	0.14897557
183379662805982	-0.098910004	0.19537778	0.15996556
183379670305982	-0.10379445	0.18805112	0.16118668
183379696676451	-0.11234222	0.18438779	0.14409111
183379708177545	-0.102573335	0.17706113	0.14287001
183379716435357	-0.07693	0.16485001	0.13920668
183379731435357	-0.048844445	0.15874445	0.12943779
183379707805982	-0.02198	0.1526389	0.11356334
183379715305982	-0.008547778	0.14653334	0.10745778
183379722805982	0.0048844446	0.13920668	0.106236674
183379730305982	0.01099	0.13798556	0.098910004
183379737805982	0.008547778	0.14287001	0.10135223
183379745305982	0.0012211112	0.13798556	0.106236674
183379752805982	-0.012211111	0.14042778	0.102573335
183379760305982	-0.014653334	0.14042778	0.091583334
183379767805982	-0.0036633336	0.13798556	0.09646778
183379775305982	-0.0036633336	0.13798556	0.11112112
183379782805982	0.0036633336	0.13310112	0.10501556
183379840283482	0.014653334	0.12821667	0.10379445
183379797805982	0.026864445	0.12211112	0.10501556
183379859558326	0.0061055557	0.12821667	0.10379445
183379871631920	-0.0048844446	0.13676445	0.09524667
183379885119003	-0.0012211112	0.13310112	0.085477784
183379892149784	0.013432222	0.12821667	0.089141116
183379903632440	0.019537779	0.12089001	0.078151114
183379842805982	0.023201112	0.11478445	0.070824444
183379922546659	0.03052778	0.10501556	0.07326667
183379937546659	0.054950003	0.07448778	0.059834447
183379872805982	0.06716111	0.064718895	0.054950003
183379880305982	0.091583334	0.054950003	0.04396
183379887805982	0.091583334	0.045181114	0.05372889
183379980605149	0.07570889	0.04029667	0.048844445
183379989835982	0.078151114	0.035412222	0.035412222
183379910305982	0.10013112	0.019537779	0.024422223
183379917805982	0.078151114	0.017095556	0.024422223
183380018410774	0.034191113	0.014653334	0.01099
183380025816138	0.014653334	0.0048844446	0.0061055557
183380033316138	0.03174889	-0.007326667	0.0048844446
183380040816138	0.06227667	-0.02075889	-0.0048844446
183380048316138	0.08303556	-0.03297	-0.02075889
183380055816138	0.10135223	-0.046402223	-0.025643334
183380063316138	0.10867889	-0.058613338	-0.028085556
183380070816138	0.11234222	-0.06594	-0.037854444
183380078316138	0.09402556	-0.068382226	-0.045181114
183380085816138	0.06594	-0.06594	-0.048844445
183380093316138	0.045181114	-0.064718895	-0.04151778
183380100816138	0.039075557	-0.058613338	-0.039075557
183380108316138	0.05006556	-0.05250778	-0.04396
183380115816138	0.06960334	-0.05250778	-0.042738892
183380123316138	0.091583334	-0.057392225	-0.04151778
183380130816138	0.09768889	-0.05617111	-0.04151778
183380138316138	0.091583334	-0.059834447	-0.04029667
183380145816138	0.08669889	-0.06349778	-0.046402223
183380153316138	0.07570889	-0.06594	-0.04396
183380160816138	0.058613338	-0.06349778	-0.04396
183380168316138	0.05250778	-0.057392225	-0.05372889
183380175816138	0.06227667	-0.058613338	-0.059834447
183380183316138	0.08425667	-0.06227667	-0.06716111
183380190816138	0.11478445	-0.07326667	-0.08059334
183380198316138	0.18194556	-0.091583334	-0.09646778
183380205816138	0.21613668	-0.098910004	-0.10867889
183380213316138	0.19537778	-0.106236674	-0.12699556
183380220816138	0.14042778	-0.10501556	-0.13432223
183380228316138	0.11478445	-0.098910004	-0.13920668
183380235816138	0.12211112	-0.09768889	-0.15630223
183380243316138	0.12943779	-0.098910004	-0.17706113
183380250816138	0.15141778	-0.10501556	-0.1856089
183380258316138	0.18316667	-0.11234222	-0.17950334
183380265816138	0.20026223	-0.11844778	-0.18438779
183380273316138	0.19415668	-0.1306589	-0.19415668
183380280816138	0.18927222	-0.14287001	-0.18438779
183380288316138	0.16362889	-0.15141778	-0.1746189
183380295816138	0.12577444	-0.15141778	-0.16240779
183380303316138	0.10501556	-0.15508112	-0.14897557
183380310816138	0.12211112	-0.15019667	-0.14164889
183380318316138	0.15386	-0.14409111	-0.13554333
183380325816138	0.16362889	-0.13432223	-0.11966889
183380333316138	0.16485001	-0.123332225	-0.10745778
183380340816138	0.15386	-0.11234222	-0.10135223
183380348316138	0.14775445	-0.09402556	-0.08303556
183380454532024	0.12943779	-0.070824444	-0.08792
183380459060982	0.09646778	-0.058613338	-0.09646778
183380466560982	0.064718895	-0.05372889	-0.09036223
183380474060982	0.04151778	-0.047623336	-0.09402556
183380481560982	0.042738892	-0.04151778	-0.091583334
183380489060982	0.06716111	-0.04029667	-0.085477784
183380496560982	0.081814446	-0.023201112	-0.081814446
183380504060982	0.081814446	-0.0061055557	-0.089141116
183380511560982	0.057392225	0.009768889	-0.098910004
183380536995826	-0.013432222	0.017095556	-0.10501556
183380534060982	-0.024422223	0.018316668	-0.102573335
183380541560982	-0.012211111	0.0048844446	-0.089141116
183380549060982	0.007326667	-0.0012211112	-0.09524667
183380556560982	-0.014653334	0.0012211112	-0.09280445
183380594180461	-0.04151778	0.007326667	-0.089141116
183380598746711	-0.07570889	0.0061055557	-0.09524667
183380612777023	-0.15752333	0.02075889	-0.10745778
183380622153326	-0.25399113	0.025643334	-0.106236674
183380637153326	-0.23811668	0.02075889	-0.102573335
183380616560982	-0.13676445	0.017095556	-0.08669889
183380624060982	-0.07570889	0.0061055557	-0.09280445
183380631560982	-0.089141116	-0.007326667	-0.10013112
183380639060982	-0.12821667	-0.012211111	-0.10013112
183380646560982	-0.14409111	-0.017095556	-0.106236674
183380706089159	-0.18194556	-0.025643334	-0.11966889
183380669060982	-0.18683001	-0.03174889	-0.12943779
183380676560982	-0.15752333	-0.047623336	-0.14409111
183380743329419	-0.102573335	-0.046402223	-0.13432223
183380691560982	-0.03297	-0.051286668	-0.12211112
183380699060982	0.0036633336	-0.05006556	-0.13310112
183380771738430	0.008547778	-0.042738892	-0.12821667
183380786738430	0.02198	-0.035412222	-0.11966889
183380729060982	-0.0012211112	-0.03052778	-0.11112112
183380736560982	-0.064718895	-0.023201112	-0.098910004
183380744060982	-0.11844778	-0.018316668	-0.08792
183380751560982	-0.12211112	-0.015874445	-0.08425667
183380759060982	-0.11356334	-0.023201112	-0.048844445
183380766560982	-0.06227667	-0.024422223	-0.037854444
183380774060982	-0.02075889	-0.009768889	-0.035412222
183380781560982	-0.015874445	0.0036633336	-0.034191113
183380894560930	-0.05617111	0.02075889	-0.019537779
183380894655409	-0.11478445	0.042738892	-0.014653334
183380900091242	-0.20270446	0.07204556	-0.02075889
183380914953430	-0.3052778	0.10135223	-0.024422223
183380922013742	-0.36389112	0.12211112	-0.02075889
183380930294992	-0.35534334	0.14042778	-0.029306669
183380939255305	-0.30772	0.14531223	-0.045181114
183380954255305	-0.14164889	0.15874445	-0.06349778
183380952591242	-0.10013112	0.15386	-0.07937223
183380960091242	-0.08425667	0.15874445	-0.081814446
183380967591242	-0.091583334	0.15874445	-0.09402556
183380975091242	-0.11966889	0.15874445	-0.11112112
183380982591242	-0.16362889	0.16362889	-0.11112112
183380990091242	-0.21980001	0.16729222	-0.102573335
183380997591242	-0.2515489	0.15874445	-0.09646778
183381005091242	-0.19293556	0.15141778	-0.09768889
183381012591242	-0.048844445	0.14531223	-0.085477784
183381020091242	0.081814446	0.14409111	-0.08059334
183381027591242	0.123332225	0.14042778	-0.08669889
183381035091242	0.091583334	0.13676445	-0.07693
183381042591242	0.036633335	0.13920668	-0.05006556
183381050091242	-0.018316668	0.14164889	-0.048844445
183381106146398	-0.07570889	0.14164889	-0.03174889
183381113782388	-0.15508112	0.14775445	0.0024422223
183381124058117	-0.22712667	0.14775445	0.02198
183381137086138	-0.26864445	0.15630223	0.03052778
183381087591242	-0.2845189	0.16240779	0.042738892
183381151419732	-0.27719223	0.16607112	0.04396
183381155550305	-0.22590557	0.16362889	0.042738892
183381168881398	-0.14531223	0.16240779	0.039075557
183381117591242	-0.058613338	0.17095557	0.039075557
183381125091242	0.009768889	0.16607112	0.03297
183381132591242	0.035412222	0.16118668	0.05006556
183381207806398	0.024422223	0.16973445	0.048844445
183381220062492	-0.0048844446	0.1746189	0.05372889
183381228496867	-0.054950003	0.17217667	0.059834447
183381238266190	-0.102573335	0.16973445	0.07570889
183381248341346	-0.15141778	0.16362889	0.08303556
183381257976034	-0.18805112	0.14409111	0.08669889
183381185091242	-0.15508112	0.11966889	0.085477784
183381276826971	-0.081814446	0.09768889	0.09036223
183381288425773	-0.0012211112	0.08669889	0.09036223
183381293614679	0.014653334	0.059834447	0.11844778
183381215091242	-0.039075557	0.034191113	0.13432223
183381222591242	-0.018316668	0.03297	0.09524667
183381321350357	-0.017095556	0.025643334	0.106236674
183381331251294	-0.05617111	0.017095556	0.10135223
183381338751294	-0.07937223	0.02075889	0.09280445
183381346251294	-0.09280445	0.013432222	0.10745778
183381353751294	-0.085477784	0.012211111	0.09402556
183381361251294	-0.07204556	0.018316668	0.07326667
183381368751294	-0.08425667	0.0048844446	0.09646778
183381376251294	-0.015874445	0.012211111	0.08059334
183381383751294	0.012211111	0.01099	0.09280445
183381416835669	0.023201112	0.024422223	0.07693
183381406251294	0.0061055557	0.023201112	0.08059334
183381437972388	0.0012211112	0.037854444	0.07570889
183381448341190	-0.018316668	0.04151778	0.08425667
183381458305721	-0.04029667	0.04029667	0.10013112
183381436251294	-0.042738892	0.051286668	0.098910004
183381443751294	-0.034191113	0.06105556	0.10379445
183381451251294	0.0048844446	0.070824444	0.11234222
183381458751294	0.037854444	0.07448778	0.12699556
183381466251294	0.058613338	0.08425667	0.12455334
183381473751294	0.064718895	0.091583334	0.12943779
183381481251294	0.05250778	0.089141116	0.14775445
183381488751294	0.059834447	0.09280445	0.14287001
183381496251294	0.05006556	0.081814446	0.14531223
183381503751294	0.04029667	0.07448778	0.14775445
183381511251294	0.029306669	0.07204556	0.16240779
183381518751294	0.024422223	0.070824444	0.16607112
183381526251294	0.0012211112	0.06594	0.16851334
183381533751294	0.015874445	0.068382226	0.16118668
183381541251294	0.024422223	0.070824444	0.16973445
183381548751294	0.018316668	0.06716111	0.17217667
183381556251294	0.0036633336	0.070824444	0.16607112
183381563751294	-0.007326667	0.06960334	0.15386
183381650955252	0.013432222	0.06594	0.15508112
183381586251294	0.02075889	0.06716111	0.1526389
183381593751294	0.0012211112	0.06594	0.1526389
183381601251294	-0.03297	0.064718895	0.15508112
183381608751294	-0.068382226	0.06227667	0.16118668
183381701716502	-0.091583334	0.05250778	0.14775445
183381707831919	-0.081814446	0.048844445	0.15752333
183381631251294	-0.054950003	0.04151778	0.16485001
183381638751294	-0.012211111	0.04029667	0.12699556
183381646251294	0.0024422223	0.02198	0.13798556
183381653751294	0.035412222	0.013432222	0.13432223
183381661251294	0.06227667	0.008547778	0.11356334
183381764424471	0.07326667	0.0	0.10135223
183381771924471	0.078151114	-0.0048844446	0.09646778
183381779424471	0.03297	-0.015874445	0.11234222
183381786924471	0.05617111	-0.025643334	0.085477784
183381794424471	0.07937223	-0.028085556	0.068382226
183381801924471	0.08792	-0.037854444	0.06716111
183381809424471	0.098910004	-0.048844445	0.08059334
183381816924471	0.12821667	-0.042738892	0.08425667
183381824424471	0.16851334	-0.047623336	0.07937223
183381831924471	0.20148334	-0.048844445	0.07326667
183381862304158	0.22346334	-0.047623336	0.07570889
183381846924471	0.21003112	-0.051286668	0.07570889
183381854424471	0.16607112	-0.054950003	0.09402556
183381861924471	0.15386	-0.06105556	0.089141116
183381869424471	0.14531223	-0.058613338	0.091583334
183381876924471	0.12699556	-0.05617111	0.09524667
183381884424471	0.10135223	-0.057392225	0.10135223
183381891924471	0.10745778	-0.06105556	0.117226675
183381938419940	0.123332225	-0.05372889	0.11966889
183381949832283	0.15019667	-0.047623336	0.11844778
183381956323950	0.15141778	-0.04029667	0.12089001
183381969526033	0.12943779	-0.029306669	0.12821667
183381977846502	0.09402556	-0.02075889	0.12699556
183381936924471	0.057392225	-0.023201112	0.14042778
183381944424471	0.03174889	-0.015874445	0.14531223
183381951924471	0.023201112	-0.007326667	0.13554333
183381959424471	0.008547778	-0.013432222	0.15019667
183381966924471	0.029306669	0.0012211112	0.15874445
183381974424471	-0.0048844446	0.046402223	0.16851334
183381981924471	-0.059834447	0.048844445	0.19537778
183381989424471	-0.10745778	0.037854444	0.21735778
183381996924471	-0.11600556	0.034191113	0.22102112
183382071774575	-0.089141116	0.017095556	0.20881
183382077365356	-0.07570889	0.0048844446	0.20881
183382091528846	-0.06349778	-0.015874445	0.20026223
183382026924471	-0.045181114	-0.028085556	0.1856089
183382034424471	-0.028085556	-0.034191113	0.17095557
183382041924471	-0.017095556	-0.03297	0.17339778
183382049424471	-0.024422223	-0.028085556	0.17095557
183382056924471	-0.036633335	-0.029306669	0.15752333
183382064424471	-0.058613338	-0.02198	0.16118668
183382071924471	-0.05617111	-0.01099	0.15874445
183382079424471	-0.06716111	0.0012211112	0.14653334
183382086924471	-0.091583334	-0.0024422223	0.14531223
183382186929002	-0.10501556	-0.0048844446	0.1526389
183382194429002	-0.12211112	-0.0048844446	0.14531223
183382201929002	-0.098910004	-0.013432222	0.13432223
183382209429002	-0.09280445	-0.018316668	0.12821667
183382216929002	-0.09402556	-0.02075889	0.12943779
183382224429002	-0.106236674	-0.024422223	0.11844778
183382231929002	-0.10745778	-0.02075889	0.11966889
183382239429002	-0.12943779	-0.019537779	0.16485001
183382246929002	-0.04396	-0.01099	0.13188
183382254429002	-0.024422223	-0.0024422223	0.09524667
183382261929002	-0.05250778	-0.019537779	0.102573335
183382269429002	-0.05250778	-0.04029667	0.091583334
183382276929002	-0.06105556	-0.029306669	0.08303556
183382284429002	-0.064718895	-0.034191113	0.085477784
183382291929002	-0.09768889	-0.019537779	0.081814446
183382332561033	-0.12089001	-0.01099	0.08303556
183382341970825	-0.14531223	-0.0061055557	0.081814446
183382353506919	-0.16485001	-0.0024422223	0.08792
183382359777231	-0.14042778	-0.0061055557	0.08669889
183382373908898	-0.10135223	-0.007326667	0.06594
183382380652023	-0.057392225	-0.0036633336	0.048844445
183382393715304	-0.03174889	-0.009768889	0.04396
183382401553898	-0.028085556	-0.012211111	0.042738892
183382408084471	-0.04151778	-0.015874445	0.023201112
183382419389835	-0.078151114	-0.013432222	0.025643334
183382430547544	-0.109900005	-0.014653334	0.03052778
183382381929002	-0.12577444	-0.015874445	0.034191113
183382448620981	-0.13676445	-0.015874445	0.037854444
183382456942075	-0.1526389	-0.013432222	0.035412222
183382466444210	-0.15019667	-0.008547778	0.04029667
183382471822700	-0.1526389	-0.0036633336	0.048844445
183382484429054	-0.14775445	0.0024422223	0.047623336
183382426929002	-0.15508112	0.0	0.039075557
183382434429002	-0.15386	-0.0048844446	0.037854444
183382441929002	-0.14531223	-0.007326667	0.037854444
