183578236927933	0.013432222	0.017095556	0.085477784
183578261108818	5.9590225	-1.4079412	21.475681
183578333749495	0.05372889	0.04029667	0.59834445
183578341249495	0.05372889	0.039075557	0.3492378
183578350553505	-0.018316668	0.046402223	-0.11234222
183578365553505	-11.405178	1.8231189	-29.371387
183578380553505	-0.84745115	-0.17217667	2.0282657
183578395553505	-0.64963114	0.34557447	-1.4531223
183578393749495	-0.40907225	0.24788557	-1.9501145
183578401249495	-0.03174889	0.025643334	0.26864445
183578408749495	0.07937223	-0.034191113	0.8486723
183578416249495	0.106236674	-0.0061055557	-0.4481478
183578423749495	0.08059334	-0.0012211112	-0.52752
183578431249495	0.03297	-0.0048844446	0.28329778
183578438749495	0.015874445	0.012211111	0.15141778
183578446249495	0.0024422223	0.03052778	-0.3394689
183578453749495	-0.028085556	0.036633335	-0.14409111
183578461249495	-0.048844445	0.04029667	0.13920668
183578468749495	-0.037854444	0.045181114	-0.028085556
183578476249495	-0.0024422223	0.047623336	-0.15874445
183578483749495	0.0012211112	0.04396	-0.02198
183578491249495	-0.03052778	0.037854444	0.042738892
183578498749495	-0.046402223	0.03174889	-0.047623336
183578506249495	-0.034191113	0.023201112	-0.06227667
183578513749495	-0.0012211112	0.01099	0.0048844446
183578521249495	0.034191113	0.0	0.0048844446
183578528749495	0.05372889	-0.012211111	-0.035412222
183578536249495	0.059834447	-0.01099	-0.019537779
183578543749495	0.07448778	-0.018316668	0.009768889
183578551249495	0.08669889	-0.028085556	-0.0061055557
183578558749495	0.08059334	-0.03174889	-0.02075889
183578566249495	0.059834447	-0.03174889	0.008547778
183578573749495	0.054950003	-0.035412222	0.023201112
183578581249495	0.051286668	-0.037854444	0.012211111
183578588749495	0.04151778	-0.037854444	0.014653334
183578688779078	0.029306669	-0.03174889	0.025643334
183578696279078	0.024422223	-0.026864445	0.014653334
183578703779078	0.02198	-0.017095556	0.02075889
183578711279078	0.024422223	-0.0024422223	0.009768889
183578718779078	0.019537779	0.0048844446	0.0
183578726279078	0.0012211112	0.01099	-0.0036633336
183578733779078	-0.008547778	0.012211111	-0.0012211112
183578741279078	0.014653334	0.019537779	-0.018316668
183578748779078	0.02075889	0.025643334	-0.034191113
183578768746214	-0.0048844446	0.03052778	-0.028085556
183578763779078	-0.023201112	0.04151778	-0.014653334
183578771279078	-0.019537779	0.05250778	-0.029306669
183578778779078	-0.019537779	0.047623336	-0.023201112
183578786279078	-0.024422223	0.04396	-0.007326667
183578793779078	-0.014653334	0.037854444	-0.01099
183578828897672	-0.0012211112	0.026864445	-0.01099
183578839176630	0.02198	0.02198	-0.0012211112
183578848911318	0.029306669	0.02198	0.0
183578823779078	0.023201112	0.02075889	-0.0061055557
183578831279078	0.007326667	0.014653334	-0.0036633336
183578838779078	-0.0048844446	0.01099	0.0012211112
183578846279078	0.0012211112	0.01099	0.007326667
183578853779078	0.017095556	0.01099	-0.0024422223
183578861279078	0.03052778	0.0048844446	-0.0048844446
183578868779078	0.023201112	-0.0012211112	0.0061055557
183578876279078	0.024422223	-0.0061055557	0.0048844446
183578883779078	0.024422223	-0.0036633336	0.0012211112
183578891279078	0.019537779	0.0024422223	0.008547778
183578898779078	0.009768889	0.0036633336	0.0024422223
183578906279078	-0.0024422223	0.0061055557	0.0048844446
183578913779078	-0.015874445	0.0061055557	0.007326667
183578921279078	-0.023201112	0.008547778	0.008547778
183578928779078	-0.018316668	0.009768889	-0.0012211112
183578936279078	-0.013432222	0.012211111	0.0024422223
183578943779078	-0.012211111	0.015874445	0.015874445
183578951279078	-0.0012211112	0.014653334	0.007326667
183578958779078	0.01099	0.01099	0.0061055557
183578966279078	0.023201112	0.008547778	0.015874445
183578973779078	0.018316668	0.0061055557	0.019537779
183578981279078	0.0036633336	0.0036633336	0.013432222
183578988779078	-0.014653334	0.0	0.008547778
183578996279078	-0.02198	-0.019537779	0.01099
183579003779078	-0.0036633336	-0.02198	0.0024422223
183579100697099	0.0012211112	-0.018316668	-0.0048844446
183579112463766	0.0036633336	-0.019537779	-0.01099
183579118667984	0.0024422223	-0.02075889	-0.015874445
183579126167984	-0.008547778	-0.019537779	-0.013432222
183579133667984	-0.017095556	-0.015874445	-0.012211111
183579141167984	-0.0012211112	-0.015874445	-0.0061055557
183579148667984	0.034191113	-0.012211111	-0.019537779
183579156167984	0.05006556	-0.008547778	-0.024422223
183579163667984	0.04029667	-0.01099	-0.02075889
183579188446995	0.04396	-0.013432222	-0.018316668
183579195512099	0.04151778	-0.008547778	-0.02075889
183579186167984	0.051286668	-0.02075889	-0.015874445
183579193667984	0.05372889	-0.036633335	-0.0036633336
183579201167984	0.04151778	-0.042738892	-0.007326667
183579237233661	0.037854444	-0.051286668	-0.01099
183579244569130	0.026864445	-0.06227667	-0.01099
183579256331109	0.01099	-0.064718895	-0.0061055557
183579231167984	-0.03052778	-0.068382226	-0.008547778
183579238667984	-0.06716111	-0.068382226	-0.019537779
183579246167984	-0.10013112	-0.07570889	-0.0024422223
183579253667984	-0.098910004	-0.089141116	-0.007326667
183579261167984	-0.07570889	-0.098910004	-0.009768889
183579268667984	-0.047623336	-0.109900005	-0.007326667
183579276167984	-0.007326667	-0.11844778	-0.018316668
183579283667984	0.025643334	-0.12699556	-0.014653334
183579291167984	0.04151778	-0.13188	-0.0048844446
183579356967151	0.047623336	-0.13554333	0.0
183579306167984	0.070824444	-0.13676445	-0.013432222
183579313667984	0.08303556	-0.12943779	0.0012211112
183579321167984	0.085477784	-0.12455334	0.0
183579328667984	0.04396	-0.117226675	-0.0012211112
183579336167984	0.013432222	-0.11844778	0.018316668
183579343667984	0.009768889	-0.11112112	0.034191113
183579351167984	0.039075557	-0.10501556	0.026864445
183579358667984	0.078151114	-0.09524667	0.03174889
183579366167984	0.09768889	-0.081814446	0.034191113
183579373667984	0.09768889	-0.06716111	0.035412222
183579381167984	0.089141116	-0.051286668	0.04396
183579388667984	0.09524667	-0.05372889	0.045181114
183579396167984	0.051286668	-0.037854444	0.045181114
183579403667984	-0.01099	-0.013432222	0.05006556
183579411167984	-0.036633335	0.0012211112	0.046402223
183579418667984	-0.028085556	0.009768889	0.051286668
183579426167984	-0.023201112	0.034191113	0.06960334
183579433667984	-0.007326667	0.036633335	0.08425667
183579441167984	0.014653334	0.05006556	0.09646778
183579544687828	0.023201112	0.07204556	0.10501556
183579551158192	0.012211111	0.09768889	0.11600556
183579558658192	0.017095556	0.109900005	0.12211112
183579566158192	0.048844445	0.10867889	0.13310112
183579573658192	0.089141116	0.102573335	0.15019667
183579581158192	0.10867889	0.09280445	0.16362889
183579588658192	0.10379445	0.085477784	0.17706113
183579596158192	0.089141116	0.08303556	0.18805112
183579603658192	0.05250778	0.070824444	0.20392556
183579630860849	0.017095556	0.06227667	0.2185789
183579618658192	-0.012211111	0.058613338	0.23323223
183579626158192	-0.009768889	0.05006556	0.2295689
183579633658192	-0.008547778	0.036633335	0.22468445
183579641158192	-0.0048844446	0.03297	0.22346334
183579648658192	0.0024422223	0.029306669	0.21491556
183579656158192	0.03297	0.025643334	0.18438779
183579663658192	0.06716111	0.023201112	0.15386
183579671158192	0.091583334	0.018316668	0.14164889
183579678658192	0.08792	0.013432222	0.13310112
183579686158192	0.06716111	0.02075889	0.11234222
183579693658192	0.042738892	0.034191113	0.09646778
183579701158192	0.019537779	0.03297	0.09280445
183579708658192	0.024422223	0.037854444	0.085477784
183579716158192	0.045181114	0.04151778	0.07326667
183579723658192	0.051286668	0.05006556	0.06960334
183579731158192	0.057392225	0.06960334	0.08303556
183579738658192	0.07937223	0.06960334	0.08669889
183579746158192	0.09524667	0.070824444	0.07448778
183579753658192	0.08792	0.06960334	0.07448778
183579761158192	0.034191113	0.06227667	0.09036223
183579768658192	-0.028085556	0.06105556	0.102573335
183579776158192	-0.034191113	0.05250778	0.10379445
183579783658192	0.0048844446	0.034191113	0.10013112
183579791158192	0.06594	0.015874445	0.081814446
183579798658192	0.085477784	0.009768889	0.064718895
183579806158192	0.06105556	0.0012211112	0.06227667
183579813658192	0.019537779	-0.012211111	0.068382226
183579821158192	-0.013432222	-0.02075889	0.068382226
183579828658192	-0.0061055557	-0.024422223	0.059834447
183579836158192	0.018316668	-0.025643334	0.05006556
183579843658192	0.05006556	-0.02198	0.035412222
183579851158192	0.085477784	-0.009768889	0.024422223
183579858658192	0.11478445	-0.0061055557	0.01099
183579866158192	0.098910004	0.0012211112	0.014653334
183579873658192	0.051286668	0.0	0.012211111
183579975443557	0.008547778	0.0024422223	0.0048844446
183579982943557	-0.007326667	0.007326667	0.0
183579990443557	-0.014653334	0.015874445	-0.009768889
183579997943557	-0.01099	0.02075889	-0.008547778
183580005443557	-0.0061055557	0.02198	-0.015874445
183580012943557	-0.017095556	0.019537779	-0.017095556
183580020443557	-0.04396	0.014653334	-0.01099
183580027943557	-0.05372889	0.02198	-0.01099
183580035443557	-0.04396	0.028085556	-0.0048844446
183580042943557	-0.025643334	0.03297	-0.0024422223
183580050443557	-0.019537779	0.035412222	-0.013432222
183580057943557	-0.024422223	0.024422223	0.0
183580065443557	-0.039075557	0.014653334	0.007326667
183580072943557	-0.03052778	-0.01099	-0.0036633336
183580080443557	-0.018316668	-0.02198	0.0
183580087943557	-0.029306669	-0.019537779	0.008547778
183580095443557	-0.04151778	-0.008547778	-0.013432222
183580102943557	-0.05372889	0.0061055557	-0.019537779
183580110443557	-0.06594	0.023201112	-0.02075889
183580117943557	-0.06349778	0.024422223	-0.024422223
183580125443557	-0.06349778	0.017095556	-0.03174889
183580132943557	-0.048844445	0.008547778	-0.047623336
183580140443557	-0.026864445	-0.0024422223	-0.04396
183580147943557	-0.01099	-0.009768889	-0.037854444
183580155443557	-0.013432222	-0.012211111	-0.058613338
183580162943557	-0.02075889	-0.012211111	-0.059834447
183580170443557	-0.034191113	-0.0061055557	-0.039075557
183580177943557	-0.036633335	-0.0024422223	-0.037854444
183580185443557	-0.04029667	0.0	-0.06349778
183580192943557	-0.03297	-0.007326667	-0.05617111
183580200443557	0.0	-0.017095556	-0.04151778
183580207943557	0.035412222	-0.023201112	-0.05250778
183580215443557	0.042738892	-0.025643334	-0.06594
183580222943557	0.023201112	-0.023201112	-0.06105556
183580301789755	-0.007326667	-0.012211111	-0.046402223
183580312166838	-0.037854444	-0.01099	-0.042738892
183580245443557	-0.05617111	-0.0036633336	-0.036633335
183580330870536	-0.045181114	-0.0036633336	-0.019537779
183580260443557	-0.03052778	-0.01099	-0.017095556
183580267943557	-0.012211111	-0.014653334	-0.02198
183580275443557	0.0	-0.024422223	-0.018316668
183580282943557	-0.008547778	-0.02198	-0.01099
183580387417359	-0.03174889	-0.018316668	-0.012211111
183580388754025	-0.04151778	-0.014653334	-0.018316668
183580395308609	-0.039075557	0.0	-0.017095556
183580402808609	-0.017095556	-0.0012211112	-0.01099
183580410308609	0.0024422223	0.0036633336	-0.018316668
183580417808609	0.018316668	0.0036633336	-0.03297
183580425308609	0.025643334	0.0012211112	-0.04151778
183580432808609	0.029306669	-0.0048844446	-0.03297
183580440308609	0.039075557	-0.0061055557	-0.037854444
183580462571057	0.054950003	-0.01099	-0.05250778
183580474269025	0.057392225	-0.0048844446	-0.04396
183580483220744	0.045181114	-0.0012211112	-0.04029667
183580495428869	0.025643334	0.0048844446	-0.046402223
183580504178505	0.0	0.009768889	-0.047623336
183580514564650	-0.009768889	0.015874445	-0.039075557
183580523331265	-0.0024422223	0.014653334	-0.048844445
183580534586942	-0.0036633336	0.008547778	-0.037854444
183580543483921	-0.007326667	0.0024422223	-0.034191113
183580558483921	0.009768889	-0.0012211112	-0.026864445
183580530308609	-0.0012211112	0.0061055557	-0.04029667
183580537808609	-0.0061055557	0.01099	-0.03052778
183580592083192	-0.014653334	0.009768889	-0.02198
183580598354911	-0.01099	0.009768889	-0.025643334
183580609511473	-0.0012211112	0.007326667	-0.023201112
183580614272932	-0.007326667	0.007326667	-0.024422223
183580629272932	-0.013432222	0.02198	-0.028085556
183580605308609	-0.014653334	0.019537779	-0.023201112
183580612808609	-0.018316668	0.025643334	-0.01099
183580620308609	-0.023201112	0.029306669	-0.009768889
183580627808609	-0.039075557	0.03174889	-0.014653334
183580635308609	-0.037854444	0.03052778	-0.014653334
183580642808609	-0.06105556	0.007326667	0.009768889
183580650308609	-0.014653334	0.0012211112	0.007326667
183580733227671	-0.035412222	0.026864445	0.009768889
183580745693713	0.008547778	0.015874445	-0.008547778
183580754181734	0.035412222	0.01099	0.0024422223
183580761186421	0.0036633336	0.024422223	-0.009768889
183580773280588	-0.01099	0.024422223	-0.015874445
183580779397202	-0.014653334	0.029306669	-0.0036633336
183580790576994	0.0	0.03174889	-0.009768889
183580797416369	0.029306669	0.026864445	-0.009768889
183580812636682	0.047623336	0.024422223	0.0012211112
183580816610379	0.04396	0.02198	-0.0048844446
183580824110379	0.017095556	0.018316668	0.013432222
183580831610379	-0.0061055557	0.02075889	0.024422223
183580839110379	-0.012211111	0.019537779	0.02198
183580846610379	0.0024422223	0.02075889	0.018316668
183580854110379	0.007326667	0.024422223	0.013432222
183580861610379	0.018316668	0.025643334	0.018316668
183580869110379	0.02075889	0.029306669	0.0048844446
183580876610379	0.03052778	0.034191113	-0.007326667
183580884110379	0.037854444	0.036633335	-0.007326667
183580891610379	0.03174889	0.037854444	0.0012211112
183580899110379	0.02198	0.037854444	0.01099
183580937901004	0.024422223	0.034191113	0.014653334
183580914110379	0.026864445	0.03174889	0.009768889
183580921610379	0.02075889	0.03174889	0.014653334
183580929110379	0.014653334	0.035412222	0.015874445
183580993635744	0.0036633336	0.037854444	-0.0024422223
183580959110379	0.0036633336	0.036633335	0.0048844446
183580966610379	0.0048844446	0.034191113	0.0036633336
183580974110379	0.019537779	0.034191113	0.0061055557
183580981610379	0.047623336	0.03297	0.0036633336
183580989110379	0.057392225	0.035412222	0.0036633336
183580996610379	0.04151778	0.04151778	0.007326667
183581062543244	0.029306669	0.04396	0.015874445
183581068719650	0.019537779	0.048844445	0.017095556
183581019110379	0.01099	0.048844445	0.017095556
183581026610379	0.015874445	0.046402223	0.013432222
183581034110379	0.03174889	0.048844445	0.007326667
183581041610379	0.037854444	0.05372889	-0.0012211112
183581049110379	0.025643334	0.057392225	-0.0036633336
183581127127931	0.008547778	0.06227667	-0.0048844446
183581138682671	-0.0012211112	0.06349778	-0.012211111
183581171276942	0.008547778	0.068382226	-0.017095556
183581171557619	0.02075889	0.07326667	-0.012211111
183581171631838	0.04029667	0.07570889	-0.014653334
183581186032671	0.039075557	0.08425667	-0.014653334
183581186663973	0.03297	0.08059334	-0.014653334
183581209249911	0.028085556	0.09402556	-0.0036633336
183581209163973	0.025643334	0.09524667	-0.014653334
183581216663973	0.02075889	0.09768889	-0.0048844446
183581224163973	0.01099	0.10135223	0.008547778
183581231663973	0.023201112	0.098910004	-0.0036633336
183581258218504	0.04396	0.091583334	-0.0012211112
183581246663973	0.05006556	0.09402556	0.0012211112
183581254163973	0.04151778	0.10501556	0.0036633336
183581285505379	0.045181114	0.11112112	-0.0061055557
183581269163973	0.051286668	0.11600556	-0.014653334
183581276663973	0.048844445	0.12089001	-0.009768889
183581316033765	0.03297	0.11966889	-0.012211111
183581299163973	0.034191113	0.11844778	-0.007326667
183581353715483	0.013432222	0.12943779	-0.0061055557
183581329163973	0.019537779	0.13798556	0.0061055557
183581336663973	0.024422223	0.14775445	0.0012211112
183581393103244	0.02075889	0.15141778	0.0024422223
183581407411473	0.02198	0.1526389	-0.0061055557
183581415357619	0.023201112	0.16118668	-0.0048844446
183581366663973	0.023201112	0.15996556	0.017095556
183581374163973	0.018316668	0.16118668	0.019537779
183581381663973	0.009768889	0.15874445	0.014653334
183581455181629	0.007326667	0.15874445	0.029306669
183581463005640	0.015874445	0.15508112	0.029306669
183581475403660	0.023201112	0.15386	0.017095556
183581483592463	0.039075557	0.15508112	0.02198
183581494439129	0.04151778	0.15874445	0.02075889
183581503110483	0.042738892	0.16118668	0.015874445
183581518110483	0.023201112	0.16607112	0.02075889
183581449163973	0.03052778	0.16118668	0.02075889
183581456663973	0.03174889	0.16118668	0.023201112
183581568422827	0.028085556	0.16851334	0.015874445
183581569990848	0.013432222	0.16851334	0.019537779
183581577490848	-0.0036633336	0.17095557	0.018316668
183581578931942	-0.0024422223	0.1746189	0.025643334
183581587250848	0.014653334	0.17217667	0.025643334
183581598774806	0.026864445	0.16973445	0.02075889
183581609516681	0.037854444	0.16607112	0.019537779
183581617265692	0.04151778	0.16485001	0.025643334
183581629596004	0.05250778	0.16240779	0.02075889
183581637086108	0.05372889	0.16118668	0.013432222
183581646674077	0.051286668	0.15874445	0.02075889
183581658854806	0.046402223	0.16118668	0.019537779
183581673854806	0.017095556	0.16485001	0.02198
183581668931942	0.026864445	0.16485001	0.028085556
183581676431942	0.017095556	0.16607112	0.023201112
183581683931942	0.007326667	0.16851334	0.02075889
183581691431942	-0.007326667	0.16729222	0.017095556
183581698931942	0.008547778	0.15996556	0.017095556
183581706431942	0.036633335	0.15874445	0.012211111
183581713931942	0.03297	0.15752333	0.012211111
183581721431942	0.035412222	0.15141778	0.015874445
183581728931942	0.042738892	0.15019667	0.03052778
183581736431942	0.04396	0.14653334	0.026864445
183581743931942	0.023201112	0.15019667	0.029306669
183581803726369	0.014653334	0.14897557	0.028085556
183581758931942	0.015874445	0.15019667	0.034191113
183581766431942	0.018316668	0.15019667	0.036633335
183581773931942	0.025643334	0.15752333	0.03297
183581781431942	0.024422223	0.15630223	0.024422223
183581847697619	0.015874445	0.15386	0.02198
183581859166369	0.008547778	0.15019667	0.029306669
183581868034702	-0.0048844446	0.14897557	0.028085556
183581877642202	0.0036633336	0.15019667	0.02198
183581818931942	0.024422223	0.1526389	0.009768889
183581826431942	0.04151778	0.14897557	0.015874445
183581833931942	0.05006556	0.14653334	0.018316668
183581841431942	0.05617111	0.14287001	0.0036633336
183581848931942	0.05250778	0.14042778	0.008547778
183581856431942	0.042738892	0.14042778	0.007326667
183581863931942	0.037854444	0.13554333	0.0048844446
183581871431942	0.035412222	0.13310112	0.0048844446
183581878931942	0.028085556	0.12943779	0.01099
183581886431942	0.025643334	0.12577444	0.009768889
183581893931942	0.035412222	0.12211112	0.0061055557
183581901431942	0.039075557	0.11600556	0.01099
183581908931942	0.026864445	0.11478445	0.01099
183582009624650	0.018316668	0.10867889	0.007326667
183582017124650	0.008547778	0.11234222	0.0061055557
183582024624650	0.009768889	0.11600556	0.018316668
183582032124650	0.03052778	0.12089001	0.015874445
183582039624650	0.05250778	0.11600556	0.008547778
183582047124650	0.051286668	0.11478445	0.0061055557
183582054624650	0.039075557	0.11234222	0.02198
183582062124650	0.014653334	0.106236674	0.034191113
183582088997410	0.0048844446	0.10501556	0.02198
183582077124650	-0.0036633336	0.102573335	0.025643334
183582084624650	-0.02075889	0.10135223	0.037854444
183582092124650	-0.03052778	0.10501556	0.029306669
183582099624650	-0.025643334	0.098910004	0.029306669
183582107124650	-0.025643334	0.09280445	0.023201112
183582139530119	-0.02075889	0.08792	0.017095556
183582122124650	-0.017095556	0.07326667	0.0061055557
183582129624650	0.0012211112	0.06105556	0.009768889
183582137124650	0.014653334	0.046402223	0.007326667
183582144624650	0.015874445	0.035412222	-0.0012211112
183582152124650	0.0	0.019537779	-0.009768889
183582159624650	-0.024422223	0.0036633336	-0.012211111
183582167124650	-0.034191113	-0.009768889	-0.007326667
183582174624650	-0.047623336	-0.02198	-0.0036633336
183582182124650	-0.05250778	-0.035412222	0.0012211112
183582241938660	-0.058613338	-0.04029667	-0.0061055557
183582253025535	-0.058613338	-0.046402223	-0.0036633336
183582204624650	-0.05617111	-0.057392225	-0.0036633336
183582212124650	-0.058613338	-0.07326667	0.0036633336
183582277850327	-0.070824444	-0.09768889	-0.009768889
183582227124650	-0.08792	-0.12089001	-0.009768889
183582234624650	-0.11356334	-0.14775445	0.0012211112
183582302822983	-0.13554333	-0.17217667	-0.0012211112
183582311964077	-0.18316667	-0.1856089	0.0
183582322388452	-0.20026223	-0.20392556	-0.0048844446
183582264624650	-0.16729222	-0.22346334	-0.007326667
183582272124650	-0.1526389	-0.23567446	-0.007326667
183582279624650	-0.15508112	-0.24788557	-0.015874445
183582287124650	-0.16973445	-0.25887558	-0.007326667
183582294624650	-0.18438779	-0.27963445	-0.0061055557
183582302124650	-0.15874445	-0.2955089	-0.029306669
183582309624650	-0.14287001	-0.31504667	-0.039075557
183582317124650	-0.13310112	-0.3370267	-0.042738892
183582421533504	-0.12455334	-0.35778558	-0.051286668
183582429033504	-0.13188	-0.37366003	-0.06105556
183582436533504	-0.14653334	-0.38953447	-0.06349778
183582454806108	-0.16851334	-0.40296668	-0.07570889
183582451533504	-0.18438779	-0.4261678	-0.07570889
183582484806108	-0.18927222	-0.45059	-0.06716111
183582466533504	-0.19537778	-0.47745445	-0.06716111
183582474033504	-0.2185789	-0.49577114	-0.078151114
183582481533504	-0.21247335	-0.5250778	-0.08792
183582489033504	-0.18927222	-0.5421733	-0.09768889
183582496533504	-0.1746189	-0.5653745	-0.10379445
183582504033504	-0.16851334	-0.58979666	-0.11478445
183582511533504	-0.17339778	-0.6007867	-0.11478445
183582519033504	-0.17217667	-0.61544	-0.11356334
183582526533504	-0.17339778	-0.62765115	-0.10867889
183582534033504	-0.19171445	-0.63131446	-0.098910004
183582541533504	-0.21613668	-0.63619894	-0.09646778
183582549033504	-0.24055889	-0.64963114	-0.07937223
183582556533504	-0.26376	-0.65329444	-0.06594
183582657598295	-0.25399113	-0.6667267	-0.06227667
183582657784285	-0.23445335	-0.6679478	-0.059834447
183582657899910	-0.2075889	-0.67283225	-0.06716111
183582661141629	-0.2075889	-0.6569578	-0.06105556
183582663938139	-0.28085557	-0.56171113	-0.039075557
183582667828973	-0.23201112	-0.66062117	0.0048844446
183582672007202	-0.11600556	-0.6117767	-0.054950003
183582675802358	-0.078151114	-0.6056711	-0.059834447
183582680420847	-0.14653334	-0.63986224	-0.036633335
183582686523400	-0.2942878	-0.6191034	-0.03174889
183582695391629	-0.32725778	-0.6117767	-0.028085556
183582705871785	-0.20881	-0.60933447	-0.054950003
183582715035327	-0.11356334	-0.6020078	-0.09646778
183582726963295	-0.11356334	-0.6056711	-0.09768889
183582739845743	-0.17950334	-0.59834445	-0.09036223
183582747691941	-0.23933779	-0.5971234	-0.07326667
183582762691941	-0.26742333	-0.6007867	-0.06227667
183582777691941	-0.2759711	-0.6007867	-0.054950003
183582788946004	-0.2295689	-0.6117767	-0.07204556
183582770340639	-0.20026223	-0.60445005	-0.09280445
183582777840639	-0.1856089	-0.58247	-0.11966889
183582785340639	-0.16118668	-0.5702589	-0.14531223
183582792840639	-0.117226675	-0.5556056	-0.16485001
183582800340639	-0.10501556	-0.5470578	-0.17706113
183582807840639	-0.10867889	-0.54461557	-0.17339778
183582815340639	-0.12211112	-0.5324045	-0.17584
183582822840639	-0.14775445	-0.51775116	-0.16973445
183582830340639	-0.14775445	-0.5092034	-0.17706113
183582837840639	-0.12455334	-0.49699223	-0.17217667
183582845340639	-0.09280445	-0.4798967	-0.17095557
183582852840639	-0.05372889	-0.47257003	-0.17584
183582860340639	-0.015874445	-0.4591378	-0.18194556
183582867840639	-0.01099	-0.44204223	-0.18683001
183582931676264	-0.017095556	-0.42861003	-0.19415668
183582882840639	-0.019537779	-0.41762	-0.19293556
183582890340639	-0.019537779	-0.39564002	-0.20026223
183582897840639	-0.013432222	-0.37488112	-0.19782001
183582905340639	0.0024422223	-0.3602278	-0.18438779
183582912840639	0.026864445	-0.34679556	-0.18927222
183582920340639	0.05006556	-0.33580557	-0.1965989
183582927840639	0.06960334	-0.32481557	-0.19415668
183582935340639	0.059834447	-0.30405667	-0.18072446
183582942840639	0.04029667	-0.29917222	-0.17217667
183582950340639	0.029306669	-0.27963445	-0.16729222
183582957840639	0.035412222	-0.2625389	-0.16973445
183582965340639	0.064718895	-0.24544334	-0.15752333
183582972840639	0.09402556	-0.23323223	-0.14775445
183582980340639	0.09402556	-0.21125223	-0.16485001
183582987840639	0.085477784	-0.19904111	-0.16240779
183582995340639	0.09036223	-0.18438779	-0.13920668
183583002840639	0.08792	-0.16851334	-0.12943779
183583105125118	0.07204556	-0.14897557	-0.11478445
183583112625118	0.070824444	-0.13432223	-0.11112112
183583120125118	0.064718895	-0.117226675	-0.09768889
183583127625118	0.034191113	-0.09280445	-0.08303556
183583135125118	0.008547778	-0.07326667	-0.078151114
183583142625118	0.012211111	-0.057392225	-0.07204556
183583150125118	0.034191113	-0.039075557	-0.06349778
183583157625118	0.051286668	-0.02075889	-0.059834447
183583165125118	0.068382226	-0.008547778	-0.057392225
183583172625118	0.07326667	0.0024422223	-0.054950003
183583180125118	0.06960334	0.0048844446	-0.04396
183583187625118	0.051286668	0.019537779	-0.028085556
183583195125118	0.037854444	0.034191113	-0.03052778
183583202625118	0.036633335	0.045181114	-0.03052778
183583210125118	0.036633335	0.058613338	-0.019537779
183583217625118	0.046402223	0.07204556	-0.013432222
183583225125118	0.04151778	0.08303556	-0.013432222
183583232625118	0.034191113	0.09280445	-0.015874445
183583240125118	0.045181114	0.106236674	-0.0012211112
183583247625118	0.05617111	0.106236674	0.0024422223
183583297041576	0.051286668	0.11112112	0.0048844446
183583262625118	0.037854444	0.11234222	0.0048844446
183583270125118	0.04151778	0.11600556	0.0
183583322683451	0.045181114	0.11234222	0.0036633336
183583336838764	0.047623336	0.11478445	0.007326667
183583344924545	0.06227667	0.11600556	0.009768889
183583356703451	0.06960334	0.12211112	0.015874445
183583371703451	0.05250778	0.1306589	0.023201112
183583315125118	0.02198	0.13554333	0.035412222
183583322625118	-0.0036633336	0.13920668	0.05372889
183583330125118	-0.008547778	0.14531223	0.058613338
183583337625118	0.0024422223	0.15019667	0.06227667
183583345125118	0.008547778	0.15752333	0.06960334
183583352625118	-0.007326667	0.16607112	0.078151114
183583360125118	-0.024422223	0.17706113	0.07693
183583367625118	-0.02198	0.18316667	0.07693
183583375125118	-0.024422223	0.19049335	0.07570889
183583382625118	-0.024422223	0.20148334	0.07570889
183583390125118	-0.015874445	0.20514667	0.06349778
183583397625118	0.007326667	0.20636779	0.06349778
183583405125118	0.018316668	0.20881	0.058613338
183583412625118	0.014653334	0.20636779	0.06105556
183583420125118	-0.014653334	0.20270446	0.06105556
183583427625118	-0.035412222	0.20881	0.06960334
183583528995118	-0.012211111	0.20514667	0.06227667
183583536495118	0.025643334	0.20636779	0.06227667
183583543995118	0.048844445	0.2075889	0.064718895
183583551495118	0.05372889	0.20881	0.057392225
183583558995118	0.05617111	0.2075889	0.05006556
183583566495118	0.045181114	0.21125223	0.064718895
183583573995118	0.023201112	0.21491556	0.07570889
183583581495118	0.015874445	0.22468445	0.07570889
183583588995118	0.0036633336	0.23201112	0.081814446
183583596495118	-0.007326667	0.23567446	0.098910004
183583603995118	0.012211111	0.23567446	0.09524667
183583611495118	0.03052778	0.24300112	0.085477784
183583618995118	0.029306669	0.2515489	0.08669889
183583626495118	0.036633335	0.25887558	0.09280445
183583633995118	0.042738892	0.26376	0.08792
183583641495118	0.03297	0.26498112	0.081814446
183583648995118	0.014653334	0.2613178	0.10379445
183583656495118	-0.0061055557	0.2613178	0.106236674
183583702677097	-0.013432222	0.26376	0.098910004
183583671495118	0.0048844446	0.26376	0.098910004
183583678995118	0.017095556	0.26498112	0.10501556
183583730569389	0.03174889	0.26376	0.09646778
183583739591941	0.046402223	0.26376	0.08303556
183583701495118	0.054950003	0.25765446	0.078151114
183583708995118	0.064718895	0.25643334	0.08792
183583716495118	0.05617111	0.2613178	0.09280445
183583723995118	0.047623336	0.26620224	0.07448778
183583731495118	0.04029667	0.26986557	0.07693
183583738995118	0.03052778	0.26986557	0.089141116
183583746495118	0.024422223	0.26864445	0.09768889
183583753995118	0.029306669	0.26864445	0.09402556
183583761495118	0.034191113	0.26864445	0.089141116
183583768995118	0.05372889	0.26986557	0.08792
183583776495118	0.059834447	0.26864445	0.091583334
183583783995118	0.054950003	0.2759711	0.091583334
183583791495118	0.037854444	0.28818223	0.085477784
183583798995118	0.023201112	0.29062447	0.091583334
183583806495118	0.023201112	0.2955089	0.10135223
183583813995118	0.025643334	0.2955089	0.10501556
183583821495118	0.03052778	0.29306668	0.10135223
183583828995118	0.04151778	0.29062447	0.09036223
183583836495118	0.048844445	0.28574002	0.08792
183583843995118	0.05006556	0.2759711	0.09402556
183583851495118	0.037854444	0.26864445	0.091583334
183583858995118	0.037854444	0.26498112	0.08669889
183583866495118	0.04151778	0.25765446	0.08425667
183583974585795	0.04029667	0.26009667	0.089141116
183583982085795	0.039075557	0.2613178	0.081814446
183583988046993	0.03297	0.25765446	0.07937223
183583995039701	0.03174889	0.2515489	0.08059334
183584002539701	0.035412222	0.24910668	0.06960334
183584010039701	0.037854444	0.24300112	0.057392225
183584017539701	0.035412222	0.23933779	0.06227667
183584025039701	0.03052778	0.23689556	0.06227667
183584032539701	0.029306669	0.23323223	0.064718895
183584040039701	0.026864445	0.23079	0.06716111
183584047539701	0.019537779	0.22468445	0.06960334
183584055039701	0.02075889	0.21613668	0.08059334
183584062539701	0.015874445	0.21125223	0.07937223
183584070039701	0.0	0.20514667	0.06716111
183584077539701	0.0	0.19782001	0.068382226
183584085039701	0.0012211112	0.19171445	0.06227667
183584126704024	0.0036633336	0.1856089	0.05372889
183584134015899	-0.0012211112	0.17828223	0.04151778
183584107539701	0.01099	0.17217667	0.04151778
183584115039701	0.03052778	0.16607112	0.028085556
183584164854493	0.054950003	0.15386	0.029306669
183584137539701	0.04029667	0.14409111	0.024422223
183584145039701	0.03297	0.13676445	0.024422223
183584202919701	0.036633335	0.12455334	0.02075889
183584209645170	0.039075557	0.11600556	0.019537779
183584167539701	0.034191113	0.11356334	0.023201112
183584234187357	0.0048844446	0.11356334	0.029306669
183584190039701	0.008547778	0.11478445	0.036633335
183584197539701	0.0048844446	0.11112112	0.039075557
183584205039701	0.0036633336	0.102573335	0.037854444
183584212539701	0.0024422223	0.098910004	0.026864445
183584220039701	-0.0048844446	0.09280445	0.02075889
183584299503607	-0.0061055557	0.081814446	0.01099
183584235039701	-0.0012211112	0.07448778	0.0061055557
183584315377149	-0.0012211112	0.070824444	0.01099
183584250039701	-0.008547778	0.064718895	0.01099
183584257539701	-0.0061055557	0.06349778	0.01099
183584265039701	-0.0012211112	0.057392225	0.0048844446
183584272539701	-0.0012211112	0.045181114	0.007326667
183584280039701	-0.01099	0.039075557	0.0012211112
183584287539701	-0.015874445	0.03174889	-0.0036633336
183584295039701	-0.02075889	0.024422223	0.0012211112
183584394606368	-0.023201112	0.017095556	0.01099
183584404357566	-0.028085556	0.017095556	0.013432222
183584413684389	-0.015874445	0.012211111	0.009768889
183584423227513	-0.009768889	0.013432222	0.028085556
183584438227513	-0.02198	0.013432222	0.023201112
183584441857566	-0.03174889	0.013432222	0.023201112
183584449357566	-0.036633335	0.015874445	0.014653334
183584456857566	-0.042738892	0.015874445	0.017095556
183584481244336	-0.04029667	0.017095556	0.025643334
183584471857566	-0.037854444	0.018316668	0.026864445
183584499268920	-0.04029667	0.017095556	0.014653334
183584486857566	-0.037854444	0.012211111	0.017095556
183584516982878	-0.04151778	0.012211111	0.008547778
183584523071628	-0.037854444	0.0048844446	0.0048844446
183584538071628	-0.0061055557	-0.0036633336	0.0012211112
183584524357566	0.013432222	-0.007326667	0.0024422223
183584531857566	0.012211111	-0.01099	0.0
183584539357566	-0.0048844446	-0.013432222	0.0
183584546857566	0.0024422223	-0.015874445	-0.0024422223
183584554357566	0.0012211112	-0.014653334	-0.009768889
183584561857566	-0.0036633336	-0.012211111	-0.0024422223
183584569357566	-0.0048844446	-0.01099	0.0061055557
183584576857566	0.0	-0.0061055557	-0.007326667
183584584357566	-0.0048844446	-0.0024422223	-0.007326667
183584591857566	-0.01099	-0.0012211112	0.009768889
183584653474232	-0.0024422223	-0.0012211112	0.014653334
183584661886628	0.0048844446	0.0012211112	0.008547778
183584614357566	-0.0048844446	0.0012211112	0.0
183584680829857	-0.017095556	-0.0012211112	0.0
183584690880586	-0.013432222	-0.0061055557	0.007326667
183584698774649	-0.0061055557	-0.0061055557	0.0036633336
183584713774649	-0.018316668	0.0012211112	0.012211111
183584659357566	-0.029306669	0.008547778	0.019537779
183584666857566	-0.036633335	0.009768889	0.013432222
183584674357566	-0.04151778	0.008547778	0.014653334
183584681857566	-0.03174889	0.0048844446	0.02075889
183584689357566	-0.02198	0.0012211112	0.0061055557
183584696857566	-0.0061055557	0.0	-0.008547778
183584704357566	0.017095556	-0.0024422223	-0.0024422223
183584796247409	0.024422223	-0.0024422223	-0.0061055557
183584807671732	0.025643334	0.0012211112	-0.012211111
183584815983868	0.014653334	0.0024422223	-0.0012211112
183584827458763	0.0061055557	0.008547778	0.0036633336
183584832522670	0.0061055557	0.012211111	-0.0012211112
183584840022670	0.0048844446	0.012211111	-0.0024422223
183584847522670	0.0012211112	0.013432222	0.0012211112
183584866384909	0.008547778	0.01099	0.0
183584873826263	0.0012211112	0.01099	-0.0012211112
183584870022670	-0.019537779	0.012211111	0.009768889
183584877522670	-0.015874445	0.01099	0.017095556
183584885022670	-0.0061055557	0.007326667	0.009768889
183584892522670	-0.0036633336	0.0024422223	0.015874445
183584900022670	-0.0012211112	0.007326667	0.014653334
183584907522670	0.018316668	0.0024422223	0.013432222
183584915022670	0.023201112	0.0024422223	0.0012211112
183584922522670	0.02198	-0.0024422223	-0.0024422223
183584930022670	0.025643334	0.0	-0.0061055557
183584937522670	0.023201112	0.0024422223	-0.008547778
183584945022670	0.012211111	0.0061055557	0.0
183584987308190	0.0048844446	0.01099	0.008547778
183584960022670	0.014653334	0.012211111	0.0061055557
183584967522670	0.024422223	0.012211111	0.0
183584975022670	0.029306669	0.0061055557	0.01099
183584982522670	0.02075889	0.0048844446	0.014653334
183584990022670	0.007326667	0.008547778	0.013432222
183584997522670	0.0012211112	0.008547778	0.023201112
183585005022670	-0.0048844446	0.015874445	0.025643334
183585012522670	-0.0024422223	0.019537779	0.02198
183585020022670	0.007326667	0.017095556	0.009768889
183585027522670	0.0036633336	0.007326667	0.014653334
183585094041315	0.008547778	0.0048844446	0.0061055557
183585105444076	0.018316668	-0.0024422223	0.0036633336
183585111804909	0.03052778	-0.01099	0.009768889
183585126804909	0.02198	-0.009768889	0.007326667
183585072522670	0.008547778	-0.0061055557	0.012211111
183585080022670	0.0036633336	-0.0036633336	0.023201112
183585087522670	0.007326667	-0.0012211112	0.025643334
183585170877097	0.017095556	-0.0024422223	0.0048844446
183585102522670	0.018316668	-0.01099	0.0024422223
183585110022670	0.02075889	-0.012211111	0.019537779
183585117522670	0.029306669	-0.014653334	0.019537779
183585125022670	0.02198	-0.01099	0.012211111
183585219619076	0.01099	-0.007326667	0.015874445
183585227892201	0.008547778	-0.0012211112	0.02075889
183585147522670	0.015874445	0.0048844446	0.023201112
183585258225638	0.019537779	0.009768889	0.02198
183585258350847	0.023201112	0.008547778	0.008547778
183585265742044	0.009768889	0.0024422223	0.012211111
183585280613138	-0.01099	0.0012211112	0.012211111
183585286289180	-0.023201112	-0.0012211112	0.007326667
183585288242044	-0.023201112	0.0012211112	0.009768889
183585295742044	-0.018316668	0.007326667	0.02198
183585303242044	-0.0061055557	0.01099	0.028085556
183585310742044	0.0024422223	0.007326667	0.02075889
183585318242044	0.018316668	0.0024422223	0.01099
183585344030951	0.03297	-0.0048844446	0.014653334
183585355203711	0.03052778	-0.015874445	0.0048844446
183585364015169	0.029306669	-0.018316668	-0.0061055557
183585374962513	0.029306669	-0.018316668	0.0024422223
183585383045794	0.029306669	-0.015874445	0.01099
183585363242044	0.012211111	-0.009768889	0.008547778
183585400879232	-0.0024422223	-0.0024422223	0.013432222
183585414070013	-0.007326667	-0.0012211112	0.01099
183585419274909	0.007326667	-0.0024422223	0.013432222
183585393242044	0.023201112	-0.0024422223	0.007326667
