179494898592365	0.37192452	0.8321808	-0.37578058	0.1671416
179494970570386	0.37192452	0.8321808	-0.37578058	0.1671416
179495024749709	0.37192452	0.8321808	-0.37578058	0.1671416
179495035075490	0.37192452	0.8321808	-0.37578058	0.1671416
179495143597678	0.37192452	0.8321808	-0.37578058	0.1671416
179495110075490	0.37192583	0.8321803	-0.3757808	0.16714089
179495125075490	0.37242192	0.8323527	-0.37528023	0.1662999
179495140075490	0.39802873	0.79839206	-0.29781297	0.3397803
179495159231480	0.41474724	0.8062266	-0.28854534	0.3077744
179495170075490	0.41474724	0.8062266	-0.28854534	0.3077744
179495185075490	0.41208538	0.80843025	-0.2839724	0.30981594
179495200075490	0.41069302	0.8094188	-0.28082883	0.31194183
179495215075490	0.4098251	0.80992514	-0.2781344	0.31417522
179495228052990	0.40977526	0.8098622	-0.27752966	0.31493598
179495231902365	0.40999094	0.8096727	-0.27757052	0.31510675
179495246902365	0.4101942	0.8095212	-0.27759147	0.31521288
179495253866323	0.41032302	0.8094357	-0.2775833	0.31527194
179495234231480	0.41042653	0.80938196	-0.2775569	0.31529853
179495241731480	0.41052315	0.80934525	-0.2775322	0.3152887
179495249231480	0.4106034	0.80932015	-0.27748862	0.31528693
179495256731480	0.41069335	0.80930305	-0.27744418	0.31525278
179495264231480	0.4107879	0.80929446	-0.27740234	0.3151884
179495271731480	0.41087285	0.80929923	-0.27735865	0.31510428
179495279231480	0.41097	0.80930334	-0.27731058	0.31500897
179495286731480	0.41107228	0.80929464	-0.27725193	0.31494957
179495294231480	0.41115916	0.80929554	-0.2771712	0.31490505
179495301731480	0.41124874	0.8092874	-0.27711734	0.3148561
179495309231480	0.41132596	0.8092773	-0.27707377	0.31481972
179495316731480	0.4113869	0.8092822	-0.27702823	0.3147675
179495324231480	0.41143778	0.8092969	-0.27697963	0.31470585
179495331731480	0.411475	0.80932605	-0.2769081	0.3146452
179495339231480	0.41150633	0.80935776	-0.2768278	0.31459332
179495346731480	0.41153184	0.80939984	-0.27670577	0.31455898
179495354231480	0.41156244	0.80943894	-0.2765709	0.31453687
179495361731480	0.41155982	0.8094849	-0.27645102	0.31452745
179495369231480	0.4115655	0.8095022	-0.27637196	0.3145451
179495446578511	0.41157323	0.8095278	-0.27627826	0.3145513
179495454152886	0.41153637	0.80957055	-0.27615452	0.31459856
179495464419396	0.41146103	0.80961436	-0.27603817	0.31468603
179495399231480	0.41138437	0.80966055	-0.27594095	0.31475282
179495481251948	0.41131327	0.80970794	-0.27585465	0.31479922
179495490257677	0.41123074	0.8097616	-0.27575824	0.3148539
179495421731480	0.41114637	0.80980873	-0.27569154	0.31490123
179495429231480	0.41106197	0.80985457	-0.27563238	0.31494522
179495521096479	0.4109775	0.80991304	-0.27556512	0.31496403
179495529345125	0.41088483	0.80997455	-0.27550954	0.31497535
179495540416375	0.4107903	0.8100262	-0.27548194	0.31498995
179495550546792	0.41068205	0.8100858	-0.27545074	0.31500518
179495562447209	0.41057363	0.8101578	-0.2754269	0.3149821
179495571532313	0.410571	0.81016004	-0.2754314	0.31497613
179495579347157	0.41044456	0.81023127	-0.27538556	0.31499732
179495592717417	0.41031206	0.81031156	-0.27534246	0.31500125
179495600175177	0.4101853	0.810402	-0.27528498	0.314984
179495609577052	0.41006655	0.81047714	-0.2752091	0.3150116
179495618948979	0.40996572	0.8105444	-0.27514985	0.31502154
179495628152417	0.4098971	0.8105939	-0.27513278	0.31499824
179495636577313	0.4098608	0.81063217	-0.2751382	0.31494236
179495644242834	0.40983453	0.8106829	-0.2751516	0.31483415
179495655715073	0.40983522	0.8107159	-0.27515763	0.3147429
179495663328146	0.4098265	0.8107571	-0.27515793	0.31464818
179495671816219	0.4098642	0.81078994	-0.27515253	0.3145188
179495684194448	0.40992212	0.8108359	-0.27511936	0.31435388
179495693074865	0.4099719	0.81086874	-0.27508897	0.31423086
179495674947209	0.41003972	0.8108926	-0.27506736	0.31409994
179495712915229	0.4101064	0.81091505	-0.27503213	0.3139856
179495724555073	0.4101815	0.81095064	-0.27496338	0.3138557
179495733312000	0.41027737	0.8109845	-0.27490872	0.3136905
179495743803459	0.41035637	0.8110306	-0.27483013	0.31353727
179495753222677	0.41041514	0.81108737	-0.27473992	0.31339207
179495761005490	0.41044888	0.81117594	-0.2746158	0.3132279
179495772290334	0.41044286	0.8112897	-0.27445415	0.31308228
179495782520229	0.41043022	0.8114156	-0.27426895	0.31293494
179495789955594	0.41040763	0.8115483	-0.27410153	0.31276742
179495797591636	0.41038752	0.8116748	-0.27394032	0.3126065
179495757447209	0.41037834	0.81179816	-0.27378446	0.31243494
179495764947209	0.41038924	0.8119092	-0.27363843	0.3122598
179495772447209	0.41039935	0.8120264	-0.27344558	0.3121105
179495779947209	0.41039595	0.8121669	-0.2731834	0.31197932
179495787447209	0.41037634	0.8123182	-0.27291685	0.31184408
179495794947209	0.41036236	0.8124885	-0.2726411	0.31166044
179495802447209	0.41036367	0.81265175	-0.27235115	0.31148607
179495809947209	0.41037837	0.8128321	-0.27206394	0.31124738
179495817447209	0.41039696	0.8130214	-0.27174357	0.31100798
179495824947209	0.41039634	0.81322056	-0.27143142	0.31076103
179495832447209	0.41038457	0.8134325	-0.2710903	0.31051895
179495839947209	0.41037092	0.81364024	-0.27072945	0.3103079
179495847447209	0.41036582	0.813854	-0.27035365	0.31008157
179495854947209	0.41036212	0.8140699	-0.26998302	0.30984238
179495862447209	0.41038206	0.81427526	-0.2696378	0.30957696
179495869947209	0.4104225	0.81446296	-0.26931357	0.30931175
179495877447209	0.4104765	0.8146522	-0.26900548	0.30900973
179495884947209	0.41053915	0.8148465	-0.26865977	0.3087146
179495892447209	0.41059276	0.8150423	-0.26829678	0.30844185
179495899947209	0.4106472	0.8152487	-0.2679134	0.30815744
179495907447209	0.41069368	0.81547505	-0.26749048	0.30786383
179495914947209	0.41075456	0.8157056	-0.26708347	0.30752492
179496016998771	0.4108044	0.8159328	-0.26669046	0.30719647
179496024498771	0.41079742	0.8159391	-0.26670212	0.30717885
179496031998771	0.41089004	0.81615186	-0.26632208	0.30681947
179496039498771	0.41099262	0.8163596	-0.26593357	0.30646622
179496046998771	0.4111	0.8165692	-0.26552102	0.30612105
179496054498771	0.4112129	0.81678873	-0.26507905	0.30576664
179496061998771	0.41132304	0.8170165	-0.26461002	0.30541623
179496069498771	0.41144434	0.8172332	-0.2641485	0.30507243
179496076998771	0.4115827	0.81746376	-0.2636657	0.30468515
179496084498771	0.41172734	0.8176949	-0.2631774	0.30429184
179496091998771	0.4118838	0.817903	-0.26272628	0.3039101
179496099498771	0.4120484	0.81810474	-0.26230523	0.30350763
179496106998771	0.4122221	0.8183053	-0.26189312	0.3030865
179496114498771	0.41240722	0.81850356	-0.26146317	0.30267063
179496121998771	0.41256562	0.81871957	-0.26103118	0.30224276
179496129498771	0.41270489	0.8189571	-0.260589	0.30179024
179496136998771	0.41282263	0.819202	-0.26010188	0.30138448
179496144498771	0.41295242	0.81943524	-0.25960627	0.30099943
179496151998771	0.41306227	0.81967837	-0.2591276	0.30059913
179496159498771	0.41316402	0.8199191	-0.2586716	0.3001956
179496166998771	0.4132698	0.8201488	-0.25822368	0.29980746
179496174498771	0.41337535	0.8203722	-0.2577951	0.29941952
179496181998771	0.41347584	0.82059264	-0.25735396	0.29905596
179496189498771	0.41359115	0.8208121	-0.25690976	0.29867572
179496196998771	0.41369924	0.8210371	-0.2564677	0.29828733
179496204498771	0.4138173	0.82126176	-0.25603196	0.2978793
179496211998771	0.4139402	0.82147163	-0.25559577	0.29750434
179496219498771	0.41408277	0.8216843	-0.25516194	0.2970907
179496226998771	0.4142522	0.8218899	-0.25470564	0.29667723
179496234498771	0.4144414	0.82209945	-0.25427994	0.29619664
179496241998771	0.41464016	0.822301	-0.25386617	0.29571402
179496249498771	0.41483444	0.8224922	-0.2534364	0.2952778
179496324399135	0.41503248	0.8226787	-0.25301105	0.29484445
179496334066167	0.415256	0.82284725	-0.2526036	0.2944085
179496339889552	0.41549358	0.8230221	-0.25218257	0.29394498
179496353741323	0.41573882	0.8231967	-0.2517807	0.29345393
179496362733458	0.41598976	0.8233585	-0.25142318	0.29295006
179496373753615	0.4162502	0.82351476	-0.25103888	0.29247004
179496384193510	0.4165066	0.82367367	-0.25066313	0.2919796
179496391830646	0.41675133	0.82382894	-0.25028935	0.29151255
179496403178510	0.4169981	0.8239829	-0.249931	0.29103154
179496412005229	0.41722265	0.8241548	-0.24954744	0.2905518
179496423718719	0.41743597	0.824328	-0.2491516	0.29009333
179496431193667	0.41762066	0.8245226	-0.24873193	0.2896338
179496442971740	0.41781488	0.8247018	-0.2483625	0.2891607
179496450400958	0.41780698	0.82470894	-0.24837698	0.28913924
179496460740437	0.41800475	0.82488286	-0.24805266	0.28863522
179496468252156	0.4182118	0.8250317	-0.24775033	0.28816903
179496475973615	0.41842878	0.82517135	-0.24743234	0.28772712
179496487347833	0.4186495	0.8253222	-0.24710879	0.28725097
179496494169083	0.41883525	0.82549125	-0.24677233	0.28678352
179496509169083	0.41916186	0.825844	-0.24601705	0.2859383
179496510400958	0.41916186	0.825844	-0.24601705	0.2859383
179496517900958	0.4193395	0.8259947	-0.24567051	0.28554013
179496525400958	0.41971254	0.8262744	-0.24507637	0.28469247
179496532900958	0.4199115	0.8264027	-0.24480836	0.28425655
179496540400958	0.42010164	0.8265261	-0.24453674	0.2838504
179496547900958	0.42029285	0.82666004	-0.24426523	0.2834108
179496583431167	0.42047614	0.82680833	-0.24395958	0.28296936
179496595422364	0.42064866	0.8269583	-0.24365558	0.28253636
179496606246323	0.4208354	0.82708186	-0.24337693	0.28213602
179496611055489	0.421029	0.827189	-0.24310765	0.2817653
179496622715333	0.42123505	0.8272889	-0.2428384	0.28139597
179496592900958	0.42143324	0.8273948	-0.24256593	0.2810226
179496600400958	0.4216119	0.82751054	-0.24230091	0.2806423
179496651113198	0.42178074	0.8276191	-0.24202122	0.2803097
179496615400958	0.42191985	0.8277374	-0.24173617	0.27999657
179496664113094	0.42204258	0.8278467	-0.24147509	0.2797135
179496679113094	0.4221726	0.82794917	-0.24125682	0.27940235
179496684037885	0.42226616	0.82807386	-0.24104266	0.27907613
179496697260698	0.42234084	0.8281947	-0.24081929	0.27879763
179496707768354	0.42239073	0.8283327	-0.24058881	0.27851018
179496715957625	0.4224222	0.8284605	-0.24034742	0.2782911
179496728897417	0.42244893	0.82856894	-0.24013765	0.2781086
179496736802885	0.42248008	0.8286615	-0.23996197	0.27793738
179496747639187	0.42251694	0.8287426	-0.23979886	0.27777994
179496755839656	0.42254987	0.828819	-0.23965572	0.2776256
179496764608979	0.42258996	0.82887286	-0.2395142	0.2775259
179496772457156	0.42262468	0.82891876	-0.23938838	0.27744415
179496785102052	0.4226573	0.82894284	-0.23928925	0.27740848
179496795704187	0.42267126	0.8289586	-0.23921877	0.27740037
179496803160125	0.42270517	0.82894707	-0.2391956	0.2774034
179496807497521	0.42271477	0.828944	-0.23913722	0.27744827
179496742900958	0.42271382	0.8289377	-0.2390668	0.2775289
179496826735489	0.42266592	0.8289352	-0.23899858	0.27766848
179496757900958	0.42261052	0.8288951	-0.23899056	0.27787927
179496847968979	0.42256916	0.82882166	-0.23908535	0.2780797
179496861451427	0.42250636	0.82873666	-0.23927182	0.27826783
179496868315229	0.42241243	0.82865053	-0.23948652	0.2784822
179496880027781	0.4222967	0.82855564	-0.23972303	0.27873644
179496888705281	0.4221867	0.82844716	-0.2399783	0.27900577
179496896205281	0.42217955	0.8284516	-0.239993	0.27899036
179496908461948	0.4220335	0.8282967	-0.2403367	0.27937543
179496917961427	0.42184988	0.82813686	-0.2406617	0.27984658
179496929047208	0.42166752	0.8279409	-0.24106182	0.2803561
179496935175594	0.42147863	0.8277091	-0.24152644	0.28092468
179496949585073	0.42128202	0.8274384	-0.24205029	0.28156468
179496957135229	0.421071	0.8271258	-0.24265257	0.2822801
179496965125646	0.4208325	0.82679224	-0.24324451	0.28310212
179496977170073	0.4205523	0.82644385	-0.24385533	0.28400862
179496983788614	0.42024314	0.8260555	-0.24457271	0.28497747
179496994290385	0.41990748	0.82563734	-0.24536726	0.2859995
179497000322104	0.41951993	0.8252115	-0.24615464	0.28711817
179497014210541	0.41911197	0.8247477	-0.24702443	0.28829744
179497018592416	0.41870743	0.82425255	-0.24796422	0.289492
179497030625750	0.41828328	0.82374036	-0.24895616	0.2907092
179497041816531	0.41788536	0.8231892	-0.2500644	0.29188904
179497052065541	0.4175385	0.8225559	-0.25131488	0.29309437
179497061338927	0.4172082	0.82187647	-0.252658	0.29431358
179497071577729	0.41688865	0.82116205	-0.2540812	0.2955328
179497082016583	0.4165884	0.8204299	-0.25554532	0.29672477
179497090076791	0.4162729	0.81970036	-0.25697517	0.29794648
179497102853302	0.415924	0.818968	-0.25839186	0.29921928
179497110256427	0.41557485	0.8182046	-0.25987062	0.30050993
179497120425177	0.41523698	0.81741726	-0.26141134	0.30178055
179497127877521	0.4148728	0.8166015	-0.26302576	0.3030842
179497138547000	0.41450125	0.81575626	-0.26473823	0.30437508
179497148054656	0.4140806	0.8148924	-0.2664895	0.30573037
179497163054656	0.41311163	0.81312144	-0.27003604	0.3086306
179497113705281	0.41311163	0.81312144	-0.27003604	0.3086306
179497121205281	0.41256237	0.8122104	-0.27183032	0.31018558
179497128705281	0.41199586	0.81124324	-0.27369964	0.31182104
179497136205281	0.41084003	0.8092013	-0.27761778	0.31516984
179497212447416	0.4102593	0.80814254	-0.27966273	0.3168307
179497223571896	0.4090229	0.80723673	-0.28135526	0.3192308
179497233877677	0.4083179	0.80626935	-0.28318772	0.32095328
179497243013250	0.40726575	0.8054597	-0.28479707	0.32289317
179497253234291	0.406481	0.8044119	-0.28673595	0.3247726
179497263518718	0.40585074	0.80330217	-0.2888669	0.32641527
179497272326427	0.40501633	0.8023314	-0.29068348	0.32822147
179497282819031	0.40424922	0.8012936	-0.2925729	0.33001846
179497292245437	0.40352246	0.8002069	-0.29461566	0.33172315
179497311222781	0.4027454	0.79914933	-0.29659706	0.33344674
179497311325698	0.4027454	0.79914933	-0.29659706	0.33344674
179497318935854	0.4027238	0.7991433	-0.29664034	0.333449
179497330301895	0.40197116	0.79807186	-0.29849902	0.33525926
179497338521895	0.40122342	0.79700893	-0.30031642	0.33705607
179497346046062	0.40052712	0.7959163	-0.30223215	0.33874923
179497356972520	0.399852	0.7947969	-0.30422825	0.34038454
179497366519500	0.39917335	0.7936927	-0.30619398	0.34199083
179497376070333	0.39847443	0.7926004	-0.30813232	0.3435949
179497381800906	0.39775202	0.7915095	-0.31003973	0.34522668
179497394264031	0.39700055	0.79044247	-0.31190586	0.34685153
179497404183250	0.39622074	0.78939915	-0.31374645	0.34845552
179497415811531	0.39538756	0.7883925	-0.31551775	0.3500781
179497424510541	0.3945015	0.787444	-0.31717715	0.35170904
179497435854187	0.39357793	0.7865403	-0.31876224	0.35332906
179497443837208	0.39262962	0.78565407	-0.32032186	0.35494176
179497456312781	0.39166185	0.7847822	-0.3218411	0.35656178
179497463628250	0.3906443	0.7839367	-0.32331857	0.3581973
179497475192833	0.38963404	0.78309715	-0.32482988	0.35976365
179497482626322	0.38857627	0.7822677	-0.3263635	0.36132053
179497493664708	0.3875115	0.7814286	-0.32792285	0.36286494
179497503647833	0.38644224	0.78061086	-0.32950035	0.36433306
179497511294447	0.38537145	0.77981526	-0.33105886	0.3657555
179497526294447	0.3832131	0.7783592	-0.33393568	0.36849937
179497491325698	0.3832131	0.7783592	-0.33393568	0.36849937
179497498825698	0.38210255	0.77771235	-0.33521825	0.3698514
179497506325698	0.38099653	0.7770687	-0.33640146	0.37126833
179497513825698	0.37988976	0.7764366	-0.33753914	0.37268928
179497521325698	0.3787956	0.77581215	-0.3386527	0.3740906
179497528825698	0.37771514	0.7752091	-0.33973938	0.37544554
179497536325698	0.37663856	0.7746158	-0.3408074	0.37678093
179497543825698	0.3755924	0.7740421	-0.34185174	0.3780564
179497551325698	0.37352514	0.773046	-0.34373102	0.3804312
179497633718822	0.37153676	0.7722098	-0.3452478	0.3826964
179497573825698	0.37153676	0.7722098	-0.3452478	0.3826964
179497581325698	0.37058493	0.77179164	-0.34593874	0.3838372
179497588825698	0.36970055	0.7713792	-0.34664616	0.38487947
179497596325698	0.36887845	0.77098584	-0.34734	0.38582954
179497711491427	0.367299	0.770237	-0.3486089	0.38768315
179497718991427	0.36649236	0.7699582	-0.3491743	0.388491
179497719425333	0.36649236	0.7699582	-0.3491743	0.388491
179497719504135	0.36649236	0.7699582	-0.3491743	0.388491
179497728314760	0.36647192	0.7699641	-0.34919372	0.38848087
179497736196010	0.36578587	0.7698157	-0.34946755	0.38917482
179497746276062	0.36512697	0.76970005	-0.34971908	0.38979575
179497761276062	0.36385533	0.7695337	-0.35010767	0.39096275
179497764532729	0.36385533	0.7695337	-0.35010767	0.39096275
179497772032729	0.36326963	0.76948273	-0.35024402	0.3914852
179497779532729	0.3623097	0.76935494	-0.35048878	0.3924057
179497787032729	0.36194873	0.7693022	-0.35061347	0.39273077
179497794532729	0.36165434	0.76924694	-0.35073233	0.39300394
179497802032729	0.36142904	0.7692099	-0.35081586	0.39320895
179497809532729	0.36125124	0.7692164	-0.35079896	0.39337495
179497817032729	0.36113092	0.7692654	-0.35075492	0.39342895
179497853339499	0.36104888	0.7693461	-0.35066596	0.39342546
179497864122364	0.3609684	0.7694717	-0.35049516	0.39340606
179497874531687	0.3608867	0.7696269	-0.35027024	0.39337763
179497883696322	0.3607895	0.769805	-0.3500205	0.3933406
179497888118614	0.36070347	0.76999277	-0.3497367	0.3933047
179497897493822	0.3606423	0.77018905	-0.34947547	0.39320856
179497911051010	0.3606101	0.7703966	-0.34920758	0.3930695
179497920937312	0.3605912	0.7706212	-0.34892032	0.39290148
179497926091166	0.36061496	0.7708694	-0.34862098	0.39265862
179497938700697	0.36068028	0.7711234	-0.34830368	0.39238137
179497951903458	0.36075932	0.77140087	-0.34792757	0.39209685
179497959203249	0.36086842	0.7716939	-0.34750068	0.39179835
179497971931791	0.36101747	0.77199036	-0.34707573	0.39145336
179497979324551	0.36122498	0.7722914	-0.34665677	0.39103892
179497991206843	0.36147386	0.7726076	-0.34620935	0.39058077
179497998126218	0.36174047	0.7729607	-0.3457095	0.39007774
179498008682833	0.36200452	0.77333313	-0.34518284	0.38956076
179498017985593	0.3622632	0.77373034	-0.34463382	0.38901708
179498028273510	0.36254466	0.774135	-0.34407514	0.3884441
179498037379968	0.36279777	0.774569	-0.34346908	0.3878783
179498046670489	0.36305183	0.7750391	-0.34280738	0.38728684
179498057171583	0.36330867	0.77552456	-0.34215042	0.3866545
179498063180072	0.36356264	0.77600414	-0.3414647	0.3860593
179498074135645	0.36383054	0.77649844	-0.34075412	0.38544005
179498004532729	0.36409855	0.77700406	-0.3400388	0.38479936
179498012032729	0.36437145	0.777518	-0.33930308	0.3841519
179498019532729	0.36466333	0.778025	-0.33858392	0.38348264
179498027032729	0.36498162	0.778522	-0.33788028	0.3827908
179498034532729	0.36530775	0.7790274	-0.33716115	0.3820851
179498042032729	0.36564797	0.77953714	-0.33644226	0.38135284
179498049532729	0.36598712	0.7800562	-0.33571935	0.38060293
179498150069447	0.36635602	0.78057724	-0.33498833	0.37982273
179498157569447	0.36633432	0.78058916	-0.33501813	0.37979293
179498165069447	0.366742	0.7811524	-0.33418354	0.37897575
179498172569447	0.36715406	0.78171563	-0.33333662	0.3781605
179498180069447	0.36757258	0.78228796	-0.3324847	0.37731937
179498187569447	0.36796314	0.7828662	-0.33160523	0.3765128
179498195069447	0.36833304	0.7834553	-0.33072776	0.3756963
179498202569447	0.36869723	0.7840499	-0.32984805	0.37487113
179498210069447	0.36905697	0.78464144	-0.3289635	0.37405583
179498217569447	0.36939666	0.78526795	-0.32807434	0.37318578
179498225069447	0.36970276	0.78592443	-0.32717028	0.37229323
179498232569447	0.37000835	0.78658336	-0.32627243	0.37138492
179498240069447	0.37032342	0.78724605	-0.3253832	0.3704456
179498247569447	0.3706614	0.7878985	-0.32450077	0.36949363
179498255069447	0.37101883	0.78852695	-0.3236323	0.36855474
179498262569447	0.3714159	0.7891144	-0.32279205	0.367633
179498270069447	0.37189716	0.7896542	-0.32199094	0.36668864
179498277569447	0.37244615	0.79017913	-0.32119918	0.3656938
179498324404656	0.37302488	0.7906898	-0.32037663	0.3647204
179498333638197	0.37361667	0.79119885	-0.31954187	0.3637415
179498344061999	0.3742078	0.7917141	-0.31870943	0.36274216
179498351996426	0.37478828	0.79221314	-0.31788722	0.3617732
179498363184291	0.37536013	0.79270726	-0.31707105	0.36081263
179498372531426	0.37589264	0.79319453	-0.31628138	0.35987958
179498381817833	0.37637186	0.79368526	-0.31551585	0.35896775
179498391104551	0.37681836	0.79416466	-0.3147547	0.3581061
179498399164551	0.37721726	0.79464865	-0.3140223	0.35725418
179498410241010	0.37757704	0.79513603	-0.31332552	0.35640067
179498425241010	0.37817055	0.7961384	-0.311947	0.35473895
179498375069447	0.37817055	0.7961384	-0.311947	0.35473895
179498382569447	0.37841886	0.7966416	-0.31127715	0.35393208
179498390069447	0.37864378	0.7971651	-0.31059676	0.3531096
179498397569447	0.3788673	0.79769695	-0.30990893	0.35227227
179498405069447	0.37910113	0.7982172	-0.30923796	0.35143065
179498412569447	0.37934554	0.7987153	-0.30859855	0.35059667
179498420069447	0.37959304	0.7992159	-0.30796266	0.3497459
179498427569447	0.37982553	0.79971504	-0.30732906	0.34890887
179498435069447	0.38005638	0.8001936	-0.3067451	0.34807315
179498442569447	0.38030043	0.8006569	-0.30617347	0.34724337
179498450069447	0.38053176	0.8011204	-0.30556515	0.34645584
179498457569447	0.3807402	0.8015858	-0.30497545	0.3456691
179498465069447	0.38091877	0.8020511	-0.30436647	0.3449291
179498472569447	0.3810803	0.802512	-0.3037536	0.344218
179498573271843	0.38135254	0.80343837	-0.30249205	0.34286386
179498583355541	0.3813214	0.80345476	-0.30254146	0.34281647
179498590768457	0.3814511	0.8038916	-0.30195996	0.34216022
179498599714239	0.3815761	0.8043125	-0.30139452	0.34152946
179498607963666	0.38170388	0.8047189	-0.30083838	0.34091917
179498617240853	0.3818241	0.80512947	-0.30027255	0.34031352
179498632240853	0.38205305	0.80671394	-0.29803586	0.33826438
179498647240853	0.38205305	0.80671394	-0.29803586	0.33826438
179498648271843	0.38205305	0.80671394	-0.29803586	0.33826438
179498655771843	0.3820776	0.80710334	-0.29751918	0.33776218
179498663271843	0.38209233	0.807495	-0.29699227	0.33727297
179498670771843	0.38213247	0.80786633	-0.29649052	0.33677894
179498704146062	0.38226297	0.808547	-0.29561085	0.33576918
179498685771843	0.38226297	0.808547	-0.29561085	0.33576918
179498693271843	0.38233846	0.8088548	-0.29521546	0.3352895
179498700771843	0.38241887	0.8091564	-0.294828	0.33481044
179498708271843	0.38250393	0.8094378	-0.29452074	0.3343036
179498715771843	0.3825959	0.8097066	-0.29423398	0.3337992
179498723271843	0.38271025	0.80995446	-0.29397917	0.33329102
179498730771843	0.38283664	0.8101917	-0.2937939	0.33273217
179498738271843	0.38295552	0.8104292	-0.29360738	0.33218113
179498745771843	0.38308093	0.810673	-0.2934093	0.3316163
179498753271843	0.38320395	0.810883	-0.29324046	0.33110964
179498760771843	0.3833255	0.81106603	-0.2930894	0.3306539
179498768271843	0.3835835	0.8113522	-0.29274043	0.32996142
179498828212051	0.38365987	0.81148136	-0.2925768	0.32969996
179498840287937	0.38370362	0.8116033	-0.29239064	0.32951385
179498847158666	0.38372296	0.8117299	-0.29222193	0.32932928
179498858589603	0.38372502	0.81186044	-0.29209256	0.32911974
179498870706218	0.38372594	0.8119909	-0.29198122	0.32889572
179498875006791	0.38373634	0.81210786	-0.29191706	0.3286512
179498820771843	0.38374135	0.8122219	-0.29187024	0.3284053
179498828271843	0.3837673	0.81232435	-0.2918048	0.32817975
179498908106426	0.38382286	0.81239516	-0.29179993	0.32794356
179498843271843	0.3839249	0.81243134	-0.29189232	0.32765234
179498850771843	0.38410166	0.8124213	-0.29202598	0.32735074
179498858271843	0.3843048	0.8124056	-0.2921949	0.32700044
179498865771843	0.38446453	0.81241953	-0.29229003	0.3266927
179498873271843	0.38455793	0.8124719	-0.29228112	0.3264605
179498880771843	0.38464242	0.8125095	-0.29228517	0.3262635
179498971836582	0.38466716	0.81256354	-0.29227403	0.32610998
179498895771843	0.38460845	0.81266975	-0.29214603	0.32602885
179498903271843	0.38452035	0.8127927	-0.29198566	0.3259702
179498997088041	0.38440734	0.81290734	-0.29188913	0.32590428
179498918271843	0.38429177	0.8130146	-0.29183468	0.3258214
179499018885332	0.38416472	0.8131274	-0.29178533	0.32573396
179499026385332	0.38414252	0.81314117	-0.29182103	0.3256938
179499033885332	0.38398695	0.81326586	-0.291804	0.3255812
179499047872468	0.38380235	0.8134242	-0.29170993	0.32548746
179499048885332	0.38358802	0.81358933	-0.29157326	0.3254502
179499056385332	0.38336694	0.81374276	-0.29143333	0.32545227
179499063885332	0.3831826	0.81389165	-0.29130292	0.3254137
179499071385332	0.3830264	0.8140373	-0.29117823	0.32534513
179499078885332	0.38290372	0.81418884	-0.29103965	0.32523397
179499086385332	0.38281074	0.81433326	-0.2908959	0.32511073
179499093885332	0.3827611	0.8144549	-0.29076627	0.32498032
179499101385332	0.38275176	0.814556	-0.29068488	0.32481077
179499108885332	0.38279215	0.81464255	-0.29062262	0.32460174
179499116385332	0.38283318	0.81472844	-0.29054493	0.32440737
179499123885332	0.38288116	0.8147752	-0.29048923	0.32428282
179499164300280	0.38295382	0.81480813	-0.290471	0.32413065
179499168341530	0.38303706	0.81484914	-0.2904426	0.32395497
179499181581426	0.3831002	0.81489843	-0.2903963	0.3237974
179499192040593	0.38313907	0.81495243	-0.29037175	0.3236374
179499203126114	0.38317293	0.8150083	-0.29038718	0.32344288
179499168885332	0.38323793	0.81506175	-0.29041794	0.32320344
179499176385332	0.38331056	0.81510514	-0.29043812	0.32298967
179499183885332	0.38337344	0.8151481	-0.29046547	0.32278192
179499191385332	0.38343886	0.81520694	-0.2904624	0.3225584
179499198885332	0.38349724	0.8152622	-0.29045546	0.32235548
179499206385332	0.38354638	0.8153093	-0.2904553	0.32217813
179499272135749	0.38358402	0.81536	-0.29045826	0.322002
179499281361374	0.3836141	0.8154038	-0.29050165	0.32181615
179499288026270	0.38360003	0.8154748	-0.29055813	0.3216021
179499303026270	0.38336822	0.8157508	-0.29048327	0.32124618
179499258885332	0.38336822	0.8157508	-0.29048327	0.32124618
179499266385332	0.3832489	0.81585336	-0.29043126	0.32117468
179499273885332	0.38314414	0.81593466	-0.2904006	0.32112095
179499281385332	0.3830374	0.81601	-0.290414	0.3210447
179499288885332	0.38296744	0.8160558	-0.29043242	0.32099557
179499296385332	0.38292238	0.8160813	-0.29046434	0.32095516
179499303885332	0.3828952	0.81610745	-0.2905364	0.3208562
179499311385332	0.38288411	0.8161261	-0.2906146	0.3207508
179499318885332	0.38288784	0.8161418	-0.2906669	0.3206594
179499326385332	0.3828867	0.8161677	-0.29073	0.32053703
179499333885332	0.38288558	0.8161882	-0.29079413	0.32042834
179499341385332	0.3828674	0.816219	-0.29083213	0.32033685
179499441977988	0.3828095	0.8162769	-0.2909562	0.32014608
179499454116478	0.38277334	0.8162999	-0.2910141	0.3200781
179499461457051	0.38272446	0.8163515	-0.29108047	0.31994444
179499476457051	0.3826573	0.81641936	-0.2911782	0.31976262
179499479477988	0.3826573	0.81641936	-0.2911782	0.31976262
179499486977988	0.38265392	0.8164345	-0.29122555	0.31968513
179499502981113	0.38263565	0.8164669	-0.29137695	0.31948602
179499501977988	0.38263565	0.8164669	-0.29137695	0.31948602
179499509477988	0.38263488	0.81649053	-0.29145917	0.3193516
179499516977988	0.38262004	0.81652707	-0.2914973	0.31924117
179499524477988	0.38259444	0.81657714	-0.29152665	0.31911695
179499531977988	0.382549	0.81665033	-0.2915474	0.31896526
179499539477988	0.38249063	0.8167108	-0.29154474	0.31888238
179499546977988	0.3824254	0.8167644	-0.29157144	0.31879902
179499554477988	0.3823318	0.8168215	-0.29158914	0.31874883
179499561977988	0.3822393	0.8168689	-0.2916176	0.318712
179499569477988	0.38216245	0.8169029	-0.29165217	0.318686
179499576977988	0.38207278	0.816952	-0.2916786	0.31864333
179499584477988	0.3819759	0.81700546	-0.29168218	0.31861907
179499591977988	0.38188848	0.8170757	-0.29168049	0.3185453
179499638216999	0.38163316	0.81728476	-0.29168415	0.3183117
179499621977988	0.38163316	0.81728476	-0.29168415	0.3183117
179499629477988	0.3816051	0.8173286	-0.29169986	0.31821808
179499686880801	0.38161662	0.81737125	-0.29169375	0.31810015
179499700623665	0.38163936	0.81740123	-0.29169926	0.3179911
179499705997728	0.3816873	0.81742746	-0.29170713	0.3178585
179499718727624	0.38176012	0.8174506	-0.2917235	0.31769687
179499729003197	0.38181978	0.8174995	-0.29167747	0.31754142
179499737792520	0.38187224	0.8175471	-0.29162377	0.31740516
179499681977988	0.38194022	0.8175741	-0.2915856	0.3172886
179499689477988	0.3820115	0.8175905	-0.291562	0.3171826
179499696977988	0.38208628	0.81760556	-0.29154542	0.3170688
179499704477988	0.38218158	0.8176074	-0.291598	0.3169005
179499711977988	0.38225827	0.81761235	-0.2916621	0.31673634
179499719477988	0.38233048	0.8176203	-0.29168224	0.31661007
179499726977988	0.38240018	0.81764543	-0.29169732	0.31644705
179499734477988	0.38246018	0.81767106	-0.2917086	0.31629786
179499741977988	0.38250098	0.8177076	-0.29172137	0.31614226
179499749477988	0.38252276	0.8177422	-0.29173014	0.3160181
179499756977988	0.3825209	0.81778973	-0.291722	0.3159053
179499764477988	0.38249588	0.81783396	-0.29173213	0.31581166
179499869207519	0.38243413	0.8178985	-0.29181248	0.31564495
179499869311061	0.38243413	0.8178985	-0.29181248	0.31564495
179499877620957	0.38240314	0.8179186	-0.29186064	0.31558588
179499888243040	0.38234314	0.8179928	-0.29187414	0.31545392
179499901847207	0.38228932	0.81805426	-0.2918808	0.3153535
179499909387832	0.3822558	0.818107	-0.29189852	0.31524098
179499919888561	0.38220486	0.81816757	-0.2919212	0.31512415
179499931622051	0.38215363	0.81822693	-0.29195195	0.31500363
179499939451686	0.38212013	0.8182809	-0.29197747	0.31488094
179499949428769	0.38205302	0.8183518	-0.2920081	0.31474948
179499959713197	0.38198498	0.8184176	-0.2919716	0.31469443
179499966886322	0.3819311	0.8184699	-0.29193923	0.31465417
179499979691634	0.3818883	0.81851876	-0.29189837	0.31461677
179499987176009	0.3818419	0.8185684	-0.29185113	0.31458816
179499995798874	0.3818259	0.8186133	-0.29184315	0.31449783
179500010798874	0.38174278	0.8187729	-0.29194814	0.3140856
179499996811061	0.38174278	0.8187729	-0.29194814	0.3140856
179500004311061	0.3817333	0.8188338	-0.29198048	0.31390795
179500011811061	0.3817401	0.81889236	-0.2919904	0.31373787
179500019311061	0.3817292	0.81896776	-0.29199564	0.31354937
179500026811061	0.38171428	0.8190422	-0.29197565	0.31339163
179500034311061	0.3817466	0.81912667	-0.29193008	0.31317395
179500041811061	0.3817254	0.81917757	-0.2919625	0.3130365
179500049311061	0.38169652	0.81922704	-0.29198918	0.31291738
