1485491765232	-0.61299783	-0.63009334	-0.44204223
1485492269971	-0.88896894	0.46035892	0.012211111
1485504721169	-0.33336335	0.16729222	-0.31504667
1485519319034	-0.009768889	-0.014653334	-0.23689556
1485534319034	-0.023201112	-0.013432222	0.098910004
1485549319034	-0.008547778	-0.024422223	0.0024422223
1485556434711	0.0024422223	-0.028085556	-0.078151114
1485560205857	-0.0036633336	-0.023201112	0.09524667
1485575205857	-0.0036633336	-0.03052778	-0.07204556
1485589028200	-0.009768889	-0.03174889	0.03052778
1485589886482	-0.009768889	-0.03174889	-0.009768889
1485590620648	-0.017095556	-0.025643334	-0.02198
1485599161013	-0.03052778	-0.026864445	0.02075889
1485609130388	-0.019537779	-0.03174889	-0.023201112
1485618939867	0.012211111	-0.02198	0.023201112
1485632182888	0.042738892	-0.018316668	0.0048844446
1485644134034	0.05006556	-0.008547778	-0.0012211112
1485658816430	0.045181114	-0.009768889	0.012211111
1485658904294	0.018316668	-0.0061055557	-0.0012211112
1485670721534	-0.009768889	-0.0061055557	0.01099
1485683665440	-0.02075889	-0.013432222	0.0036633336
1485690254763	-0.034191113	-0.019537779	0.0024422223
1485701531950	-0.034191113	-0.02198	0.0024422223
1485710934763	-0.04151778	-0.019537779	-0.009768889
1485719136065	-0.037854444	-0.023201112	-0.007326667
1485732241534	-0.024422223	-0.029306669	-0.02075889
1485740014867	-0.013432222	-0.03174889	-0.008547778
1485751085128	-0.017095556	-0.025643334	-0.009768889
1485761574867	-0.019537779	-0.023201112	-0.015874445
1485765444919	-0.013432222	-0.023201112	-0.008547778
1485777192992	-0.015874445	-0.028085556	-0.009768889
1485787793044	-0.023201112	-0.03297	-0.015874445
1485794616690	-0.018316668	-0.04029667	-0.0012211112
1485808330805	-0.014653334	-0.046402223	-0.0024422223
1485812986534	-0.02075889	-0.05006556	-0.0048844446
1485822296534	-0.024422223	-0.045181114	-0.0048844446
1485834977419	-0.013432222	-0.045181114	-0.0036633336
1485845976013	-0.0036633336	-0.047623336	0.0036633336
1485855086534	-0.0061055557	-0.04151778	-0.0061055557
1485865939086	-0.007326667	-0.04151778	-0.0036633336
1485877266273	-0.013432222	-0.036633335	-0.008547778
1485892266273	-0.01099	-0.03052778	-0.0036633336
1485898013617	-0.0036633336	-0.025643334	-0.0061055557
1485906883669	-0.0036633336	-0.02198	0.007326667
1485913722627	0.0012211112	-0.019537779	0.008547778
1485928722627	0.013432222	-0.018316668	0.007326667
1485934846065	0.02075889	-0.013432222	0.009768889
1485944158461	0.01099	-0.01099	0.0048844446
1485954903252	0.015874445	-0.009768889	0.012211111
1485961846846	0.028085556	-0.01099	0.012211111
1485972993513	0.03052778	-0.017095556	0.012211111
1485984445648	0.03174889	-0.019537779	0.013432222
1485990695648	0.024422223	-0.015874445	0.007326667
1486003288565	0.017095556	-0.015874445	0.0061055557
1486011228357	0.012211111	-0.018316668	0.0036633336
1486021643721	0.0012211112	-0.019537779	0.0048844446
1486027678409	-0.007326667	-0.014653334	0.008547778
1486041057471	-0.009768889	-0.009768889	0.0061055557
1486045123877	-0.0012211112	-0.009768889	0.007326667
1486059151950	0.0061055557	-0.009768889	0.007326667
1486064347627	0.008547778	-0.009768889	0.009768889
1486075784867	0.0036633336	-0.012211111	0.01099
1486090784867	0.0024422223	-0.014653334	0.01099
1486096464659	0.0036633336	-0.018316668	0.007326667
1486107914034	0.0024422223	-0.017095556	0.0012211112
1486118704971	-0.013432222	-0.019537779	-0.007326667
1486126224659	-0.024422223	-0.025643334	-0.0024422223
1486138172836	-0.02075889	-0.026864445	0.0048844446
1486147356638	-0.0036633336	-0.024422223	0.0048844446
1486158115857	0.009768889	-0.018316668	0.0061055557
1486165162784	0.0012211112	-0.015874445	0.0061055557
1486176508044	-0.01099	-0.01099	-0.008547778
1486185840284	-0.009768889	-0.008547778	-0.007326667
1486200840284	-0.012211111	-0.009768889	-0.0036633336
1486215450231	-0.013432222	-0.007326667	-0.008547778
1486215524138	-0.019537779	-0.0048844446	-0.0024422223
1486224721169	-0.02198	-0.0048844446	-0.0061055557
1486235726534	-0.017095556	-0.0036633336	-0.017095556
1486242514554	-0.013432222	-0.0061055557	-0.012211111
1486251821429	-0.015874445	-0.0061055557	-0.014653334
1486261751534	-0.02198	-0.0048844446	-0.015874445
1486270346429	-0.018316668	-0.0012211112	-0.013432222
1486280570648	-0.013432222	-0.0024422223	-0.013432222
1486295570648	-0.019537779	0.0	-0.013432222
1486310570648	-0.026864445	0.0	-0.015874445
1486312007784	-0.025643334	0.0024422223	-0.012211111
1486316167419	-0.017095556	0.0048844446	-0.015874445
1486329116898	-0.009768889	0.0048844446	-0.015874445
1486340735336	-0.007326667	0.009768889	-0.009768889
1486351924659	-0.0024422223	0.008547778	-0.0048844446
1486358023877	0.007326667	0.0061055557	-0.008547778
1486371825648	0.008547778	0.009768889	0.0024422223
1486379623773	0.0012211112	0.007326667	0.0036633336
1486390766013	-0.0048844446	0.0036633336	0.0048844446
1486398967106	0.0	-0.0012211112	0.008547778
1486410102888	0.01099	-0.0048844446	0.008547778
1486418557679	0.008547778	-0.014653334	0.015874445
1486429407158	-0.0036633336	-0.015874445	0.0061055557
1486437908044	-0.0036633336	-0.014653334	0.0048844446
1486452908044	-0.008547778	-0.013432222	-0.0024422223
1486460016065	-0.024422223	-0.014653334	-0.01099
1486465412367	-0.04151778	-0.024422223	-0.012211111
1486479566377	-0.042738892	-0.025643334	-0.008547778
1486488815127	-0.045181114	-0.028085556	-0.0012211112
1486496532002	-0.04029667	-0.024422223	0.0036633336
1486502793617	-0.012211111	-0.026864445	0.007326667
1486513475283	0.0036633336	-0.019537779	0.009768889
1486522127263	0.0036633336	-0.01099	0.014653334
1486535266013	0.0	0.0	0.0048844446
1486538930804	-0.0036633336	0.0024422223	0.0061055557
1486553930804	-0.0012211112	0.0012211112	0.0061055557
1486559121117	0.0061055557	0.0012211112	0.0024422223
1486570776638	0.0024422223	0.0012211112	0.0036633336
1486585776638	0.0024422223	0.0061055557	-0.0048844446
1486594766950	0.008547778	0.014653334	0.0036633336
1486600541117	0.0012211112	0.024422223	0.0036633336
1486614521690	-0.0036633336	0.028085556	0.0024422223
1486623932471	-0.01099	0.03297	-0.0036633336
1486630016638	-0.007326667	0.03052778	0.0012211112
1486640775961	-0.0024422223	0.024422223	-0.0024422223
1486650830804	0.0036633336	0.02075889	-0.0012211112
1486660148981	-0.0012211112	0.019537779	-0.0012211112
1486669381585	-0.008547778	0.015874445	-0.015874445
1486680038096	-0.0036633336	0.015874445	-0.014653334
1486690636585	-0.009768889	0.019537779	-0.012211111
1486697061377	-0.018316668	0.017095556	-0.014653334
1486708729554	-0.023201112	0.007326667	-0.019537779
1486719369346	-0.028085556	0.0024422223	-0.015874445
1486725948825	-0.036633335	0.0024422223	-0.017095556
1486735283356	-0.042738892	0.0036633336	-0.012211111
1486745194346	-0.028085556	0.008547778	-0.0061055557
1486754651273	-0.014653334	0.008547778	-0.0048844446
1486763523252	-0.0024422223	0.009768889	0.0012211112
1486773771221	0.0012211112	0.014653334	0.0
1486784268408	-0.0012211112	0.014653334	0.0036633336
1486796577210	-0.0048844446	0.013432222	-0.0036633336
1486804238096	-0.0048844446	0.01099	-0.0024422223
1486813852002	-0.009768889	0.009768889	0.0012211112
1486825319294	-0.008547778	0.01099	-0.0036633336
1486834400960	-0.0048844446	0.008547778	-0.0048844446
1486844406794	0.0061055557	0.009768889	-0.0061055557
1486853731742	0.013432222	0.0061055557	-0.0036633336
1486862645960	0.019537779	0.007326667	0.0036633336
1486874141325	0.015874445	0.0061055557	0.0024422223
1486886391950	0.008547778	0.0061055557	0.0012211112
1486894837210	0.0061055557	0.0036633336	-0.0036633336
1486902600023	0.0024422223	0.0012211112	-0.013432222
1486910604346	-0.0048844446	0.0012211112	-0.014653334
1486919464190	-0.015874445	0.0	-0.015874445
1486930501377	-0.013432222	-0.0012211112	-0.015874445
1486939977627	-0.012211111	-0.0024422223	-0.0061055557
1486948021221	-0.0048844446	-0.0036633336	-0.0036633336
1486954480283	0.0024422223	0.0	-0.0061055557
1486964094554	0.014653334	0.0024422223	-0.0036633336
1486976418669	0.02075889	0.0	0.0012211112
1486984005179	0.02075889	0.0012211112	0.0
1486998946898	0.013432222	0.0036633336	-0.0024422223
1487013946898	0.012211111	0.0061055557	-0.0061055557
1487028946898	0.007326667	0.0036633336	-0.009768889
1487029562731	0.0061055557	0.0024422223	-0.0012211112
1487037792679	0.01099	0.0036633336	-0.0036633336
1487043489398	0.019537779	0.0036633336	-0.0012211112
1487052699710	0.019537779	0.0012211112	-0.0024422223
1487062515387	0.013432222	0.0024422223	0.0036633336
1487072471377	0.009768889	0.0036633336	0.0012211112
1487084633617	0.013432222	-0.0012211112	-0.0048844446
1487092598825	0.008547778	0.0	-0.007326667
1487102025023	0.0	-0.0024422223	-0.01099
1487111831429	0.0036633336	0.0	-0.007326667
1487122852106	0.009768889	0.0024422223	-0.007326667
1487131577679	0.01099	0.0024422223	-0.0061055557
1487142515439	0.007326667	0.0024422223	-0.0048844446
1487153539919	0.0048844446	0.0012211112	-0.0061055557
1487161820023	0.0061055557	0.0	-0.0012211112
1487171896169	0.009768889	-0.0012211112	-0.007326667
1487181228304	0.01099	0.0012211112	-0.012211111
1487190186169	0.012211111	0.0012211112	-0.0036633336
1487199105127	0.0012211112	0.0012211112	-0.0061055557
1487206180544	0.0	-0.0024422223	-0.0061055557
1487215630960	-0.0024422223	-0.0024422223	-0.0036633336
1487225246012	0.0024422223	-0.0036633336	-0.0036633336
1487235575752	0.0024422223	-0.007326667	-0.0024422223
1487244598200	0.0012211112	-0.007326667	-0.008547778
1487255274502	0.0012211112	-0.009768889	-0.008547778
1487264549762	0.0	-0.012211111	-0.009768889
1487273893304	-0.0012211112	-0.008547778	-0.012211111
1487286821064	-0.007326667	-0.009768889	-0.009768889
1487295143617	-0.01099	-0.009768889	-0.009768889
1487305666273	-0.01099	-0.012211111	-0.008547778
1487315780335	-0.0036633336	-0.013432222	-0.0012211112
1487326001846	0.0012211112	-0.01099	0.0
1487335204606	-0.0036633336	-0.0061055557	0.0
1487345346169	-0.007326667	-0.0036633336	-0.0036633336
1487356358460	-0.012211111	-0.0036633336	-0.0048844446
1487368704762	-0.012211111	-0.0048844446	-0.013432222
1487380242835	-0.013432222	-0.0048844446	-0.017095556
1487386649971	-0.014653334	-0.0012211112	-0.008547778
1487401649971	-0.015874445	-0.0048844446	-0.013432222
1487409004919	-0.01099	-0.0061055557	-0.012211111
1487416342210	-0.01099	-0.01099	-0.012211111
1487425832783	-0.019537779	-0.008547778	-0.008547778
1487437279710	-0.03052778	-0.0048844446	-0.014653334
1487446372158	-0.024422223	-0.0048844446	-0.012211111
1487454241846	-0.012211111	-0.0036633336	-0.007326667
1487461188200	-0.01099	-0.0024422223	-0.009768889
1487472353356	-0.0061055557	-0.0012211112	-0.0024422223
1487481362158	-0.0048844446	-0.0036633336	0.0
1487496362158	0.0	-0.0012211112	0.014653334
1487502801950	0.0036633336	0.0024422223	0.009768889
1487510550439	0.0048844446	0.0	0.008547778
1487523061481	0.0	0.0012211112	0.019537779
1487530544762	0.0	-0.0048844446	0.007326667
1487543507106	0.0012211112	-0.0036633336	0.007326667
1487549996950	0.0061055557	-0.0048844446	0.013432222
1487561501168	0.007326667	-0.0061055557	0.0036633336
1487573191689	0.009768889	-0.0036633336	0.012211111
1487581572991	0.008547778	-0.0061055557	0.007326667
1487592594241	0.0024422223	-0.0048844446	0.009768889
1487600598252	0.0	-0.0036633336	0.0061055557
1487611415179	-0.0012211112	-0.0036633336	0.0024422223
1487619875752	0.0048844446	-0.0036633336	0.0048844446
1487631895648	0.009768889	-0.007326667	0.0061055557
1487637430023	0.014653334	-0.0061055557	0.008547778
1487651150543	0.019537779	-0.0048844446	0.008547778
1487658833773	0.017095556	-0.008547778	0.014653334
1487673833773	0.015874445	-0.0024422223	0.009768889
1487679479762	0.0061055557	0.0	0.007326667
1487694479762	-0.0036633336	-0.0061055557	0.0061055557
1487709479762	-0.014653334	-0.007326667	0.0061055557
1487716130960	-0.019537779	-0.007326667	0.0
1487716205439	-0.014653334	-0.007326667	-0.0024422223
1487723117679	-0.013432222	-0.008547778	-0.0036633336
1487736387627	-0.0036633336	-0.008547778	0.0012211112
1487741199710	-0.0024422223	-0.0048844446	-0.0012211112
1487756199710	0.0061055557	-0.0024422223	0.0024422223
1487764031898	0.0061055557	-0.007326667	-0.0061055557
1487772130908	0.0048844446	-0.0048844446	-0.009768889
1487782539710	0.0036633336	-0.0061055557	-0.0024422223
1487795909502	0.007326667	-0.009768889	0.0036633336
1487803813877	0.008547778	-0.007326667	0.0024422223
1487814979658	0.0	-0.009768889	0.0048844446
1487823401116	-0.008547778	-0.015874445	0.0012211112
1487834681220	-0.01099	-0.018316668	-0.0012211112
1487841326689	-0.008547778	-0.015874445	-0.007326667
1487853934241	-0.007326667	-0.012211111	-0.0061055557
1487861530752	-0.0061055557	-0.009768889	-0.009768889
1487874213616	-0.0061055557	-0.012211111	-0.012211111
1487880738304	-0.0048844446	-0.015874445	-0.009768889
1487895047262	-0.01099	-0.012211111	-0.0036633336
1487900263877	-0.0061055557	-0.009768889	0.0012211112
1487913079085	-0.0048844446	-0.007326667	-0.0048844446
1487920848564	-0.0048844446	-0.0048844446	-0.0061055557
1487928614814	-0.007326667	-0.0012211112	0.0048844446
1487937767887	-0.008547778	-0.0012211112	-0.008547778
1487952767887	-0.0061055557	0.0	-0.0061055557
1487958260595	-0.0048844446	0.0036633336	-0.01099
1487963311585	-0.0012211112	0.0024422223	-0.008547778
1487978311585	-0.0012211112	-0.0024422223	-0.013432222
1487985189241	-0.0012211112	-0.0012211112	-0.01099
1488000189241	-0.0061055557	-0.0024422223	-0.007326667
1488007499554	-0.01099	-0.0012211112	-0.008547778
1488013025908	-0.008547778	0.0012211112	-0.0061055557
1488027877783	0.0048844446	-0.0012211112	-0.012211111
1488035667887	0.0061055557	-0.0012211112	-0.008547778
1488050667887	0.0048844446	-0.0048844446	-0.009768889
1488058667835	0.0036633336	-0.0048844446	-0.012211111
1488065706012	-0.0012211112	-0.0036633336	-0.013432222
1488077000856	-0.007326667	-0.0036633336	-0.014653334
1488092000856	-0.0048844446	-0.0036633336	-0.008547778
1488106962366	0.0024422223	-0.0036633336	-0.0061055557
1488107041897	0.007326667	0.0	-0.0061055557
1488114082106	0.0061055557	0.0048844446	-0.0061055557
1488124741637	-0.007326667	0.0	-0.008547778
1488134041533	-0.01099	0.0	-0.0061055557
1488145040543	-0.007326667	-0.0012211112	-0.0061055557
1488151415387	0.0036633336	-0.0048844446	-0.009768889
1488160751897	0.007326667	-0.0048844446	-0.0024422223
1488170192418	0.01099	-0.0012211112	-0.008547778
1488180349449	0.023201112	0.0	0.0048844446
1488189624293	0.017095556	0.0036633336	0.007326667
1488201057158	0.012211111	0.0061055557	0.0036633336
1488210845699	0.01099	0.0024422223	0.0036633336
1488219113095	0.013432222	0.0036633336	0.0
1488230740752	0.01099	0.0048844446	-0.0036633336
1488241729241	0.0036633336	0.0048844446	-0.0024422223
1488249506012	0.0012211112	-0.0024422223	-0.01099
1488260629814	0.0048844446	-0.0036633336	-0.0036633336
1488269896897	0.0048844446	-0.0036633336	0.0
1488276122627	-0.01099	-0.0024422223	0.0061055557
1488290725699	-0.009768889	-0.0036633336	0.0048844446
1488298581064	0.0024422223	-0.008547778	0.0036633336
1488309285179	0.0061055557	-0.009768889	-0.0012211112
1488319153512	0.01099	-0.008547778	-0.0024422223
1488326845908	0.0061055557	-0.0036633336	-0.0024422223
1488341845908	0.008547778	0.0012211112	-0.0036633336
1488348302314	0.0048844446	0.0	0.0
1488354058095	0.0012211112	0.0012211112	-0.0048844446
1488367727210	0.0012211112	0.0036633336	-0.009768889
1488374703616	0.0024422223	0.0024422223	-0.008547778
1488382549449	-0.0012211112	0.0036633336	-0.019537779
1488395942262	-0.01099	-0.0024422223	-0.023201112
1488410942262	-0.018316668	-0.007326667	-0.028085556
1488425942262	-0.03174889	-0.007326667	-0.024422223
1488431462835	-0.028085556	-0.009768889	-0.024422223
1488431543720	-0.009768889	-0.008547778	-0.02075889
1488440931897	-0.0061055557	-0.0061055557	-0.014653334
1488452686741	-0.012211111	-0.008547778	-0.013432222
1488462204554	-0.015874445	-0.009768889	-0.013432222
1488472148512	-0.014653334	-0.009768889	-0.01099
1488484019033	-0.007326667	-0.009768889	-0.009768889
1488499019033	-0.008547778	-0.01099	0.0012211112
1488504693564	-0.007326667	-0.008547778	0.0
1488510169554	-0.0036633336	-0.0024422223	-0.0048844446
1488524032418	-0.0012211112	-0.0012211112	0.0061055557
1488530642470	-0.0012211112	0.0012211112	0.0048844446
1488542046012	0.0	0.0024422223	0.008547778
1488551106949	0.015874445	0.0061055557	0.014653334
1488562834345	0.024422223	0.0036633336	0.014653334
1488568881741	0.023201112	0.0048844446	0.019537779
1488579191637	0.012211111	0.0048844446	0.01099
1488590409345	0.0	0.0061055557	0.0024422223
1488596735335	-0.0061055557	0.0036633336	-0.0036633336
1488607561168	-0.0048844446	0.007326667	-0.008547778
1488618028251	-0.008547778	0.01099	-0.0061055557
1488626467470	-0.012211111	0.008547778	-0.0048844446
1488637185491	-0.0048844446	0.0048844446	-0.009768889
1488643537731	0.0036633336	0.0	-0.0036633336
1488653672053	-0.008547778	0.0012211112	-0.0024422223
1488663356272	-0.012211111	-0.0024422223	-0.0036633336
1488673842001	-0.015874445	-0.0036633336	-0.0012211112
1488682773356	-0.008547778	-0.0024422223	-0.0024422223
1488694496012	-0.007326667	-0.0061055557	-0.0061055557
1488703814241	-0.0048844446	-0.007326667	-0.007326667
1488713753876	-0.0048844446	-0.007326667	0.0012211112
1488723847418	-0.0024422223	-0.009768889	-0.0012211112
1488733591376	-0.0024422223	-0.013432222	0.0024422223
1488743242366	0.0	-0.008547778	0.0036633336
1488752724710	0.0	-0.0048844446	0.0024422223
1488762345699	-0.0024422223	-0.009768889	0.009768889
1488771562470	0.0012211112	-0.0061055557	0.0024422223
1488779737106	0.0024422223	-0.0012211112	0.0048844446
1488791625126	0.008547778	-0.0024422223	0.0012211112
1488802147053	0.0061055557	-0.0024422223	0.0
1488810841481	0.007326667	-0.0036633336	0.008547778
1488822047262	0.015874445	-0.0036633336	0.013432222
1488828928876	0.01099	-0.007326667	0.018316668
1488839912053	0.008547778	-0.008547778	0.009768889
1488850183251	0.01099	-0.0061055557	0.0061055557
1488859430960	0.014653334	-0.0036633336	0.0036633336
1488869625647	0.01099	-0.0048844446	0.0
1488877232158	-0.0012211112	-0.0036633336	-0.0036633336
1488890146585	-0.0012211112	0.0	-0.01099
1488894852001	-0.013432222	-0.0024422223	-0.01099
1488909852001	-0.023201112	-0.0048844446	-0.017095556
1488915037470	-0.03052778	-0.01099	-0.017095556
1488925561637	-0.02198	-0.01099	-0.018316668
1488934319918	-0.01099	-0.014653334	-0.017095556
1488944887053	-0.0048844446	-0.017095556	-0.015874445
1488954085283	-0.009768889	-0.018316668	-0.009768889
1488965079189	-0.01099	-0.018316668	-0.012211111
1488976555178	-0.019537779	-0.017095556	-0.019537779
1488985701533	-0.026864445	-0.017095556	-0.014653334
1488993953668	-0.028085556	-0.02075889	-0.02075889
1489004723512	-0.02075889	-0.014653334	-0.015874445
1489014418928	-0.008547778	-0.01099	-0.009768889
1489025133043	-0.0048844446	-0.009768889	-0.007326667
1489033757262	0.0024422223	-0.01099	-0.0024422223
1489044401637	0.0048844446	-0.009768889	0.0
1489052808407	0.0024422223	-0.009768889	0.009768889
1489062541949	0.0012211112	-0.009768889	0.0061055557
1489072912001	0.01099	-0.008547778	0.01099
1489082424605	0.01099	-0.0048844446	0.012211111
1489092997470	0.014653334	-0.0036633336	0.0012211112
1489099640960	0.009768889	0.0024422223	0.0024422223
1489111012522	0.0061055557	-0.0024422223	0.0012211112
1489121877418	0.0061055557	-0.0048844446	-0.0048844446
1489129898564	-0.0048844446	-0.0048844446	-0.0036633336
1489140233043	-0.012211111	-0.01099	-0.009768889
1489148762991	-0.013432222	-0.012211111	-0.0048844446
1489158132522	-0.015874445	-0.012211111	-0.009768889
1489167160335	-0.013432222	-0.012211111	-0.014653334
1489177548772	-0.009768889	-0.009768889	-0.013432222
1489186339657	-0.014653334	-0.009768889	-0.017095556
1489197004293	-0.02198	-0.013432222	-0.008547778
1489205921741	-0.025643334	-0.014653334	-0.014653334
1489216990335	-0.015874445	-0.015874445	-0.012211111
1489228985282	-0.018316668	-0.014653334	-0.009768889
1489235765282	-0.019537779	-0.009768889	-0.015874445
1489245858251	-0.014653334	-0.0048844446	-0.0061055557
1489256228564	-0.007326667	0.0012211112	-0.0012211112
1489265859605	-0.0024422223	0.0048844446	-0.007326667
1489275840699	-0.0061055557	0.0048844446	-0.0048844446
1489288059032	-0.0024422223	0.009768889	0.0
1489293296064	0.0048844446	0.0061055557	0.0
1489304997262	0.0048844446	0.009768889	0.007326667
1489314670178	-0.0012211112	0.009768889	0.0012211112
1489325114137	-0.0036633336	0.007326667	0.0024422223
1489334149762	0.0048844446	0.009768889	0.0036633336
1489344505126	0.009768889	0.009768889	0.0012211112
1489353495595	0.01099	0.008547778	0.009768889
1489363402834	0.013432222	0.0048844446	0.0036633336
1489373128043	0.009768889	0.0024422223	0.007326667
1489383521532	0.014653334	0.0012211112	0.0048844446
1489392194657	0.009768889	-0.0012211112	0.0048844446
1489402914657	-0.0036633336	-0.0012211112	0.0024422223
1489412724449	-0.0048844446	-0.0061055557	-0.009768889
1489417756845	-0.007326667	-0.01099	-0.008547778
1489428989501	-0.018316668	-0.01099	-0.009768889
1489439485334	-0.02075889	-0.012211111	-0.015874445
1489447915959	-0.019537779	-0.013432222	-0.0048844446
1489458284918	-0.019537779	-0.009768889	-0.008547778
1489469690595	-0.018316668	-0.008547778	-0.009768889
1489479072001	-0.01099	-0.0024422223	-0.0048844446
1489491740491	0.0	0.0012211112	-0.01099
1489496726793	0.0	0.0048844446	-0.0048844446
1489508526168	0.0036633336	0.0061055557	0.0012211112
1489518275282	0.009768889	0.008547778	0.009768889
1489530130647	0.0036633336	0.008547778	0.018316668
1489535109501	0.0061055557	0.007326667	0.013432222
1489547195126	0.0024422223	0.007326667	0.014653334
1489558012418	0.0036633336	0.0061055557	0.0061055557
1489564629032	0.012211111	0.0	0.0012211112
1489576180074	0.014653334	0.0036633336	0.0061055557
1489591180074	0.008547778	0.0036633336	0.0024422223
1489598657366	0.0	-0.0024422223	0.0024422223
1489604264814	-0.0061055557	-0.0048844446	-0.0048844446
1489617345230	-0.012211111	-0.0061055557	-0.0048844446
1489625832157	-0.018316668	-0.009768889	-0.009768889
1489640832157	-0.026864445	-0.015874445	-0.014653334
1489654148459	-0.028085556	-0.01099	-0.018316668
1489654221220	-0.03297	-0.013432222	-0.02198
1489658637314	-0.026864445	-0.009768889	-0.019537779
1489673637314	-0.026864445	-0.007326667	-0.018316668
1489678802991	-0.023201112	-0.008547778	-0.015874445
1489693802991	-0.02075889	-0.013432222	-0.018316668
1489708802991	-0.013432222	-0.01099	-0.008547778
1489713082470	-0.01099	-0.0061055557	-0.017095556
1489717182886	-0.0048844446	-0.0024422223	-0.017095556
1489730129345	-0.01099	0.0012211112	-0.013432222
1489745129345	-0.008547778	0.0024422223	-0.014653334
1489752936011	-0.0048844446	0.0036633336	-0.013432222
1489760169084	-0.0012211112	0.0036633336	-0.007326667
1489772621480	0.0	0.0048844446	-0.0048844446
1489777929449	-0.0024422223	0.0061055557	-0.007326667
1489791111220	-0.0061055557	0.007326667	-0.007326667
1489802227886	0.0048844446	0.0024422223	-0.0036633336
1489808211793	0.008547778	0.0012211112	0.0048844446
1489821917834	0.0024422223	-0.0012211112	0.0048844446
1489827999918	0.0	-0.0024422223	-0.0012211112
1489841282209	0.0	0.0	-0.0048844446
1489849011897	0.0036633336	-0.0012211112	-0.0012211112
1489859996376	-0.0048844446	-0.0012211112	-0.0061055557
1489867655438	-0.0024422223	-0.0061055557	-0.0012211112
1489880256376	-0.0024422223	-0.009768889	-0.0048844446
1489895256376	0.0012211112	-0.009768889	-0.0024422223
1489897814709	0.0024422223	-0.008547778	-0.0036633336
1489904940699	0.014653334	-0.012211111	-0.0061055557
1489919940699	0.009768889	-0.009768889	-0.0012211112
1489932916949	0.0	-0.008547778	-0.008547778
1489933013668	-0.0048844446	-0.009768889	-0.009768889
1489945393668	-0.0061055557	-0.018316668	-0.01099
1489950412730	-0.015874445	-0.023201112	-0.018316668
1489965412730	-0.015874445	-0.02075889	-0.02198
1489971564449	-0.012211111	-0.02075889	-0.015874445
1489985040959	-0.008547778	-0.018316668	-0.012211111
1489990673511	-0.0061055557	-0.013432222	-0.008547778
1490002744449	-0.0048844446	-0.009768889	-0.007326667
1490013603407	-0.0061055557	-0.0024422223	-0.008547778
1490022819397	0.0	-0.0036633336	-0.0036633336
1490035551376	0.0048844446	-0.0024422223	-0.0048844446
1490040992678	0.0048844446	0.0024422223	-0.0048844446
1490050259501	-0.0048844446	0.007326667	-0.009768889
1490058971584	-0.007326667	0.008547778	-0.012211111
1490072130022	-0.009768889	0.0048844446	-0.017095556
1490084586324	-0.012211111	0.0036633336	-0.014653334
1490099586324	-0.01099	0.0036633336	-0.019537779
1490110997053	-0.0061055557	-0.0012211112	-0.014653334
1490112074136	0.0012211112	-0.0024422223	-0.008547778
1490120156532	-0.0036633336	-0.007326667	-0.013432222
1490131822261	-0.0048844446	-0.007326667	-0.0061055557
1490139604292	-0.012211111	-0.008547778	-0.012211111
1490148718355	-0.02198	-0.012211111	-0.015874445
1490159119084	-0.024422223	-0.01099	-0.014653334
1490168352938	-0.02198	-0.017095556	-0.023201112
1490172264240	-0.018316668	-0.018316668	-0.015874445
1490185805803	-0.009768889	-0.014653334	-0.01099
1490194396324	-0.0048844446	-0.01099	-0.0061055557
1490203736584	-0.012211111	-0.014653334	-0.0036633336
1490212529188	-0.014653334	-0.017095556	-0.013432222
1490224385490	-0.015874445	-0.017095556	-0.012211111
1490234476272	-0.008547778	-0.018316668	-0.0048844446
1490244495490	-0.0061055557	-0.014653334	-0.0024422223
1490254689917	-0.0048844446	-0.013432222	-0.0012211112
1490261864501	-0.0012211112	-0.009768889	-0.0048844446
1490272644449	0.009768889	-0.007326667	-0.0036633336
1490282034240	0.01099	-0.0036633336	0.007326667
1490293533980	0.01099	-0.0048844446	0.009768889
1490302709397	0.009768889	-0.0036633336	0.013432222
1490311970803	0.0061055557	-0.0048844446	0.012211111
1490321975959	0.0024422223	-0.0061055557	0.01099
1490332108824	-0.0061055557	-0.007326667	0.0048844446
1490341787365	-0.013432222	-0.008547778	-0.0012211112
1490350735595	-0.019537779	-0.009768889	-0.0012211112
1490361607053	-0.01099	-0.012211111	0.0
1490369166011	-0.015874445	-0.01099	0.0
1490380520126	-0.017095556	-0.012211111	-0.0061055557
1490390867886	-0.015874445	-0.01099	-0.0024422223
1490397454240	-0.013432222	-0.01099	-0.0061055557
1490406850542	-0.02075889	-0.009768889	-0.009768889
1490419475334	-0.023201112	-0.014653334	-0.0061055557
1490424784865	-0.019537779	-0.015874445	-0.007326667
1490435630699	-0.017095556	-0.013432222	-0.0061055557
1490445414761	-0.018316668	-0.009768889	-0.007326667
1490455152209	-0.024422223	-0.0036633336	-0.008547778
1490464537261	-0.018316668	-0.0048844446	-0.007326667
1490474813719	-0.02075889	0.0012211112	-0.0048844446
1490486752209	-0.018316668	-0.0012211112	-0.0036633336
1490496357209	-0.014653334	-0.0024422223	0.0012211112
1490506170178	-0.0061055557	-0.0024422223	0.0
1490514031897	-0.0012211112	-0.0012211112	0.0
1490524616480	-0.0036633336	-0.0036633336	0.0048844446
1490534693199	-0.01099	0.0	-0.0024422223
1490543148615	-0.02198	-0.0012211112	-0.0036633336
1490554312678	-0.024422223	-0.0036633336	0.0024422223
1490563747261	-0.024422223	-0.009768889	-0.0024422223
1490573099240	-0.023201112	-0.013432222	0.0036633336
1490583324449	-0.013432222	-0.013432222	0.0061055557
1490593160855	-0.0061055557	-0.012211111	-0.0024422223
1490602947938	-0.0024422223	-0.01099	0.0061055557
1490612221480	-0.0048844446	-0.009768889	0.007326667
1490622442834	-0.0024422223	-0.014653334	0.008547778
1490632114396	-0.009768889	-0.014653334	0.007326667
1490641906949	-0.013432222	-0.014653334	0.0036633336
1490651901376	-0.0036633336	-0.015874445	0.0012211112
1490657377209	0.0036633336	-0.014653334	0.009768889
1490668291480	0.0024422223	-0.013432222	-0.0036633336
1490678142105	-0.007326667	-0.012211111	0.0012211112
1490689553771	-0.01099	-0.01099	0.0
1490697314657	-0.013432222	-0.012211111	-0.0061055557
1490709105594	-0.013432222	-0.008547778	-0.0036633336
1490720329188	-0.026864445	-0.008547778	-0.0061055557
1490729126167	-0.025643334	-0.0036633336	0.0
1490739073824	-0.013432222	-0.0012211112	0.0036633336
1490748099292	-0.0024422223	0.0012211112	-0.0048844446
1490757987261	-0.0036633336	0.0036633336	0.0061055557
1490768987365	0.0	0.0024422223	0.0012211112
1490777381376	0.0012211112	0.0061055557	0.009768889
1490787165282	0.015874445	0.008547778	0.01099
1490796755021	0.024422223	0.0061055557	0.013432222
1490806442313	0.018316668	0.0036633336	0.008547778
1490816291792	0.015874445	0.0024422223	0.008547778
1490825967626	0.015874445	0.0012211112	0.008547778
1490835572313	0.01099	0.0012211112	0.015874445
1490845201948	0.0036633336	0.0012211112	0.01099
1490854850646	-0.0036633336	-0.0024422223	0.013432222
1490864046271	-0.0036633336	-0.0024422223	0.008547778
1490873328928	-0.0061055557	-0.007326667	0.0048844446
1490881734344	-0.0048844446	-0.007326667	0.0048844446
1490893968615	0.0012211112	-0.009768889	0.0061055557
1490900080490	0.0061055557	-0.0061055557	-0.0012211112
1490911425282	-0.0012211112	-0.007326667	-0.0024422223
1490923595282	-0.0048844446	-0.0048844446	-0.0012211112
1490933409553	-0.007326667	-0.0024422223	-0.0036633336
1490940915490	-0.01099	-0.0048844446	-0.0048844446
1490950891115	-0.0061055557	-0.008547778	-0.0048844446
1490960549188	-0.0024422223	-0.007326667	-0.0048844446
1490970833823	0.0024422223	0.0	0.0
1490980542313	0.01099	-0.0036633336	0.0
1490990219240	0.015874445	0.0	0.007326667
1490999624032	0.014653334	0.0036633336	0.008547778
1491009543615	0.01099	0.0	0.007326667
1491019641167	0.007326667	0.0024422223	0.007326667
1491029169136	0.0036633336	0.0012211112	0.0024422223
1491039008615	0.007326667	0.0036633336	-0.0036633336
1491048642834	0.0061055557	0.0061055557	0.0
1491058203980	0.0	0.007326667	-0.0024422223
1491068087782	0.0012211112	0.0061055557	-0.0036633336
1491073762000	0.012211111	0.0036633336	-0.0024422223
1491088463250	0.018316668	0.0	0.0024422223
1491093391584	0.013432222	-0.0048844446	0.0036633336
1491104195698	0.008547778	-0.0061055557	0.0048844446
1491113532209	0.01099	-0.0061055557	0.0036633336
1491123908719	0.018316668	-0.0061055557	0.0
1491134848355	0.017095556	-0.008547778	-0.0048844446
1491145201584	0.0061055557	-0.0061055557	-0.008547778
1491155231323	-0.0024422223	-0.0061055557	-0.01099
1491163952157	-0.007326667	-0.0036633336	-0.013432222
1491173805542	-0.0024422223	-0.0012211112	-0.014653334
1491183713823	-0.0024422223	0.0012211112	-0.015874445
1491193680230	-0.01099	0.0012211112	-0.015874445
1491203641792	-0.01099	-0.0012211112	-0.018316668
1491212847261	-0.009768889	-0.0012211112	-0.014653334
1491222952313	-0.0061055557	-0.0061055557	-0.0048844446
1491232582990	-0.0061055557	-0.008547778	-0.009768889
1491242385021	-0.007326667	-0.008547778	-0.008547778
1491252113250	-0.0024422223	-0.007326667	-0.012211111
1491261322573	0.0061055557	-0.01099	-0.015874445
1491271896896	0.0012211112	-0.008547778	-0.017095556
1491280892521	-0.009768889	-0.0048844446	-0.018316668
1491292905959	-0.0024422223	-0.0061055557	-0.012211111
1491300491792	-0.0024422223	-0.007326667	-0.019537779
1491309904344	-0.0024422223	-0.0061055557	-0.015874445
1491318970907	-0.0036633336	-0.0024422223	-0.019537779
1491327422990	0.0012211112	0.0036633336	-0.013432222
1491336840438	0.0	0.0024422223	-0.018316668
1491346568615	0.0	0.0012211112	-0.009768889
1491356292000	0.0036633336	-0.0048844446	-0.0024422223
1491366207625	0.0061055557	-0.0061055557	-0.0036633336
1491377110125	0.0048844446	-0.008547778	-0.0012211112
1491387273980	0.0012211112	-0.008547778	-0.0012211112
1491394484657	0.0	-0.01099	0.0
1491407007052	-0.0061055557	-0.0048844446	0.0
1491417528198	-0.009768889	-0.0048844446	-0.0012211112
1491428015073	-0.0061055557	-0.0048844446	0.0
1491436141375	-0.0048844446	-0.0036633336	-0.0036633336
1491446715230	-0.01099	0.0012211112	-0.0061055557
1491456194240	-0.017095556	-0.0012211112	-0.0061055557
1491465847417	-0.018316668	0.0012211112	-0.014653334
1491476288615	-0.014653334	0.0048844446	-0.008547778
1491486980802	-0.014653334	0.008547778	-0.009768889
1491493423459	-0.017095556	0.0024422223	-0.013432222
1491504615125	-0.013432222	0.0012211112	-0.015874445
1491514377209	-0.0036633336	-0.0036633336	-0.009768889
1491524050802	-0.007326667	-0.0036633336	-0.013432222
1491534559761	-0.008547778	-0.0024422223	-0.015874445
1491540537886	-0.007326667	-0.0036633336	-0.008547778
1491550799344	-0.008547778	-0.0036633336	-0.015874445
1491561813979	-0.0061055557	-0.0024422223	-0.01099
1491569369032	-0.013432222	0.0	-0.01099
1491579862938	-0.007326667	-0.0036633336	-0.012211111
1491589932157	-0.0048844446	-0.007326667	-0.018316668
1491600150594	0.0024422223	-0.0061055557	-0.012211111
1491608991584	0.0024422223	-0.0024422223	-0.007326667
1491620797782	0.0024422223	-0.0036633336	-0.013432222
1491630350073	0.0036633336	-0.0048844446	-0.019537779
1491640507834	0.0024422223	-0.0036633336	-0.007326667
1491649112469	-0.0012211112	-0.007326667	-0.008547778
1491659498875	-0.0012211112	-0.007326667	-0.01099
1491669762886	-0.0012211112	-0.007326667	-0.009768889
1491678964917	0.0	-0.0036633336	-0.01099
1491690701948	0.0061055557	-0.0048844446	-0.009768889
1491696853094	0.008547778	-0.0024422223	-0.008547778
1491705296063	-0.0024422223	0.0	-0.0048844446
1491717036167	-0.0048844446	0.0	-0.0024422223
1491727679396	0.0036633336	0.0012211112	-0.0024422223
1491737180021	0.0024422223	0.0	-0.0048844446
1491747497209	0.008547778	0.0012211112	0.0024422223
1491755959136	0.015874445	0.0036633336	0.0
1491765723511	0.013432222	0.0048844446	0.0024422223
1491776223094	0.014653334	0.0024422223	0.0024422223
1491785251740	0.01099	-0.0048844446	0.0061055557
1491795985125	0.01099	-0.0012211112	0.0048844446
1491802320386	0.008547778	0.0	0.0048844446
1491811968511	0.0048844446	-0.0061055557	0.0024422223
1491822110386	0.012211111	-0.0048844446	-0.0012211112
1491832641896	0.012211111	-0.0061055557	-0.0048844446
1491840665281	0.0012211112	-0.0048844446	-0.008547778
1491850930959	0.0024422223	-0.012211111	-0.012211111
1491860942365	-0.0061055557	-0.017095556	-0.012211111
1491872286063	-0.012211111	-0.014653334	-0.013432222
1491882422209	-0.018316668	-0.013432222	-0.014653334
1491894792469	-0.024422223	-0.013432222	-0.008547778
1491897690177	-0.026864445	-0.01099	-0.012211111
1491910272156	-0.023201112	-0.012211111	-0.013432222
1491920995333	-0.018316668	-0.007326667	-0.0061055557
1491930440802	-0.013432222	0.0024422223	-0.007326667
1491941815958	-0.009768889	0.0048844446	-0.008547778
1491948203094	0.0	0.0036633336	-0.0024422223
1491959597573	0.008547778	0.0036633336	-0.007326667
1491969975021	0.0012211112	0.0024422223	-0.0048844446
1491980071271	-0.0036633336	0.0024422223	-0.007326667
1491989088146	-0.013432222	0.0048844446	-0.009768889
1491999010646	-0.0036633336	0.0024422223	-0.0036633336
1492009360333	0.0024422223	0.0	-0.0012211112
1492018773094	0.0048844446	0.0024422223	0.0024422223
1492027763979	0.0024422223	0.0012211112	0.008547778
1492038130177	-0.0024422223	0.0024422223	0.0036633336
1492047162625	-0.0061055557	-0.0024422223	-0.0024422223
1492055615854	-0.0048844446	-0.0012211112	0.0048844446
1492063271688	-0.007326667	0.0036633336	0.0012211112
1492074561844	-0.007326667	0.0024422223	-0.0036633336
1492083554292	-0.0036633336	0.0024422223	0.0024422223
1492096047052	-0.0012211112	0.0061055557	0.0036633336
1492100851011	0.0012211112	0.0048844446	0.0036633336
1492112213146	-0.0036633336	0.0012211112	-0.0012211112
1492124540021	-0.009768889	0.0012211112	0.0
1492134400021	-0.0061055557	-0.0012211112	-0.0048844446
1492144313823	-0.01099	-0.0048844446	-0.008547778
1492152986219	-0.017095556	-0.008547778	-0.007326667
1492162640229	-0.015874445	-0.009768889	-0.009768889
1492173489969	-0.013432222	-0.01099	-0.009768889
1492183829083	-0.02198	-0.01099	-0.012211111
1492192088979	-0.018316668	-0.009768889	-0.019537779
1492202536323	-0.009768889	-0.008547778	-0.015874445
1492211115698	-0.0036633336	-0.014653334	-0.013432222
1492221976167	-0.0061055557	-0.015874445	-0.019537779
1492230436375	-0.009768889	-0.014653334	-0.013432222
1492241014604	-0.008547778	-0.017095556	-0.02075889
1492251789500	-0.015874445	-0.014653334	-0.018316668
1492259616427	-0.013432222	-0.013432222	-0.014653334
1492270431479	-0.0061055557	-0.013432222	-0.024422223
1492285431479	-0.0048844446	-0.015874445	-0.017095556
1492300431479	-0.007326667	-0.014653334	-0.02075889
1492315431479	-0.007326667	-0.009768889	-0.018316668
1492326853927	-0.0036633336	-0.007326667	-0.009768889
1492327138562	-0.0061055557	-0.014653334	-0.014653334
1492327227833	-0.007326667	-0.01099	-0.012211111
1492334245698	-0.0012211112	-0.009768889	-0.008547778
1492345043823	0.0036633336	-0.0036633336	-0.009768889
1492356733667	0.0061055557	0.0	-0.01099
1492364748771	0.0048844446	0.0036633336	-0.0036633336
1492375544656	0.007326667	0.0024422223	-0.012211111
1492383417260	0.0061055557	-0.0012211112	-0.015874445
1492395079135	0.0048844446	0.0	-0.013432222
1492402730437	-0.0036633336	-0.0061055557	-0.015874445
1492412204500	-0.0061055557	-0.01099	-0.008547778
1492421756740	0.0012211112	-0.014653334	-0.014653334
1492431636427	0.0061055557	-0.007326667	-0.0048844446
1492441994187	0.0048844446	-0.0048844446	-0.0024422223
1492451454552	0.0024422223	-0.0061055557	-0.009768889
1492462267573	0.0061055557	-0.007326667	0.0012211112
1492471554917	0.0048844446	-0.0061055557	-0.013432222
1492480037156	-0.0036633336	-0.0048844446	-0.012211111
1492491732417	-0.01099	-0.0061055557	-0.012211111
1492501957990	-0.012211111	-0.008547778	-0.017095556
1492508981219	-0.013432222	-0.007326667	-0.02075889
1492517752104	-0.008547778	-0.008547778	-0.014653334
1492530257937	-0.007326667	-0.009768889	-0.013432222
1492535583979	0.0	-0.008547778	-0.013432222
1492550583979	0.0048844446	-0.0061055557	-0.008547778
1492565583979	0.0036633336	-0.009768889	-0.01099
1492580583979	0.0061055557	-0.0048844446	-0.0012211112
1492586254812	-0.0061055557	-0.008547778	-0.009768889
1492588679083	-0.014653334	-0.009768889	-0.013432222
1492594329083	-0.012211111	-0.01099	-0.013432222
1492604574135	-0.017095556	-0.012211111	-0.015874445
1492618039187	-0.014653334	-0.018316668	-0.01099
1492625940125	-0.015874445	-0.017095556	-0.015874445
1492636274969	-0.0061055557	-0.012211111	-0.013432222
1492649007312	-0.0048844446	-0.009768889	-0.0061055557
1492657065229	-0.007326667	-0.009768889	-0.008547778
1492667085750	-0.01099	-0.008547778	-0.01099
1492678255489	-0.013432222	-0.009768889	-0.009768889
1492693255489	-0.014653334	-0.008547778	-0.012211111
1492697648927	-0.012211111	-0.0061055557	-0.0024422223
1492706334604	-0.01099	-0.0024422223	-0.0061055557
1492717323042	-0.008547778	-0.0012211112	-0.0036633336
1492724853250	-0.007326667	0.0012211112	-0.0024422223
1492734258354	-0.009768889	0.0	-0.0012211112
1492744329396	-0.017095556	0.0012211112	-0.0024422223
1492754054083	-0.017095556	-0.0012211112	-0.0048844446
1492763910333	-0.015874445	-0.0012211112	-0.007326667
1492774792781	-0.009768889	0.0012211112	-0.0012211112
1492782667260	0.0	0.0024422223	-0.007326667
1492794153094	0.0012211112	0.0024422223	-0.0024422223
1492802289552	0.008547778	0.0012211112	-0.0012211112
1492813176219	0.0061055557	0.0036633336	0.0012211112
1492821115750	0.0024422223	0.0012211112	-0.0036633336
1492832697573	0.0012211112	0.0024422223	-0.0012211112
1492837711791	-0.0012211112	-0.0012211112	-0.007326667
1492846667000	-0.0061055557	0.0	-0.008547778
1492860384291	-0.0024422223	-0.0061055557	-0.008547778
1492868724916	0.0	0.0012211112	-0.009768889
1492880211166	-0.0024422223	0.0048844446	-0.009768889
1492895211114	-0.0061055557	0.0024422223	-0.019537779
1492899005385	-0.007326667	0.0012211112	-0.024422223
1492908974083	-0.008547778	0.0	-0.019537779
1492919928041	-0.007326667	-0.0036633336	-0.02075889
1492926837364	0.0	-0.008547778	-0.019537779
1492938087677	-0.0061055557	-0.01099	-0.015874445
1492950620281	-0.01099	-0.014653334	-0.017095556
1492957057625	-0.008547778	-0.013432222	-0.018316668
1492967037729	-0.0024422223	-0.015874445	-0.015874445
1492976754604	0.0024422223	-0.017095556	-0.008547778
1492986621323	0.009768889	-0.01099	-0.0048844446
1492994096375	0.018316668	-0.0061055557	-0.0012211112
1493006075906	0.025643334	-0.0012211112	0.0012211112
1493011933146	0.025643334	0.0012211112	-0.0024422223
1493022744552	0.028085556	0.0036633336	0.0024422223
1493032797937	0.03052778	0.008547778	-0.0012211112
1493042352885	0.03297	0.009768889	0.0036633336
1493051862208	0.029306669	0.008547778	0.0048844446
1493061810698	0.028085556	0.008547778	0.0048844446
1493074699448	0.029306669	0.009768889	0.008547778
1493080065489	0.035412222	0.007326667	0.01099
