1064272795767	0.6184203	0.612795	-0.48477954	0.08383057
1064287795767	0.6184203	0.612795	-0.48477954	0.08383057
1064302795767	0.6184203	0.612795	-0.48477954	0.08383057
1064317795767	0.6184203	0.612795	-0.48477954	0.08383057
1064332795767	0.6184203	0.612795	-0.48477954	0.08383057
1064347795767	0.6184203	0.612795	-0.48477954	0.08383057
1064362795767	0.61842805	0.6127922	-0.4847719	0.08383827
1064377795767	0.6190891	0.61405885	-0.48203617	0.08544908
1064392795767	0.6190892	0.61405885	-0.48203623	0.08544918
1064407795767	0.6190952	0.61511475	-0.48054424	0.08621029
1064422795767	0.6193485	0.6158481	-0.47908574	0.087266795
1064437795767	0.6194415	0.61595213	-0.47878602	0.08751716
1064452795767	0.61943406	0.616018	-0.47870144	0.08756833
1064467795767	0.6194541	0.61604196	-0.4786333	0.087630525
1064482795767	0.61946684	0.6163793	-0.47810173	0.0880699
1064497795767	0.6195512	0.6166451	-0.4775586	0.08856025
1064512795767	0.61969125	0.61692095	-0.47689697	0.089222215
1064527795767	0.6197334	0.61734825	-0.4761561	0.08992827
1064542795767	0.61998713	0.61781263	-0.47499913	0.09110099
1064557795767	0.6201513	0.618168	-0.47417286	0.09187473
1064570329100	0.62028027	0.6183147	-0.47373453	0.092277296
1064578212642	0.62054104	0.6183922	-0.4731914	0.09278897
1064585360714	0.62075394	0.6183729	-0.47288036	0.093079254
1064600041079	0.6209859	0.6181862	-0.47280693	0.09314495
1064603573839	0.62136316	0.61768484	-0.4729994	0.092977986
1064618573839	0.6214706	0.61750835	-0.47310796	0.092880234
1064624825871	0.62194985	0.61663157	-0.47373304	0.09230918
1064636330714	0.6221413	0.61626804	-0.47400415	0.09205442
1064648493996	0.6224738	0.61568373	-0.474394	0.09170786
1064657026964	0.62277406	0.6151721	-0.47471187	0.091457665
1064664594152	0.6229807	0.6148482	-0.47487548	0.091378145
1064674940298	0.6231539	0.6146115	-0.4749649	0.09132546
1064683754308	0.623441	0.61419624	-0.4751544	0.091173954
1064693816600	0.62365437	0.61387336	-0.4753071	0.09109263
1064704217537	0.6238585	0.61345387	-0.47559342	0.09102661
1064712400402	0.6240317	0.61303824	-0.47592622	0.09090076
1064721360454	0.624184	0.61266345	-0.4762213	0.09083572
1064732372069	0.62428564	0.61232	-0.47653225	0.09082269
1064741236652	0.6243913	0.61191696	-0.47689086	0.090929896
1064751785298	0.624483	0.6115287	-0.47725335	0.09101106
1064760806339	0.62451917	0.6112609	-0.47751227	0.09120364
1064770450037	0.6244886	0.61113703	-0.47764668	0.09153833
1064780882173	0.6243788	0.6110552	-0.47780964	0.09198197
1064790296600	0.6242556	0.61095953	-0.4780144	0.0923889
1064800068944	0.6241228	0.610827	-0.4782921	0.092724234
1064809194152	0.62395006	0.6106932	-0.47861403	0.0931067
1064819682798	0.6237875	0.61054456	-0.47894812	0.09345226
1064828458683	0.62360895	0.61031365	-0.47939387	0.09386544
1064837210923	0.62345237	0.6100767	-0.47984356	0.094147906
1064844953787	0.6232713	0.609773	-0.4803943	0.09450472
1064855898110	0.6231652	0.60962427	-0.48067012	0.09476142
1064865739829	0.62297434	0.6093959	-0.48110953	0.09525348
1064875405506	0.62278247	0.60920316	-0.48150346	0.09574965
1064885236704	0.6225753	0.60904926	-0.48187268	0.096217774
1064896517068	0.62241536	0.60886174	-0.48222318	0.09668205
1064905543266	0.6222189	0.6085852	-0.48270154	0.09729837
1064917070662	0.6221015	0.6083856	-0.48303768	0.09762902
1064925473266	0.6219793	0.6080354	-0.48356834	0.09796208
1064934670193	0.6219127	0.6077145	-0.48402074	0.09814166
1064944975454	0.62188	0.6074671	-0.4843488	0.098261155
1064954499360	0.62185377	0.6071741	-0.4847271	0.09837267
1064964902537	0.62183154	0.6069648	-0.4849788	0.0985649
1064976215298	0.6217693	0.60687774	-0.48510405	0.09887544
1064983346548	0.62167877	0.6068215	-0.4852176	0.09923238
1064994007693	0.621662	0.60675955	-0.48527142	0.099453
1065003891287	0.6216234	0.6067223	-0.48529187	0.09982127
1065013639777	0.62160397	0.60667396	-0.48530087	0.10019189
1065023325089	0.6216117	0.60661095	-0.4852953	0.10055146
1065033022746	0.62161595	0.60656625	-0.48527342	0.10089952
1065045690402	0.6216194	0.60649896	-0.48529676	0.10117056
1065053249568	0.6216669	0.6063504	-0.48535898	0.10146965
1065061565975	0.6216774	0.6062963	-0.4853784	0.10163575
1065071834933	0.6216525	0.60629183	-0.4853746	0.10183271
1065081482485	0.6216232	0.6062662	-0.48539633	0.10206102
1065088094725	0.6216024	0.60623914	-0.48541686	0.102250345
1065101696652	0.62161976	0.6061739	-0.48545775	0.10233786
1065106871079	0.62176085	0.60600936	-0.4854631	0.10242924
1065118112745	0.6218327	0.605945	-0.48545277	0.10242199
1065126768006	0.6221605	0.6056214	-0.48548043	0.10221451
1065140838631	0.622401	0.6053753	-0.48553234	0.101961136
1065147890766	0.6229977	0.6047699	-0.4856638	0.10128119
1065159081235	0.62332314	0.6044718	-0.485701	0.10087958
1065170879464	0.6239479	0.6039583	-0.4856915	0.100135945
1065176149829	0.6246854	0.60348105	-0.48549995	0.099341206
1065191149829	0.62502825	0.60327786	-0.4853864	0.098973446
1065201489100	0.6261325	0.60248405	-0.48523134	0.09757872
1065211842068	0.62689847	0.6017974	-0.48531997	0.09645141
1065221092225	0.62793076	0.60083926	-0.48547602	0.094911546
1065230273735	0.6289185	0.60007334	-0.4854102	0.09354405
1065240531548	0.62988096	0.5995451	-0.48505026	0.092314385
1065249131652	0.63101524	0.5990633	-0.48442817	0.09095297
1065260409360	0.6319979	0.59870446	-0.4838132	0.0897585
1065270541600	0.63338506	0.5982876	-0.4828077	0.088159926
1065278121027	0.6347009	0.59795785	-0.48176968	0.08659791
1065284794777	0.635666	0.59764236	-0.4811125	0.08534121
1065296821808	0.63659936	0.59726363	-0.4805744	0.08405845
1065311821808	0.6405116	0.5959549	-0.47790298	0.07868607
1065314181860	0.6405116	0.5959549	-0.47790298	0.07868607
1065320534308	0.6407773	0.5959197	-0.4776487	0.07833198
1065335534308	0.64181864	0.59582907	-0.47657585	0.077019796
1065341580193	0.6441193	0.595735	-0.47403896	0.07414281
1065352066547	0.6450843	0.5957054	-0.4729432	0.07298064
1065363594152	0.64681786	0.5956371	-0.47096902	0.07093166
1065372457589	0.64866734	0.59558594	-0.4688068	0.06876267
1065383657120	0.6501352	0.5954887	-0.46713856	0.06707437
1065393520141	0.652093	0.59536296	-0.46488905	0.064776644
1065403062850	0.65377164	0.5952612	-0.46294013	0.06271553
1065411695610	0.65538466	0.5951764	-0.46103287	0.06070218
1065420610558	0.65713	0.5951293	-0.45888966	0.058494102
1065430190402	0.6586532	0.59509265	-0.45699412	0.056543425
1065439923058	0.6602409	0.59509975	-0.4549468	0.054421585
1065449696912	0.66182303	0.5951943	-0.45277178	0.052266758
1065459684881	0.6633552	0.5954225	-0.4504604	0.050172843
1065468887954	0.6648492	0.5957261	-0.44807124	0.048146997
1065478614047	0.66614616	0.5959857	-0.44599056	0.046291348
1065488232016	0.66756976	0.5962428	-0.44372293	0.044216532
1065498155818	0.66896623	0.59651685	-0.44144928	0.042123787
1065507744933	0.6703067	0.59687275	-0.43911603	0.04011381
1065517396391	0.67164445	0.59728706	-0.43667513	0.0381686
1065526980089	0.6729672	0.597799	-0.43409404	0.036248513
1065536375037	0.6742379	0.59841794	-0.43140444	0.03449035
1065547434516	0.6757443	0.5993352	-0.427911	0.032544184
1065552490610	0.6768267	0.6001284	-0.42517972	0.031205509
1065563470193	0.67744005	0.60059446	-0.42359763	0.030436052
1065573205662	0.6787363	0.60151786	-0.4203159	0.028773136
1065581123162	0.6797851	0.6022918	-0.41759536	0.027405009
1065589869672	0.68059695	0.602957	-0.41537756	0.02631103
1065602850141	0.681402	0.60363626	-0.41313624	0.025161728
1065610925766	0.6825226	0.60464215	-0.40989843	0.023541464
1065624276027	0.68317527	0.60529876	-0.40788674	0.022660673
1065632177120	0.68413454	0.60654074	-0.4044791	0.021562142
1065642472537	0.6847048	0.6074252	-0.4022052	0.021096539
1065650381495	0.6853637	0.6086064	-0.39930704	0.020705815
1065661353943	0.6858998	0.60961246	-0.396857	0.020461658
1065673052849	0.6864312	0.6107761	-0.39415318	0.02020052
1065683609724	0.68692017	0.61197025	-0.39145622	0.019877642
1065691889829	0.6872979	0.61291003	-0.38933718	0.019479698
1065703711704	0.687575	0.61356586	-0.38782918	0.019133383
1065709614672	0.68788123	0.6145169	-0.38579252	0.018777287
1065721431912	0.68795675	0.6150222	-0.38485545	0.018696409
1065732013735	0.6880856	0.6158662	-0.38328537	0.018423079
1065740271235	0.6881526	0.61649895	-0.3821704	0.017916046
1065751852537	0.6881437	0.61701703	-0.38136333	0.017615385
1065758209672	0.68802947	0.61770236	-0.3804784	0.017192341
1065770269672	0.6879642	0.61791414	-0.38026875	0.0168257
1065779118318	0.6878333	0.6181027	-0.38024017	0.015873805
1065789120089	0.6877088	0.6181842	-0.38035813	0.015252387
1065798508631	0.6874525	0.61827064	-0.38070783	0.014564032
1065806890141	0.6871615	0.61831367	-0.3811823	0.01405225
1065815653422	0.6868302	0.618417	-0.38162288	0.013740159
1065823236495	0.68628067	0.6186422	-0.38225505	0.0134837385
1065835378787	0.68592584	0.6187566	-0.38271022	0.013378495
1065846018995	0.68507844	0.61903423	-0.38378313	0.013219865
1065852205037	0.68421245	0.6193102	-0.3848831	0.013163238
1065863070089	0.6836605	0.61945695	-0.3856266	0.01317779
1065874510141	0.68248725	0.61972684	-0.38726452	0.0132722845
1065887437485	0.6813486	0.61993563	-0.38892376	0.013498642
1065894304256	0.67977405	0.62035567	-0.39098364	0.014067875
1065907596599	0.6789019	0.62067324	-0.3919752	0.014571387
1065915208058	0.67708033	0.6214765	-0.39379397	0.01598883
1065924957849	0.6759116	0.62199926	-0.39493075	0.01703671
1065934584620	0.67435	0.6227225	-0.39639154	0.018505339
1065945089568	0.6727282	0.62352	-0.39781302	0.020110143
1065953985558	0.6708291	0.6244784	-0.39940712	0.022116039
1065961787172	0.66901964	0.6253059	-0.4010343	0.024018707
1065972956495	0.66749704	0.6259397	-0.40247434	0.025722442
1065981233318	0.66487163	0.62706167	-0.40485305	0.028869865
1065993001964	0.66351616	0.62765944	-0.40602547	0.030551955
1065999656547	0.6608546	0.6288184	-0.40829542	0.03396415
1066011410922	0.659392	0.6294487	-0.40951672	0.035952374
1066022308631	0.6564778	0.6306741	-0.41193527	0.0399548
1066031547641	0.65385103	0.63165766	-0.41422835	0.043617453
1066042023318	0.65152365	0.6324381	-0.4163542	0.04677925
1066057023318	0.64880276	0.6332124	-0.4189866	0.05047136
1066063266703	0.6448165	0.6340474	-0.42317072	0.055876415
1066068618578	0.6431054	0.6342908	-0.4251016	0.05813125
1066078717953	0.6417422	0.63443214	-0.42669123	0.059979014
1066087155193	0.63886166	0.63481534	-0.42984545	0.06401808
1066097392589	0.6363143	0.63526845	-0.43238375	0.06769402
1066110230870	0.63329107	0.6357925	-0.4353326	0.07208341
1066115452849	0.629447	0.63617283	-0.43935663	0.077759266
1066126178526	0.62795365	0.6362258	-0.44101858	0.079960056
1066136644516	0.62485856	0.6362122	-0.44456598	0.08454005
1066147051912	0.6217508	0.63612115	-0.44814327	0.08912733
1066157170141	0.61871004	0.63594806	-0.4516673	0.093620494
1066166670193	0.6156723	0.635779	-0.45507562	0.09817736
1066174216078	0.6120775	0.63571817	-0.4587829	0.103642724
1066187437485	0.610389	0.6357758	-0.4603639	0.10620545
1066194109724	0.6060719	0.63595897	-0.46427965	0.11259446
1066205926391	0.6039411	0.6359711	-0.46625057	0.11578626
1066215872849	0.60032403	0.6358579	-0.4697033	0.12113963
1066224881651	0.5972155	0.63558507	-0.47284043	0.12564757
1066235303735	0.5947013	0.6352665	-0.47547203	0.1292027
1066244616755	0.59175897	0.6347436	-0.47867763	0.13337775
1066255060297	0.5893143	0.6341639	-0.4814716	0.13685724
1066263469412	0.58663535	0.63345766	-0.4845794	0.14061709
1066273963474	0.5845104	0.6329782	-0.48687816	0.14365248
1066284418578	0.58179504	0.6321536	-0.48965505	0.14877634
1066292759672	0.57953984	0.6308373	-0.49322188	0.15136114
1066305064776	0.57715344	0.6309434	-0.49491045	0.15449283
1066310649672	0.5738415	0.63105685	-0.49746445	0.15812138
1066321870245	0.5727991	0.6305507	-0.49884954	0.15954986
1066332619516	0.570217	0.6301179	-0.5013505	0.16263977
1066341563370	0.5681563	0.6294914	-0.50364095	0.16518095
1066346960818	0.5664867	0.628936	-0.50550365	0.16732742
1066358559828	0.56542224	0.62876344	-0.5064621	0.16867262
1066368754672	0.56335914	0.62830347	-0.5084205	0.17137647
1066378903735	0.56156313	0.6279333	-0.5100582	0.1737447
1066387684255	0.5596672	0.62756085	-0.5117832	0.17611915
1066396847172	0.55821323	0.62738043	-0.5129778	0.1778919
1066409391287	0.556482	0.6273311	-0.5142127	0.17991367
1066417517172	0.5542411	0.6273462	-0.51571137	0.18246992
1066429603474	0.55278957	0.62737745	-0.5166664	0.18405744
1066437514151	0.5504666	0.62742716	-0.51822275	0.18645902
1066447354985	0.5491018	0.62747204	-0.5191016	0.18788207
1066457876964	0.5471952	0.6277141	-0.5201158	0.18982093
1066469429464	0.54517394	0.62811077	-0.5209867	0.19192512
1066475397693	0.5431146	0.62875676	-0.5215726	0.19404525
1066484702589	0.5408371	0.6296296	-0.5220471	0.19628726
1066495786287	0.5394223	0.630166	-0.5223666	0.19760463
1066508433474	0.5369604	0.6310919	-0.5229646	0.19976133
1066513561443	0.53420615	0.6321958	-0.5235605	0.20208097
1066524867641	0.5330895	0.6326988	-0.523722	0.20303468
1066534669151	0.53043884	0.63405037	-0.52385724	0.20539795
1066542635193	0.5280592	0.63527286	-0.52394056	0.20752868
1066553421599	0.52649707	0.63602644	-0.52403075	0.20895723
1066564190766	0.52471286	0.63686526	-0.5241689	0.2105375
1066573475610	0.52271163	0.63774407	-0.5243867	0.21230537
1066582732953	0.52108896	0.63845223	-0.52457964	0.2136853
1066591361339	0.5195165	0.6392052	-0.5246472	0.21509223
1066599020870	0.5180437	0.63992196	-0.5247212	0.2163294
1066608531964	0.51684546	0.6404828	-0.5248005	0.2173412
1066623531964	0.51543105	0.6411154	-0.52492326	0.21853493
1066628131234	0.51336664	0.6419789	-0.5251569	0.22029081
1066643131234	0.5128009	0.64218485	-0.52525574	0.22077237
1066648641234	0.51113605	0.6426746	-0.5256542	0.22225447
1066657739776	0.51056224	0.6428673	-0.52576077	0.22276337
1066668355974	0.5094379	0.6433098	-0.5258789	0.22377878
1066679569828	0.5084347	0.64382243	-0.52585405	0.22464249
1066689644828	0.50725144	0.6445426	-0.5256483	0.22573161
1066700109203	0.50618047	0.6452882	-0.52536196	0.22667018
1066709785037	0.50508875	0.64612037	-0.5249531	0.22767986
1066718416912	0.50415117	0.6468809	-0.52450526	0.22862853
1066728615037	0.50340104	0.6475435	-0.5240634	0.22941764
1066738426495	0.5025722	0.64829916	-0.523534	0.23030764
1066747386495	0.50188833	0.6488809	-0.523153	0.23102537
1066757701547	0.5014281	0.6492502	-0.52291375	0.23152843
1066767568422	0.5009024	0.64970577	-0.522613	0.23206648
1066777208734	0.50040627	0.65014434	-0.522342	0.2325185
1066785866651	0.4998236	0.65068173	-0.5220017	0.233032
1066796973526	0.4995676	0.65093493	-0.521855	0.23320225
1066804600141	0.49907273	0.6514524	-0.5215218	0.23356226
1066815652849	0.4988254	0.65170544	-0.5213725	0.23371765
1066826994828	0.49851513	0.6520158	-0.52123064	0.23383082
1066835329620	0.49829477	0.6522161	-0.5211555	0.23390923
1066844937328	0.49820974	0.65230274	-0.52112746	0.23391116
1066854610089	0.4981583	0.65232426	-0.52117425	0.23385656
1066864313891	0.4981851	0.65224075	-0.5212894	0.23377572
1066874339568	0.49825412	0.65211934	-0.5214303	0.23365287
1066882690245	0.4983547	0.65200275	-0.52154046	0.23351803
1066891507016	0.49847585	0.6518992	-0.52161235	0.23338783
1066903922589	0.49862608	0.6517688	-0.5216964	0.23324338
1066909011182	0.49882683	0.6515671	-0.52184975	0.23303454
1066919955401	0.49890587	0.6514922	-0.5218976	0.23296727
1066929929411	0.4990552	0.6513533	-0.52195656	0.23290375
1066939900922	0.4991885	0.6512336	-0.5220017	0.23285197
1066951136443	0.49932086	0.6510774	-0.52207506	0.23284017
1066960405089	0.49946016	0.65089655	-0.52218145	0.2328087
1066971331443	0.49959952	0.65067255	-0.5223314	0.23279925
1066980892536	0.49979937	0.6503584	-0.5225303	0.23280182
1066989476964	0.49992713	0.6501336	-0.52269703	0.23278105
1066999537120	0.49999818	0.64999026	-0.5227885	0.23282339
1067009396703	0.500009	0.6499063	-0.5228421	0.23291418
1067018444151	0.49999702	0.6498933	-0.52282315	0.23301858
1067028182745	0.49998358	0.64991117	-0.52275264	0.23315576
1067038504672	0.4999286	0.64996344	-0.5226921	0.23326395
1067048153630	0.4999013	0.64996797	-0.5226852	0.23332475
1067060425766	0.49989155	0.64997864	-0.52267677	0.23333496
1067068534568	0.49986872	0.65001464	-0.52263224	0.23338336
1067077532484	0.49985895	0.65002465	-0.5226133	0.23341906
1067087104880	0.4998916	0.6500048	-0.52259433	0.23344663
1067096745401	0.49992892	0.64999825	-0.5225513	0.2334816
1067108227484	0.4999599	0.64999205	-0.52250636	0.23353285
1067116051547	0.50001675	0.64994407	-0.52250594	0.23354547
1067125924099	0.50008625	0.64987695	-0.52254456	0.23349704
1067134964776	0.5002061	0.6497596	-0.5226134	0.23341301
1067141315505	0.50033695	0.64966655	-0.52263236	0.23334917
1067155925505	0.5004597	0.6495987	-0.5226394	0.23325907
1067161870974	0.5006546	0.6495089	-0.52263635	0.23309757
1067174727953	0.50075394	0.6494651	-0.52262557	0.23303024
1067186082641	0.5009799	0.6494085	-0.5225422	0.23288925
1067191195609	0.5011712	0.6494184	-0.5223862	0.23280028
1067202055505	0.5012618	0.6494055	-0.5223314	0.23276399
1067213299359	0.50149965	0.64931655	-0.5222877	0.23259765
1067226661495	0.5017987	0.64918256	-0.52227336	0.23235881
1067235322068	0.5021816	0.6490014	-0.5222754	0.23203304
1067244020401	0.5024511	0.64890933	-0.5222306	0.23180771
1067255999099	0.50268835	0.64883655	-0.52216846	0.23163685
1067262028265	0.50294924	0.6488117	-0.5220358	0.23143947
1067275394880	0.5030595	0.6488175	-0.5219561	0.23136288
1067281937693	0.5032629	0.6488513	-0.52177465	0.23123582
1067292156963	0.5033629	0.64884996	-0.5217073	0.23117352
1067299543734	0.50353974	0.64879924	-0.5216462	0.23106852
1067313052068	0.5036516	0.6487862	-0.5216001	0.23096539
1067320373786	0.5038396	0.64876133	-0.5215082	0.2308324
1067329022224	0.50394374	0.64872396	-0.52148294	0.23076724
1067338765974	0.5040491	0.64867955	-0.52147645	0.23067643
1067349557432	0.5041736	0.6486501	-0.52144146	0.23056643
1067358895557	0.5043586	0.6485935	-0.5213877	0.2304429
1067373476390	0.5044348	0.6485576	-0.521386	0.23038056
1067379788109	0.5045546	0.64848477	-0.52140546	0.23027897
1067388950713	0.50461286	0.64845043	-0.5214057	0.23024784
1067396799255	0.5046794	0.64839506	-0.52143735	0.23018603
1067402127797	0.5047908	0.6483132	-0.5214517	0.23013976
1067417115088	0.5049129	0.6482016	-0.52150136	0.23007387
1067429768786	0.5051144	0.6480155	-0.52157927	0.22997913
1067433798057	0.505356	0.6477879	-0.52163875	0.22995476
1067448798057	0.50542575	0.6477067	-0.52168286	0.22993031
1067463798057	0.5057516	0.6472383	-0.5220077	0.22979529
1067478798057	0.50619453	0.646638	-0.5224229	0.22956645
1067493798057	0.5066358	0.64598864	-0.5229441	0.22923471
1067508798057	0.5071201	0.6453203	-0.5234154	0.22897018
1067513638422	0.50757074	0.6447743	-0.5237522	0.22873932
1067514745297	0.50770533	0.6446102	-0.5238404	0.22870134
1067515815140	0.50773054	0.64457726	-0.5238607	0.22869198
1067522483526	0.5077609	0.6445354	-0.52388847	0.22867882
1067532158370	0.5079611	0.64424235	-0.52411526	0.22853999
1067541893942	0.5082752	0.64377826	-0.5244797	0.22831324
1067556893942	0.5085542	0.6433541	-0.52481884	0.22810814
1067565020453	0.5089366	0.64273304	-0.5253122	0.22787073
1067572535245	0.5091369	0.642393	-0.5255985	0.22772145
1067580961442	0.5093096	0.6421273	-0.52580255	0.22761413
1067595961442	0.5094774	0.6418822	-0.52596104	0.22756344
1067602258838	0.50965035	0.6415785	-0.5261528	0.22758916
1067609331390	0.5097495	0.6414663	-0.5261785	0.22762398
1067619097849	0.50978446	0.64142704	-0.526153	0.22771487
1067628525765	0.50980365	0.64136606	-0.52617496	0.22779311
1067638412536	0.5098604	0.6412504	-0.5262508	0.22781706
1067647095453	0.50994724	0.64108485	-0.52638453	0.22777922
1067657835140	0.50999653	0.6409652	-0.52649	0.22776209
1067665154099	0.5100603	0.6408056	-0.5266334	0.2277365
1067674166338	0.51013094	0.6406684	-0.5267349	0.2277299
1067687082953	0.5101777	0.64059705	-0.52678466	0.22771075
1067700287536	0.5102607	0.6404739	-0.5268429	0.22773667
1067707939463	0.5103405	0.6403489	-0.52689254	0.22779424
1067714007432	0.51036507	0.64027846	-0.5269361	0.2278362
1067724437067	0.5103709	0.64026165	-0.52694327	0.2278538
1067734341130	0.5103645	0.64019996	-0.5270102	0.22788687
1067746074724	0.5103749	0.64011025	-0.52710587	0.22789413
1067754312328	0.5104638	0.63991016	-0.5272669	0.2278845
1067768353734	0.5105279	0.6397685	-0.5273939	0.2278451
1067776357015	0.5106827	0.6395303	-0.52759105	0.22771041
1067789518526	0.5108034	0.6393595	-0.52772224	0.22761504
1067792976390	0.5110219	0.63908786	-0.52792025	0.22742817
1067804058838	0.5111067	0.63899934	-0.52798134	0.22734441
1067814091703	0.5112984	0.6388191	-0.5280726	0.22720814
1067824624411	0.51144695	0.63868433	-0.52814984	0.22707279
1067832198838	0.5115147	0.6386447	-0.52816147	0.2270048
1067842848161	0.5115412	0.6386475	-0.52814084	0.22698514
1067850911547	0.5115436	0.6386932	-0.528098	0.22695094
1067863364776	0.5115539	0.63872623	-0.5280604	0.22692253
1067875183213	0.51158917	0.6387122	-0.5280636	0.22687462
1067882406390	0.5116021	0.6386827	-0.5281361	0.22676004
1067893446286	0.5116049	0.6386631	-0.5281849	0.22669515
1067902688630	0.5115679	0.63865864	-0.5282568	0.22662364
1067910143838	0.51153076	0.63869685	-0.52825856	0.22659566
1067921817953	0.5114843	0.63877267	-0.5282096	0.226601
1067928273213	0.51140076	0.6389021	-0.5281332	0.22660263
1067937628890	0.51137227	0.6389476	-0.5281092	0.22659469
1067946051286	0.5113211	0.63900983	-0.52810436	0.22654584
1067955312224	0.5112509	0.6390595	-0.5281296	0.22650538
1067969637744	0.51119214	0.63911736	-0.52813214	0.22646871
1067978347432	0.5110507	0.63925916	-0.52811474	0.2264285
1067987938838	0.5109815	0.63934475	-0.52808255	0.22641805
1068000106546	0.5108823	0.6394927	-0.5280004	0.22641568
1068005500557	0.51073486	0.63970906	-0.527871	0.22643867
1068017147067	0.51064956	0.639832	-0.52780455	0.2264384
1068026538890	0.5105618	0.63998556	-0.52769643	0.22645453
1068036018942	0.5104869	0.6400857	-0.52765435	0.22643842
1068045927171	0.5104356	0.6401588	-0.5276276	0.2264098
1068055993630	0.5104131	0.64022976	-0.52756655	0.2264021
1068066246182	0.51034296	0.6403426	-0.52748454	0.22643222
1068076223421	0.51031995	0.6404093	-0.527415	0.22645742
1068083926078	0.51031435	0.6404612	-0.52735686	0.2264587
1068095205661	0.51030326	0.6405114	-0.5273103	0.22644985
1068104423942	0.51029277	0.6405558	-0.527263	0.22645828
1068116115192	0.5102875	0.6405721	-0.5272423	0.22647206
1068122833682	0.5102923	0.6405527	-0.52724797	0.22650297
1068133542276	0.51028514	0.6405546	-0.5272336	0.22654743
1068143371598	0.5101916	0.64065456	-0.5271567	0.22665402
1068153205817	0.5100555	0.6408043	-0.5270284	0.22683576
1068162444098	0.50989217	0.6409533	-0.52694494	0.2269756
1068171154098	0.5097491	0.6410549	-0.5268902	0.22713701
1068180528265	0.5096207	0.6411369	-0.52684367	0.22730157
1068189752588	0.5095111	0.6411837	-0.5268413	0.2274211
1068198603421	0.5094428	0.64118654	-0.52685755	0.22752823
1068207091130	0.50939196	0.6411661	-0.5269103	0.22757752
1068222091130	0.50937015	0.64114237	-0.5269366	0.22763227
1068228141651	0.5092847	0.64113235	-0.5269886	0.22773123
1068238378682	0.5092482	0.6411472	-0.52698785	0.22777265
1068249142744	0.5091766	0.64124554	-0.52689064	0.22788087
1068258714880	0.5090763	0.6413757	-0.526776	0.22800364
1068270939307	0.50898945	0.6414789	-0.5266761	0.22813796
1068279715609	0.5088891	0.6415596	-0.5265801	0.22835663
1068290574098	0.5088569	0.641603	-0.5265183	0.22844857
1068297535244	0.5087736	0.64170325	-0.52639973	0.2286255
1068309517171	0.5086954	0.6417769	-0.52631444	0.22878954
1068315843630	0.5085885	0.64188135	-0.526209	0.22897643
1068326716026	0.50855464	0.64192057	-0.5261516	0.22907378
1068337124203	0.5085157	0.641925	-0.52612114	0.22921771
1068345104098	0.5085128	0.6418979	-0.52611893	0.2293047
1068356646546	0.50853014	0.64185447	-0.5261273	0.22936921
1068367147848	0.50858337	0.641794	-0.5261384	0.22939429
1068376076286	0.5085893	0.64180785	-0.5261094	0.22940908
1068385614671	0.5085776	0.64184666	-0.5260345	0.22949827
1068395343369	0.50856227	0.64190155	-0.52593786	0.22960003
1068404976442	0.5085561	0.6419566	-0.5258289	0.22970922
1068414705453	0.5085655	0.64199483	-0.5257303	0.22980744
1068424185609	0.50859404	0.6420031	-0.52566135	0.2298788
1068433013994	0.5086368	0.6419827	-0.5256113	0.22995566
1068441922119	0.50870055	0.6419451	-0.5255813	0.22998796
1068451403578	0.5087902	0.64191437	-0.52553755	0.22997549
1068460437953	0.508887	0.6418771	-0.5254852	0.22998525
1068470530244	0.50897914	0.6418475	-0.52542716	0.22999658
1068480294463	0.50911856	0.64176995	-0.5253814	0.23000905
1068491660036	0.5092538	0.6416573	-0.5254106	0.22995718
1068499866025	0.50943756	0.64143205	-0.52554864	0.22986309
1068514015661	0.5095975	0.6412524	-0.525636	0.22980978
1068520531182	0.5098716	0.6409317	-0.52578914	0.22974612
1068528580296	0.5099682	0.6408272	-0.5258254	0.22974057
1068539759880	0.51007664	0.64071614	-0.5258411	0.22977327
1068549875400	0.51020765	0.640581	-0.5258499	0.22983947
1068559809567	0.5103323	0.64044404	-0.5258613	0.22991784
1068569922848	0.5104494	0.64028156	-0.5259149	0.22998802
1068576901702	0.51056457	0.6401009	-0.5260167	0.23000264
1068589833421	0.5106565	0.63994575	-0.52610964	0.23001759
1068598747171	0.51083165	0.63967764	-0.52625036	0.23005256
1068608509255	0.5109318	0.6395169	-0.5263437	0.23006375
1068618178369	0.51101416	0.63936025	-0.5264338	0.23010997
1068625675140	0.5110673	0.6392523	-0.52647984	0.23018615
1068638289098	0.5111413	0.639136	-0.5265168	0.23026043
1068652577796	0.5112936	0.63893485	-0.52657306	0.23035164
1068659718317	0.51149386	0.63868546	-0.5266662	0.23038578
1068666557067	0.5115644	0.6385969	-0.5267007	0.2303963
1068676200036	0.511678	0.6384358	-0.52678764	0.23039126
1068685877692	0.5117999	0.6382984	-0.5268307	0.23040272
1068691738161	0.5119105	0.6381688	-0.5268823	0.23039842
1068705981442	0.51200086	0.63806546	-0.5269209	0.23039544
1068710963525	0.5122703	0.63777405	-0.5270291	0.23035592
1068719868213	0.5123542	0.63769734	-0.5270478	0.23033887
1068731991598	0.51249796	0.6375888	-0.52702886	0.23036288
1068742162848	0.51266354	0.63752544	-0.5269329	0.23038928
1068751955765	0.5128173	0.63748384	-0.5268142	0.23043358
1068762373421	0.51298076	0.63740987	-0.5267449	0.23043285
1068773187588	0.51315236	0.63734066	-0.52665895	0.23043874
1068782704098	0.5133397	0.63725567	-0.5265765	0.23044486
1068791465921	0.51351875	0.6371602	-0.52652013	0.23043856
1068799863994	0.5137105	0.63706535	-0.5264654	0.23039852
1068810619046	0.5137875	0.6370292	-0.5264397	0.23038575
1068820735348	0.51394707	0.63694865	-0.52640355	0.23033471
1068831179619	0.514106	0.63689035	-0.5263282	0.23031357
1068841236077	0.5142423	0.6368727	-0.5262325	0.2302769
1068850879359	0.5143755	0.6368572	-0.526138	0.23023792
1068860811754	0.5145339	0.6368086	-0.5260698	0.23017457
1068868386494	0.5147025	0.63672674	-0.526039	0.23009448
1068883386494	0.5149209	0.6366102	-0.5260059	0.230004
1068898386494	0.5151127	0.63653195	-0.525948	0.22992349
1068913011077	0.5152514	0.6365184	-0.52585316	0.22986713
1068917721911	0.51528066	0.63655484	-0.5257728	0.22988412
1068923362588	0.51527464	0.6366087	-0.5256961	0.22992384
1068928568942	0.515274	0.63664734	-0.5256283	0.22997358
1068936161129	0.515286	0.63664	-0.525609	0.23001102
1068947091807	0.515363	0.6365203	-0.5256386	0.23010191
1068961249723	0.5154314	0.63641864	-0.52566534	0.2301689
1068966699254	0.51561904	0.63614094	-0.52579325	0.2302244
1068973143682	0.5157285	0.63598645	-0.5258709	0.23022847
1068988113629	0.5158409	0.6357939	-0.52598214	0.23025444
1069003113629	0.5160745	0.6354487	-0.5261576	0.23028342
1069012162640	0.51626813	0.6351329	-0.52632487	0.23033799
1069012406754	0.51635593	0.63498634	-0.52638346	0.23041174
1069023310140	0.51636344	0.6349823	-0.5263772	0.2304202
1069035936598	0.5164101	0.63493073	-0.5263386	0.23054542
1069046241129	0.51639926	0.63496524	-0.52623135	0.2307197
1069056233317	0.51635796	0.6350204	-0.5261405	0.23086749
1069065874098	0.51632684	0.6350276	-0.5261059	0.23099598
1069079727379	0.51632506	0.63499254	-0.52610976	0.23108761
1069081670556	0.5162999	0.6349453	-0.5261275	0.23123328
1069092316077	0.5162836	0.6349507	-0.52611697	0.23127891
1069102927484	0.51624817	0.63496274	-0.5260827	0.23140252
