1514716032303	0.6889169	0.5763172	-0.42777047	0.10131367
1514731032303	0.6889169	0.5763172	-0.42777047	0.10131367
1514746032303	0.6889169	0.5763172	-0.42777047	0.10131367
1514761032303	0.6889169	0.5763172	-0.42777047	0.10131367
1514776032303	0.6889169	0.5763172	-0.42777047	0.10131367
1514791032303	0.6889169	0.5763172	-0.42777047	0.10131367
1514806032303	0.6889169	0.5763172	-0.42777047	0.10131367
1514821032303	0.6889169	0.5763172	-0.42777047	0.10131367
1514836032303	0.68922025	0.5759804	-0.42764765	0.10168307
1514851032303	0.688526	0.57682407	-0.42765793	0.10156177
1514866032303	0.6884777	0.57692826	-0.42750117	0.101955615
1514881032303	0.6883982	0.5770625	-0.42739856	0.102163315
1514896032303	0.68817115	0.57736063	-0.42737573	0.10210421
1514911032303	0.68827146	0.577276	-0.42730683	0.10219477
1514926032303	0.6881753	0.5774022	-0.42731047	0.10211363
1514941032303	0.68819445	0.5773932	-0.42729187	0.10211378
1514956032303	0.6881966	0.5774044	-0.42727518	0.10210566
1514971032303	0.6881526	0.5775244	-0.42720994	0.10199599
1514986032303	0.6882066	0.5775287	-0.42711422	0.10200861
1515001032303	0.68820316	0.5775501	-0.42710328	0.101956666
1515016032303	0.68825066	0.5774801	-0.4271457	0.10185529
1515031032303	0.6883269	0.5773501	-0.42724255	0.10167002
1515036452042	0.68834853	0.5772977	-0.42730722	0.10154939
1515048339751	0.68837255	0.5772512	-0.42733276	0.10154308
1515061215376	0.6883149	0.577283	-0.42737034	0.1015947
1515068347980	0.68822575	0.57735443	-0.42740026	0.10166691
1515081165845	0.68816817	0.57739913	-0.427428	0.10168685
1515089345480	0.6880253	0.5774985	-0.42751938	0.10170519
1515102114699	0.6879306	0.57753557	-0.42761993	0.1017127
1515112640584	0.68781567	0.577506	-0.42784593	0.10170747
1515121614803	0.6877624	0.5774188	-0.42803693	0.10175862
1515129563292	0.6877203	0.5773626	-0.42816126	0.10183897
1515140418761	0.687648	0.577365	-0.4282431	0.101969585
1515148272251	0.6875448	0.57738763	-0.4283347	0.102151886
1515159581782	0.68748105	0.57739145	-0.42841852	0.10220864
1515167518032	0.6873682	0.5774332	-0.4285291	0.10226792
1515182518032	0.6873174	0.57744366	-0.42859134	0.10228959
1515190082511	0.68720376	0.5774866	-0.4287061	0.10232988
1515197567407	0.6871717	0.57748747	-0.4287624	0.10230438
1515207439907	0.6871928	0.5774561	-0.42877904	0.10226985
1515217424490	0.6872343	0.5773987	-0.42881498	0.10216402
1515225837147	0.68727076	0.57731766	-0.42889383	0.1020462
1515234275167	0.6873043	0.57724035	-0.4289745	0.10191825
1515243676990	0.6874082	0.57707655	-0.42906138	0.101779796
1515247822095	0.6874837	0.57695097	-0.4291452	0.101628
1515258886001	0.6875352	0.5768827	-0.4291748	0.10154178
1515269363969	0.68762416	0.57677907	-0.42920864	0.10138505
1515278906938	0.68767965	0.5767049	-0.4292579	0.101221785
1515288568761	0.6877274	0.57664055	-0.4292993	0.101088256
1515298389282	0.6877828	0.5765602	-0.42935193	0.10094615
1515311049178	0.687819	0.57650805	-0.4293924	0.100825
1515319920532	0.6878481	0.57646704	-0.42943007	0.10070071
1515329804282	0.6878523	0.57645154	-0.42946348	0.100617796
1515339677719	0.68783975	0.576432	-0.42951706	0.100586705
1515347445688	0.6878372	0.57640004	-0.42957538	0.10053915
1515357481365	0.68780893	0.5763979	-0.42963377	0.10049566
1515368022251	0.6877756	0.5764028	-0.4296872	0.1004666
1515377918865	0.6877261	0.5764175	-0.42975143	0.10044633
1515387801938	0.68764925	0.57644653	-0.42983267	0.1004581
1515397556469	0.68754613	0.57651615	-0.4298978	0.10048645
1515406611001	0.68746275	0.57657725	-0.42993912	0.10052922
1515416428605	0.68739825	0.5766124	-0.42999128	0.10054494
1515426465063	0.6873024	0.5766666	-0.4300715	0.10054669
1515436205740	0.6872453	0.5766635	-0.43017146	0.10052702
1515445302876	0.6871729	0.57668155	-0.43026766	0.10050665
1515455824386	0.6870719	0.5767348	-0.43035385	0.10052213
1515465332355	0.686964	0.576784	-0.43046308	0.100510895
1515475041834	0.6868935	0.5768127	-0.43054175	0.100490816
1515484655376	0.6867927	0.5768862	-0.43059745	0.10051895
1515494413292	0.68665403	0.57701755	-0.43062553	0.10059153
1515504067667	0.6865516	0.57708824	-0.4306887	0.10061505
1515514411990	0.6864512	0.57716334	-0.43074143	0.10064408
1515519849803	0.68635166	0.5772397	-0.4308013	0.10062802
1515530758813	0.686316	0.5772478	-0.43085518	0.100594044
1515540546105	0.6863153	0.5771942	-0.43095592	0.10047545
1515548936365	0.68629503	0.5771973	-0.4310055	0.100382425
1515559514855	0.6862584	0.57724005	-0.43100286	0.10039857
1515571041157	0.68619376	0.5773234	-0.43098065	0.10045656
1515581391105	0.6861108	0.57740647	-0.4309977	0.1004732
1515593019178	0.6860706	0.57743496	-0.43102422	0.100469746
1515598781626	0.6860195	0.57746357	-0.43108132	0.10040974
1515607410167	0.6860311	0.5774354	-0.43111956	0.10032857
1515618195219	0.68610007	0.57734215	-0.4311643	0.10020076
1515629484803	0.6861122	0.57732576	-0.43119052	0.10009922
1515637937251	0.6861221	0.57728696	-0.43124756	0.100008674
1515648940740	0.6861559	0.5772437	-0.4312739	0.0999138
1515659385271	0.6861622	0.57726055	-0.43125966	0.09983389
1515671114959	0.6861543	0.5772967	-0.43122852	0.09981447
1515677443969	0.68615854	0.57730955	-0.43121186	0.099782474
1515688892719	0.68613636	0.5773304	-0.4312288	0.09974044
1515699197459	0.6861531	0.57729536	-0.43127078	0.09964737
1515708777823	0.6861719	0.5772555	-0.43131012	0.09957801
1515716820428	0.68622446	0.5771907	-0.43132508	0.099527255
1515726380844	0.686226	0.5771903	-0.43131995	0.099541284
1515735958448	0.68621737	0.5772172	-0.43129084	0.09957
1515744283553	0.6861793	0.5772507	-0.43130156	0.09959268
1515754166261	0.6861658	0.57723725	-0.43133786	0.09960567
1515764097198	0.6860955	0.57730055	-0.4313559	0.0996453
1515773308344	0.68606293	0.5773235	-0.43137845	0.099639
1515784236157	0.68603176	0.57735074	-0.43139273	0.09963444
1515792827615	0.68604386	0.5773107	-0.43143666	0.0995922
1515804686469	0.6860238	0.57728595	-0.43149745	0.099610284
1515815473032	0.68610454	0.5771504	-0.43155655	0.09958386
1515824056157	0.6861046	0.57714355	-0.43155614	0.099625066
1515833531417	0.6860816	0.57716054	-0.43155444	0.099692285
1515841533292	0.6860512	0.5771926	-0.43154472	0.09975765
1515852827459	0.6859963	0.57725704	-0.4315273	0.099838525
1515861247563	0.6859311	0.57731247	-0.4315383	0.099918626
1515876052928	0.6859258	0.57728434	-0.43158662	0.09990807
1515882329855	0.6857788	0.57738274	-0.43167338	0.099973574
1515897329855	0.68576336	0.5773641	-0.4317257	0.09996134
1515899756886	0.6856838	0.57739216	-0.43180415	0.1000061
1515914756886	0.6856617	0.57739055	-0.43183392	0.100038946
1515922237250	0.6856246	0.57736677	-0.43190774	0.10011092
1515935950063	0.6855974	0.5773553	-0.43195406	0.10016387
1515941979490	0.6855189	0.57735485	-0.4320342	0.100358196
1515952899178	0.6855079	0.57732075	-0.43208542	0.10040934
1515963571938	0.6854854	0.57728356	-0.43214244	0.10053124
1515972082355	0.6854419	0.57728773	-0.4321742	0.10066691
1515977681000	0.6854336	0.57725364	-0.43221474	0.10074474
1515985095480	0.6854041	0.5772503	-0.4322514	0.10080707
1515996971573	0.68535185	0.5772873	-0.43226564	0.10088919
1516005493969	0.6853148	0.5773169	-0.4322661	0.10097002
1516018758969	0.6853216	0.57728887	-0.43229753	0.10094999
1516028064230	0.68543154	0.57713044	-0.4323612	0.10083649
1516037985532	0.6855673	0.57696795	-0.4323898	0.10071974
1516046606000	0.68570566	0.5768127	-0.43240178	0.10061591
1516057359073	0.6858446	0.5766622	-0.43240032	0.100538865
1516066920219	0.6860075	0.57648134	-0.43240345	0.10045088
1516076080896	0.6861047	0.57638067	-0.43239444	0.10040371
1516086215844	0.68616444	0.57632583	-0.43237942	0.10037374
1516095854178	0.68620896	0.5762874	-0.43237394	0.10031373
1516105108813	0.68622136	0.5762745	-0.4323845	0.1002584
1516115419490	0.68628544	0.5761748	-0.43244448	0.10013383
1516123080271	0.68633276	0.5761063	-0.4324671	0.10010534
1516135014490	0.6863539	0.5760648	-0.4324909	0.1000964
1516141246209	0.6863467	0.57605845	-0.43250534	0.10012068
1516153537459	0.6863381	0.576031	-0.43256092	0.10009622
1516161882511	0.68630844	0.57600147	-0.43265766	0.10005227
1516173310740	0.6862516	0.57602894	-0.43271428	0.10003939
1516184010792	0.6862671	0.5759895	-0.43274975	0.10000703
1516192026417	0.6863056	0.5759613	-0.43273813	0.099954724
1516202288396	0.6862667	0.57602584	-0.4327132	0.099957764
1516210180063	0.6863436	0.5759423	-0.4327243	0.099863045
1516221246469	0.6863531	0.5759415	-0.43273202	0.09976917
1516230939802	0.6864324	0.57585704	-0.43275437	0.09961351
1516240396886	0.68659747	0.575705	-0.43275195	0.0993649
1516247321365	0.68678147	0.5755443	-0.43274	0.09907647
1516259743761	0.6869981	0.5753629	-0.43272188	0.09870614
1516264692980	0.687402	0.57500803	-0.43267885	0.098149404
1516277518709	0.68769443	0.57479227	-0.4325807	0.097797215
1516288192563	0.6882191	0.57441175	-0.43239093	0.09717899
1516296145688	0.6886871	0.574087	-0.43220636	0.09660166
1516310243448	0.6890423	0.5738666	-0.4320243	0.09619168
1516315408136	0.68974274	0.573367	-0.4317469	0.095393285
1516327872094	0.6899315	0.5732677	-0.43163887	0.09511354
1516338207511	0.6905982	0.5728315	-0.4313371	0.09426912
1516345445584	0.6911914	0.57247716	-0.4309952	0.09363552
1516356672771	0.6915006	0.57242763	-0.43062717	0.09334835
1516365501886	0.6920418	0.5723327	-0.42998484	0.09287938
1516374073188	0.69250363	0.5722735	-0.4294	0.09250647
1516387006261	0.69289446	0.57222074	-0.4289129	0.09216577
1516394173292	0.69347286	0.5721062	-0.42824888	0.09161327
1516405580375	0.6940601	0.57194614	-0.42764926	0.0909641
1516416974334	0.69477564	0.571683	-0.4270035	0.09018516
1516423518500	0.69560724	0.57134724	-0.4262935	0.089256786
1516434811886	0.6960942	0.57122797	-0.42577088	0.08871618
1516444985792	0.69695634	0.57098144	-0.42488468	0.0877789
1516454445792	0.6977512	0.5707662	-0.4240529	0.08688206
1516465330219	0.6985063	0.57057124	-0.42324618	0.08602385
1516473034490	0.6993604	0.5703765	-0.4222909	0.08506603
1516484684594	0.69999576	0.5702784	-0.42150497	0.08439295
1516490465427	0.70093334	0.57014537	-0.42031845	0.08342215
1516499107354	0.7013123	0.5701818	-0.41972286	0.08298548
1516510776417	0.70210004	0.5700762	-0.41871694	0.08212681
1516518042615	0.7030039	0.56995517	-0.41756368	0.08110019
1516528726886	0.7034867	0.5699686	-0.41683942	0.080543034
1516538428917	0.70431674	0.5698824	-0.4157361	0.079595976
1516548138188	0.705061	0.5698639	-0.4146611	0.078741744
1516558429021	0.7058223	0.56985855	-0.41353652	0.07786986
1516571397875	0.70662844	0.5698273	-0.41236883	0.07697496
1516577816313	0.7077266	0.56976783	-0.4107917	0.075749025
1516589071209	0.7084234	0.5695428	-0.41002652	0.07507101
1516597494125	0.70942533	0.5693823	-0.40870956	0.07400013
1516608847146	0.7100968	0.56934327	-0.4077481	0.07316038
1516617443917	0.7110033	0.5692364	-0.40651628	0.07203426
1516626993500	0.71173316	0.56909084	-0.4055933	0.0711733
1516634777927	0.71257997	0.56892526	-0.40452	0.07012526
1516648112563	0.7131771	0.5688522	-0.40370417	0.06934398
1516656981625	0.71435595	0.56856185	-0.40227413	0.06788666
1516667752511	0.71497905	0.5685529	-0.40131462	0.06707623
1516677125844	0.7159068	0.5684531	-0.3999814	0.06598043
1516687597459	0.7166199	0.5684818	-0.39880645	0.06509824
1516696487354	0.717444	0.568441	-0.39754716	0.06407328
1516707873709	0.71807265	0.56843793	-0.39654714	0.06324868
1516712539438	0.7189685	0.568359	-0.39521292	0.062121756
1516723277615	0.7191249	0.5685786	-0.39465752	0.06183137
1516734739125	0.7198714	0.56864077	-0.39335108	0.060892392
1516743414177	0.72071195	0.56860095	-0.3920246	0.059867423
1516752657927	0.72158796	0.56855804	-0.3906392	0.05876741
1516762884490	0.7218624	0.56870615	-0.3899796	0.058343884
1516769721938	0.72235304	0.5687244	-0.38914207	0.057682134
1516781467511	0.7229917	0.56863254	-0.38820732	0.05687884
1516792174542	0.7238423	0.56847095	-0.38701078	0.05581949
1516803691417	0.72457683	0.56841105	-0.3858529	0.054907534
1516809315271	0.7257472	0.5678591	-0.38463846	0.05366932
1516820990948	0.72601116	0.56795734	-0.38405576	0.053231467
1516832248917	0.72686404	0.5677052	-0.38296738	0.052111585
1516841857146	0.72762996	0.56757796	-0.38184085	0.05106457
1516851006781	0.7281961	0.5675547	-0.38088846	0.050359037
1516860944281	0.72866654	0.56758255	-0.3800269	0.049745426
1516868692875	0.7291519	0.56756276	-0.3792066	0.049116623
1516878369177	0.7292993	0.56774014	-0.37869167	0.048849653
1516893369177	0.7296201	0.5678382	-0.377976	0.04846179
1516901879438	0.73017067	0.5678508	-0.37696707	0.047875773
1516914722771	0.7301312	0.5680767	-0.3767177	0.04776179
1516921312511	0.7304404	0.5680533	-0.3762098	0.047313362
1516930625792	0.7303915	0.5681836	-0.37611574	0.047249943
1516941958083	0.7303982	0.5682322	-0.3760379	0.047184214
1516950156104	0.7304676	0.56823957	-0.37589562	0.04715298
1516960832042	0.7303598	0.568392	-0.37585336	0.047322232
1516967863240	0.73026776	0.5685236	-0.3758094	0.04751107
1516973380792	0.730125	0.5686619	-0.3758524	0.047708422
1516986047198	0.7299069	0.5688305	-0.37598732	0.04797317
1516992068396	0.72980183	0.56885713	-0.3760967	0.04839665
1517007068396	0.7293395	0.56890464	-0.3768014	0.049317997
1517017191260	0.7293395	0.56890464	-0.3768014	0.049317997
1517022178604	0.7290152	0.5689509	-0.3773086	0.049698994
1517035361208	0.728605	0.5690602	-0.37788576	0.050076544
1517045145219	0.7280978	0.5690796	-0.37874612	0.050729096
1517056953448	0.727635	0.5692371	-0.37930414	0.051428255
1517062741208	0.7273351	0.5691651	-0.37987703	0.052232083
1517073682146	0.7267817	0.56960714	-0.3801715	0.052969836
1517084074125	0.72599906	0.57004976	-0.38081834	0.05427798
1517095096313	0.7252054	0.5704475	-0.3815376	0.055639945
1517103040323	0.7243023	0.57092786	-0.38231567	0.057117917
1517112186052	0.7234922	0.57135206	-0.38303414	0.058315583
1517127186052	0.722525	0.5717627	-0.3840322	0.059703104
1517140163656	0.72110105	0.5723192	-0.3855598	0.061707016
1517146458083	0.719971	0.5728422	-0.38663316	0.06331227
1517152941104	0.71908844	0.57338905	-0.3872658	0.06451376
1517164667927	0.7181157	0.57397854	-0.38797462	0.06583513
1517176170583	0.7164972	0.5747889	-0.38939017	0.06800662
1517182539958	0.71482664	0.5755729	-0.39092335	0.07012615
1517195878031	0.7137712	0.576111	-0.39183033	0.07138426
1517203625844	0.71158993	0.5772012	-0.39369023	0.07407202
1517212204333	0.71025175	0.5778692	-0.39482468	0.07565143
1517222713917	0.7086769	0.57866114	-0.39613715	0.07748375
1517228751937	0.70662826	0.5797363	-0.39775386	0.07983927
1517243751937	0.7054013	0.5803457	-0.39876154	0.0812238
1517258751937	0.7024001	0.58165497	-0.40143186	0.08464086
1517259982406	0.69927317	0.5829128	-0.40430418	0.08813599
1517269257927	0.69896203	0.5830002	-0.40464082	0.08847961
1517274858865	0.6969826	0.5837095	-0.40654805	0.09064894
1517285440427	0.695331	0.5842813	-0.4081567	0.09240264
1517296344958	0.6928802	0.5850835	-0.41059175	0.094914444
1517309842979	0.69028294	0.5859011	-0.41318777	0.097495645
1517314936104	0.6869463	0.58696777	-0.4164408	0.10075096
1517324398969	0.6856289	0.58744025	-0.41762495	0.102061234
1517335035271	0.68326443	0.5881496	-0.41989717	0.10448048
1517345768552	0.68057406	0.5888954	-0.4225472	0.1071217
1517353536104	0.6777215	0.5895166	-0.42554817	0.10987535
1517366236781	0.6756264	0.5898173	-0.42792642	0.11190938
1517372322198	0.6717947	0.5905176	-0.43198648	0.115623
1517387322198	0.6702678	0.59061813	-0.43380022	0.117169894
1517391086885	0.666067	0.59136873	-0.43812442	0.121181
1517403836937	0.6648331	0.5913279	-0.4397115	0.12240188
1517413084385	0.66067094	0.59195215	-0.44405508	0.12618132
1517427101312	0.6579404	0.5922174	-0.44706145	0.12856625
1517433121833	0.6542291	0.5928046	-0.4507911	0.13173643
1517447117042	0.65243214	0.5930163	-0.4526567	0.1332886
1517454837823	0.6476236	0.5941829	-0.45680505	0.13732995
1517463053083	0.64519113	0.5944479	-0.45930597	0.13927762
1517473003656	0.64178264	0.5950591	-0.46243235	0.14204246
1517481571989	0.6382202	0.5960405	-0.4652764	0.14466737
1517490026625	0.63540226	0.595887	-0.46868914	0.14667365
1517497655896	0.6323048	0.59633297	-0.47177887	0.14833234
1517512655896	0.628777	0.5974162	-0.4744574	0.15041141
1517520833812	0.62399614	0.5978253	-0.47937584	0.15307763
1517529827458	0.6224327	0.59753275	-0.48158342	0.15365404
1517538678812	0.62019414	0.5972477	-0.48458186	0.15438522
1517548720687	0.6180929	0.5968134	-0.48759848	0.15499298
1517559716937	0.6158864	0.5962235	-0.49096632	0.15541478
1517566736417	0.61318666	0.59554976	-0.4949953	0.1558921
1517578023760	0.61240596	0.59489906	-0.49672326	0.15594889
1517587564021	0.61005145	0.5953228	-0.49873048	0.15714908
1517596037614	0.60895383	0.5953242	-0.49992067	0.15761885
1517607143344	0.60803986	0.59520155	-0.501123	0.15779299
1517617304646	0.60670924	0.59503794	-0.50287944	0.1579434
1517624073760	0.60575485	0.5948257	-0.50429446	0.15789458
1517639073760	0.6051844	0.5947742	-0.50504583	0.15787487
1517649389229	0.60320276	0.5954471	-0.5064559	0.15840392
1517655124958	0.6024841	0.5955361	-0.5072055	0.15840559
1517666071469	0.60201055	0.59549063	-0.50787234	0.15824017
1517675070635	0.6007587	0.5958596	-0.50888103	0.15836811
1517685467250	0.5998945	0.5961349	-0.5095765	0.15837194
1517694400323	0.5988491	0.5966294	-0.5102089	0.15842964
1517704802406	0.5981357	0.5969619	-0.5107042	0.15827647
1517713339802	0.59724617	0.5974634	-0.5111951	0.15815835
1517724862666	0.596656	0.5978157	-0.51151615	0.15801679
1517729847354	0.5956516	0.59857297	-0.511787	0.15806216
1517739902510	0.5956815	0.5985815	-0.51183486	0.1577624
1517747367458	0.59489894	0.5991793	-0.51207507	0.15766555
1517759836312	0.59467936	0.59924954	-0.5123522	0.15732665
1517767705583	0.5941855	0.599527	-0.51269674	0.157013
1517779476260	0.59379613	0.5998111	-0.51291233	0.1566967
1517790058916	0.59331053	0.6002306	-0.5130827	0.1563716
1517798866833	0.59297603	0.6005412	-0.51324826	0.15590383
1517810542510	0.59287244	0.6006792	-0.5133807	0.15532908
1517820634594	0.5925929	0.6011257	-0.5133309	0.15483202
1517830635635	0.592361	0.6015286	-0.51321524	0.15453838
1517839022927	0.5914263	0.60266155	-0.51287705	0.15482596
1517848713083	0.5914167	0.60287094	-0.5127605	0.15443283
1517858298344	0.5912729	0.6032486	-0.5126009	0.15403843
1517869858760	0.5913062	0.60339886	-0.51253307	0.1535467
1517878737875	0.5913693	0.60357904	-0.51240873	0.15301031
1517887863083	0.59159464	0.6036158	-0.51226926	0.15245986
1517894661416	0.5920569	0.6033845	-0.51216394	0.15193419
1517909190114	0.5925291	0.6032424	-0.5119355	0.15142676
1517915810323	0.5930345	0.6032016	-0.5115493	0.15091446
1517927096937	0.5936213	0.6028638	-0.5113986	0.1504673
1517937382927	0.5940457	0.6027907	-0.5110648	0.15021946
1517946399854	0.59442335	0.602674	-0.51085186	0.14991757
1517956537823	0.5948545	0.6023907	-0.5108091	0.1494917
1517965839281	0.59530365	0.60209477	-0.5107487	0.14910159
1517973262406	0.5956957	0.60183364	-0.5106926	0.14878201
1517984226468	0.59622985	0.60140324	-0.51070935	0.14832444
1517991073708	0.59663844	0.6012432	-0.51050436	0.14803559
1518002457823	0.5970862	0.60105586	-0.5102628	0.14782374
1518012475166	0.59747297	0.60128963	-0.50948995	0.14797613
1518021583031	0.597712	0.6018106	-0.50848573	0.14834654
1518031651833	0.5980678	0.60241413	-0.50722224	0.1487875
1518041959437	0.5980084	0.6026582	-0.5069499	0.14896582
1518051865218	0.5987188	0.60231006	-0.5065934	0.14873324
1518062037458	0.5995734	0.601755	-0.5063276	0.14844197
1518073013239	0.60052645	0.60113245	-0.5060095	0.14819641
1518081723864	0.6015566	0.60050404	-0.50558853	0.14800304
1518092183291	0.6025799	0.599808	-0.50527537	0.14773199
1518101471364	0.6036452	0.5991383	-0.50483483	0.14760588
1518113648291	0.6046513	0.5984775	-0.5044526	0.14747605
1518118749802	0.60562104	0.5979203	-0.50394034	0.14750825
1518130490531	0.6063867	0.5972619	-0.5039077	0.14714132
1518137444073	0.6075378	0.59626734	-0.5038311	0.14668821
1518146666573	0.60851896	0.5953079	-0.5039577	0.14608182
1518159172718	0.60967636	0.5942652	-0.503947	0.14553706
1518166343031	0.6107846	0.5934801	-0.50361353	0.14524801
1518178784854	0.61180335	0.59287393	-0.5031431	0.14506684
1518189377510	0.6128082	0.59242517	-0.5024601	0.14502554
1518200953864	0.61378366	0.5917904	-0.50208765	0.14478216
1518208277510	0.61484915	0.59098196	-0.5018447	0.1444052
1518213509698	0.61575854	0.590164	-0.5018237	0.14394735
1518224968395	0.6165682	0.58940643	-0.5018503	0.1434923
1518235184854	0.61761034	0.5884715	-0.50179374	0.14304483
1518244935114	0.61862344	0.5875023	-0.5018253	0.14253977
1518254298760	0.61959803	0.5865453	-0.5018703	0.14208873
1518269298760	0.6205237	0.5856047	-0.5019448	0.14166467
1518282909125	0.6216307	0.5845013	-0.50196505	0.14129628
1518288457614	0.62257105	0.5835506	-0.50200665	0.14093791
1518291881260	0.6227774	0.5833599	-0.50196683	0.14095694
1518303859593	0.62331647	0.5828022	-0.50203896	0.14062428
1518313567718	0.624089	0.58209234	-0.50196403	0.14040537
1518325443447	0.6247536	0.5814814	-0.50190014	0.14020911
1518332174229	0.62534755	0.5809335	-0.5018213	0.14011532
1518343605791	0.62577385	0.5804891	-0.5018551	0.13993213
1518353900531	0.62617874	0.58001786	-0.50192374	0.13982871
1518360438239	0.6265411	0.5795378	-0.50207293	0.13966091
1518372756572	0.6269191	0.57904786	-0.5022345	0.13941494
1518382180322	0.6272227	0.57860893	-0.5023764	0.13936104
1518390787770	0.6275899	0.57812065	-0.50253093	0.13917682
1518405102093	0.6278943	0.57769114	-0.5026783	0.13905504
1518411628343	0.6281799	0.577243	-0.50283873	0.13904624
1518420794489	0.6284807	0.5768307	-0.50299007	0.13885026
1518430366000	0.62877005	0.5763888	-0.50316095	0.13875672
1518440799333	0.6290441	0.5759298	-0.5033774	0.13863438
1518449614385	0.6292965	0.57542837	-0.5036862	0.13845035
1518457253395	0.6295331	0.5749489	-0.5040024	0.13821499
1518468141677	0.62984097	0.5744169	-0.50431955	0.13786727
1518476736572	0.63011855	0.57391983	-0.50462586	0.13754827
1518485480531	0.63044196	0.5734257	-0.5048858	0.13717243
1518496377145	0.6307401	0.5729487	-0.50517654	0.13672425
1518506254802	0.6309645	0.572519	-0.5054972	0.13630305
1518514539645	0.6311956	0.57211775	-0.505774	0.13589002
1518529539645	0.6314274	0.57177573	-0.5059646	0.13554303
1518536320843	0.6316013	0.5714109	-0.5062714	0.1351248
1518546326677	0.63154525	0.57140136	-0.50637025	0.1350566
1518555607249	0.6316332	0.5711174	-0.50667775	0.13469294
1518566446833	0.63173056	0.5708848	-0.50689405	0.1344081
1518574970270	0.63179195	0.57067347	-0.5071334	0.13411368
1518586014802	0.6318919	0.5704553	-0.5073259	0.13384284
1518596340583	0.6319051	0.5702738	-0.5075922	0.13354413
1518604973395	0.63192874	0.57008183	-0.5078489	0.13327585
1518615069124	0.6319556	0.5699588	-0.5079978	0.13310625
1518625156312	0.63190603	0.56995666	-0.5080921	0.13299084
1518633918343	0.63185436	0.5699797	-0.50814885	0.13292086
1518643019229	0.631847	0.56994396	-0.5082282	0.13280538
1518653590479	0.6318923	0.56984043	-0.50833404	0.13262944
1518661199645	0.63188607	0.5697384	-0.5085173	0.132395
1518673210218	0.6320352	0.5695114	-0.50865865	0.132116
1518683575010	0.6321034	0.56932956	-0.5088458	0.13185252
1518692197041	0.63219506	0.56914324	-0.5090025	0.13161233
1518703411416	0.63233334	0.56894743	-0.50911367	0.13136455
1518715186052	0.63249165	0.5687146	-0.5092524	0.13107216
1518720611885	0.63261765	0.56848425	-0.50944614	0.13071053
1518728766937	0.6328344	0.56820136	-0.50957656	0.13038257
1518738069802	0.6330345	0.56793237	-0.5097206	0.13001952
1518747616051	0.63326216	0.5676626	-0.5098323	0.12965037
1518756163551	0.6334503	0.5674692	-0.5098968	0.12932387
1518771142822	0.633673	0.5672249	-0.50998574	0.12895364
1518777487874	0.63387734	0.56702447	-0.510046	0.12859173
1518789905479	0.6340263	0.5668905	-0.5100568	0.12840566
1518799507301	0.6341723	0.5668062	-0.51002395	0.12818733
1518806998447	0.6341352	0.5668933	-0.5099754	0.12817872
1518818104385	0.63429856	0.56671655	-0.5100245	0.12795627
1518827328135	0.6344507	0.5665364	-0.51009244	0.12772901
1518837829385	0.6345745	0.5663876	-0.5101569	0.12751563
1518846208031	0.63468593	0.5662597	-0.5102146	0.12729827
1518855818708	0.6348325	0.5661018	-0.51025915	0.12709099
1518870818708	0.63498527	0.56595856	-0.51029325	0.12682807
1518880857770	0.6351033	0.56594414	-0.51021737	0.12660693
1518890741572	0.6352668	0.56584394	-0.5101775	0.1263955
1518895146833	0.6354028	0.5657622	-0.51013243	0.12625894
1518906933499	0.63546175	0.56571245	-0.51013553	0.12617294
1518913686104	0.63555986	0.5656337	-0.51014173	0.1260069
1518925016937	0.6356653	0.5655122	-0.5101768	0.12587886
1518935373395	0.6358085	0.56535494	-0.510227	0.12565754
1518944370322	0.6359731	0.56514	-0.5103332	0.12535977
1518954862666	0.63612646	0.56489575	-0.5104752	0.12510447
1518961238135	0.6362745	0.5646312	-0.51064414	0.12485597
1518971579697	0.63645357	0.56438744	-0.51073706	0.124665014
1518980417666	0.63663775	0.5641331	-0.5108348	0.124474965
1518990775114	0.6368621	0.563863	-0.51090807	0.12425055
1519001300791	0.63708615	0.56359506	-0.51097745	0.12403205
1519007525218	0.63721395	0.5634294	-0.5110293	0.1239143
1519022525218	0.63741386	0.5631762	-0.5110996	0.12374758
1519030365999	0.6375382	0.5629996	-0.5111604	0.123659514
1519038475010	0.6376667	0.56282234	-0.5112145	0.12357984
1519050284228	0.63779217	0.56265205	-0.5112592	0.123523206
1519061076989	0.6379854	0.5623702	-0.51134247	0.12346453
1519068844749	0.6380691	0.56223834	-0.51137024	0.12351659
1519079071833	0.6383088	0.56195027	-0.5114142	0.12340734
1519089367770	0.6385388	0.56165695	-0.51146764	0.12333145
1519098758395	0.63869536	0.561445	-0.5115125	0.12329922
1519108820583	0.6388544	0.5612368	-0.5115536	0.12325327
1519118256208	0.63902485	0.56101716	-0.511603	0.12316382
1519126952770	0.63914067	0.5608541	-0.5116504	0.123109244
1519135855739	0.6392464	0.56071323	-0.5116862	0.12305251
1519148218031	0.639253	0.5607186	-0.5116648	0.1230827
1519156374645	0.63934654	0.5606359	-0.5116523	0.12302554
1519166245895	0.6393683	0.5606832	-0.51157176	0.12303225
1519177135426	0.63940006	0.56069976	-0.5115135	0.12303419
1519187635530	0.63937455	0.56078404	-0.51144135	0.12308285
1519195829437	0.6394612	0.5607341	-0.5113982	0.123038754
1519208000895	0.63957506	0.5606338	-0.51139444	0.122920364
1519213374489	0.6397674	0.56047696	-0.51136553	0.12275422
1519223709228	0.6398929	0.560378	-0.51134306	0.12264566
1519232959385	0.6401146	0.5602494	-0.511247	0.122477226
1519243377458	0.64034915	0.56010956	-0.5111433	0.122322656
1519251397874	0.64052445	0.5600711	-0.5109966	0.12219396
1519259805791	0.64065707	0.56001335	-0.51091695	0.12209622
1519274805791	0.6408293	0.559871	-0.51089656	0.121930145
1519281337822	0.64108974	0.5596351	-0.51089257	0.121660665
1519294482458	0.6412651	0.5594761	-0.5108803	0.12151989
1519302722197	0.6415672	0.559214	-0.5108534	0.12124389
1519317722197	0.6418145	0.5589869	-0.5108406	0.121036656
1519332722197	0.6420549	0.55883294	-0.51075214	0.120844856
1519335550635	0.64214927	0.5588166	-0.51066923	0.12076978
1519341520166	0.6422274	0.5587169	-0.51069695	0.12069851
1519353453708	0.64231515	0.5585926	-0.510746	0.120599166
1519363876103	0.6424462	0.55841786	-0.5107881	0.120532155
1519374737145	0.64249617	0.55829465	-0.5108732	0.12047563
1519379583655	0.64256626	0.55816066	-0.51094127	0.12043414
1519394583655	0.64267874	0.5580129	-0.51097715	0.12036582
1519404862926	0.6427164	0.5579199	-0.5110417	0.120321974
1519410946155	0.6428315	0.5577485	-0.51110613	0.120228134
1519421466312	0.6428848	0.5576613	-0.51114917	0.12016475
1519432808135	0.6429194	0.5576067	-0.5111784	0.1201087
1519443504489	0.64298105	0.55754036	-0.51119465	0.12001824
1519450018864	0.64299816	0.5575401	-0.51118255	0.11997848
1519462658082	0.6430813	0.5574642	-0.51118034	0.11989537
1519469238343	0.64318985	0.5573323	-0.5112196	0.1197583
1519479390582	0.6432983	0.5572051	-0.5112464	0.11965325
1519487903030	0.6434925	0.55699635	-0.51128083	0.11943411
1519496992405	0.6436618	0.556813	-0.5113058	0.11926966
1519511992405	0.64385533	0.55662924	-0.51130414	0.11908945
1519524885687	0.6441179	0.5563905	-0.51128316	0.11887523
1519527896728	0.6443021	0.5562201	-0.5112702	0.11872961
1519533622822	0.64438117	0.5561188	-0.5113053	0.11862442
1519548622822	0.64447397	0.5559908	-0.51135534	0.118504174
1519551147249	0.64452934	0.5559338	-0.5113675	0.11841807
1519563931728	0.6445754	0.55587465	-0.51138645	0.11836327
1519574638239	0.64455944	0.55590516	-0.5113709	0.11837387
1519581174645	0.64447516	0.55601674	-0.5113368	0.118456684
1519593634853	0.64448255	0.55601984	-0.5113285	0.11843711
1519602329228	0.6443874	0.55618286	-0.51124984	0.11852957
1519610589593	0.6442996	0.5563113	-0.51120716	0.118587986
1519619732978	0.6442981	0.5563041	-0.51122904	0.118535526
1519629157822	0.64425427	0.55634826	-0.51124483	0.118498646
1519638378655	0.6441957	0.5563715	-0.51130736	0.118437774
1519649641416	0.6441842	0.5563068	-0.5114145	0.11834198
1519659806728	0.6441764	0.55622655	-0.5115404	0.118217304
1519670191051	0.64418167	0.55613273	-0.51165	0.11815513
1519678199020	0.6442187	0.5560293	-0.51173556	0.1180701
1519691725791	0.6442328	0.5559829	-0.51177645	0.11803375
1519698007093	0.6441957	0.55600566	-0.51178753	0.11808152
1519713007093	0.644265	0.5559409	-0.51176864	0.11808973
1519721039853	0.644265	0.5559409	-0.51176864	0.11808973
1519724711416	0.64436984	0.5558091	-0.511797	0.118015446
1519736818291	0.64441353	0.5557653	-0.5117937	0.11799811
1519745900530	0.6446436	0.55549645	-0.511818	0.11790133
1519755316780	0.6447617	0.5553447	-0.51183856	0.11788128
1519765166937	0.64491147	0.5551365	-0.5118972	0.11778787
1519775139124	0.64506173	0.5549512	-0.51192033	0.11773746
1519786294645	0.645205	0.55478126	-0.51192975	0.11771265
1519795316572	0.64527434	0.55467397	-0.5119541	0.117731944
1519808586572	0.6453831	0.55451965	-0.5119872	0.11771854
1519815065843	0.6455126	0.554322	-0.5120274	0.117765605
1519824401312	0.6455357	0.5542605	-0.5120532	0.1178162
1519834689437	0.645522	0.5542195	-0.5120954	0.11790047
1519844682770	0.6455904	0.55409443	-0.5121395	0.117921814
1519854643082	0.6456735	0.5539532	-0.51219046	0.11790902
1519865487509	0.6456983	0.5538713	-0.5122455	0.117919184
1519874062457	0.64559346	0.55391806	-0.51231396	0.11797579
1519883722614	0.64555734	0.55387163	-0.51241434	0.11795582
1519894919749	0.64550525	0.55383307	-0.51251805	0.11797106
1519901818551	0.6454204	0.55385435	-0.5125919	0.11801508
1519914298186	0.6454333	0.5538065	-0.51262826	0.11801048
1519922317041	0.6453817	0.5538426	-0.51264095	0.118069015
1519933285843	0.6453603	0.55383307	-0.51267767	0.118070714
1519943015947	0.6453561	0.5538045	-0.5127183	0.11805083
1519951600218	0.64530265	0.55384743	-0.512733	0.11807806
1519961174384	0.6453523	0.55380684	-0.5127233	0.11803881
1519971029124	0.6453716	0.5538369	-0.5126599	0.118068315
1519977718134	0.64538133	0.55386764	-0.51260525	0.11810832
1519987945686	0.6454289	0.5538546	-0.51255935	0.11810831
1519997619436	0.64549416	0.55382663	-0.51251495	0.11807566
1520006569541	0.6455463	0.5537776	-0.5125154	0.11801866
1520018093811	0.64561224	0.5537234	-0.51249266	0.11801078
1520027155999	0.64567596	0.55367565	-0.51246	0.11802814
1520036894541	0.6457334	0.553637	-0.51242393	0.118051626
1520047452666	0.6457405	0.5536744	-0.5123569	0.11812903
1520057238603	0.64583445	0.55360913	-0.5123118	0.11811631
1520068615686	0.6458249	0.55367297	-0.51224226	0.11817077
1520077560113	0.64575005	0.5537728	-0.51220834	0.11825896
1520087315166	0.64570135	0.55381185	-0.5122181	0.118300244
1520097161311	0.64568114	0.553804	-0.5122443	0.11833373
1520107791884	0.6456759	0.55378294	-0.51226354	0.11837707
1520116435374	0.64560205	0.55385554	-0.51225823	0.11846345
1520126452822	0.64555365	0.5539031	-0.51225406	0.118523344
1520136224436	0.6455431	0.5539391	-0.51222223	0.118549764
1520145516259	0.64555013	0.5539819	-0.51216745	0.11854836
1520155192353	0.6455219	0.55406266	-0.5121221	0.11852008
1520164755426	0.64550024	0.55413705	-0.51207256	0.118504636
1520174496728	0.6454794	0.5542119	-0.5120234	0.11848058
1520184006363	0.6454614	0.55428714	-0.5119687	0.1184629
1520193722093	0.64546347	0.5543464	-0.51191294	0.11841558
1520203466780	0.6454974	0.5543642	-0.5118682	0.11834074
1520215762301	0.64548635	0.5544321	-0.5118215	0.1182847
1520222441676	0.6455007	0.55449986	-0.5117457	0.118216015
1520229173499	0.6455674	0.5544575	-0.5117284	0.118125804
1520239767822	0.64556754	0.55449635	-0.51168716	0.1181212
1520249077561	0.6456491	0.554461	-0.5116373	0.118057616
1520258910374	0.645681	0.5544557	-0.5116133	0.11801146
1520269261572	0.6457334	0.55441713	-0.5116013	0.1179586
1520280519540	0.6457449	0.55439	-0.5116307	0.11789504
1520290603395	0.64578456	0.55434906	-0.511635	0.11785222
1520300728343	0.64582884	0.55429536	-0.51165086	0.11779274
1520312230999	0.6458849	0.5542173	-0.5116785	0.11773297
1520319207457	0.64589405	0.5541835	-0.5117005	0.117746
1520329044801	0.6459331	0.5541204	-0.5117229	0.11773147
1520338989488	0.64596546	0.55404973	-0.51175857	0.11773206
1520348301832	0.6459842	0.5539696	-0.51182663	0.11770975
1520358062457	0.6459717	0.5539327	-0.51188284	0.11770754
1520368379853	0.64600486	0.55383056	-0.5119588	0.11767623
1520378098863	0.64597505	0.55379856	-0.5120294	0.11768328
1520387721520	0.64599156	0.5537313	-0.51208365	0.117673166
1520397483082	0.64603436	0.5536448	-0.5121245	0.117667295
1520406807145	0.64606607	0.55359226	-0.51214	0.11767344
1520416477613	0.64608014	0.553542	-0.5121796	0.11765958
1520426452353	0.64611685	0.553429	-0.5122703	0.1175953
1520435400634	0.64609814	0.5533807	-0.5123583	0.11754184
1520443604749	0.646079	0.5533365	-0.5124361	0.11751628
1520454384488	0.6460879	0.55326754	-0.51250744	0.11748079
1520464402197	0.6460963	0.553206	-0.5125717	0.11744378
1520472629228	0.6461363	0.553112	-0.5126364	0.11738403
1520483846780	0.64613914	0.55308485	-0.5126635	0.11737835
1520494083238	0.6461945	0.5529739	-0.51273084	0.11730153
1520503220478	0.6461918	0.55291975	-0.51279354	0.11729829
1520516271780	0.64620364	0.5528545	-0.5128508	0.11728953
1520521329124	0.64628917	0.552697	-0.51292104	0.11725392
1520532616832	0.646297	0.55267584	-0.5129245	0.11729533
1520542555582	0.64629483	0.5526487	-0.51293564	0.11738575
1520552315790	0.6463243	0.55259097	-0.51295644	0.11740511
1520562058707	0.6463596	0.5525313	-0.5129762	0.117404796
1520570889020	0.6463499	0.5525451	-0.51296467	0.1174437
1520581199853	0.6463679	0.5525199	-0.51296794	0.11744941
1520591056103	0.6464201	0.55244035	-0.5129962	0.117412105
1520600728082	0.6463457	0.5524833	-0.51303303	0.117458895
1520610094488	0.64631665	0.5524523	-0.5130982	0.117480054
1520620202457	0.6462683	0.55243474	-0.5131725	0.11750413
1520626656988	0.6462305	0.5523946	-0.5132447	0.11758522
1520637076051	0.64622444	0.55236363	-0.51327455	0.11763311
1520646089280	0.6462172	0.5523045	-0.5133394	0.11766788
1520656544384	0.64626145	0.5521914	-0.513403	0.11767885
1520666162665	0.6462735	0.55214816	-0.51343155	0.11769068
1520676002353	0.6462388	0.5521879	-0.51342326	0.11773101
1520686195478	0.6461819	0.5522261	-0.51344824	0.117755234
1520697274488	0.6461163	0.5522505	-0.51350576	0.1177496
1520707238238	0.64607733	0.55225956	-0.5135388	0.11777757
1520718364853	0.6460236	0.5522886	-0.5135642	0.11782435
1520725820894	0.6459113	0.55237365	-0.51359445	0.117909506
1520735780738	0.64583516	0.5524356	-0.5136089	0.11797428
1520745750947	0.6458173	0.55243397	-0.5136323	0.11797731
1520755531103	0.6457992	0.55244833	-0.5136317	0.11801171
1520766062197	0.6457799	0.55243325	-0.51367277	0.11800955
1520776906103	0.64577097	0.5524063	-0.5137092	0.11802588
1520785095999	0.6457366	0.55241764	-0.51373774	0.118036896
1520795081103	0.64568853	0.5524336	-0.51377493	0.118062705
1520805307717	0.6456535	0.55243933	-0.51380515	0.11809632
1520813648186	0.6456408	0.55248356	-0.51376235	0.118145
1520821058447	0.64566153	0.5524791	-0.5137458	0.118124634
1520833436259	0.64571244	0.5524307	-0.513748	0.11806259
1520844172874	0.64571166	0.5524625	-0.51373154	0.11798975
1520851464957	0.64575297	0.55243075	-0.5137456	0.11785055
1520862486572	0.64575624	0.5524325	-0.51374805	0.11781432
1520873309124	0.6457273	0.5525005	-0.51371557	0.117795564
1520883470061	0.64570725	0.5525565	-0.51367986	0.117798775
1520887916051	0.64571375	0.55257374	-0.5136609	0.117764905
1520899320478	0.64579993	0.552488	-0.5136657	0.11767348
1520912103030	0.6458356	0.5524579	-0.5136665	0.11761569
1520917444124	0.6459015	0.55243266	-0.5136285	0.117538095
1520925974019	0.64591855	0.5524177	-0.51362526	0.11752946
1520937707196	0.64588	0.5524522	-0.51363146	0.11755144
1520947257717	0.6458107	0.5525152	-0.51364547	0.11757459
1520958593290	0.6457668	0.5525491	-0.5136604	0.117591366
1520969312144	0.6456999	0.5526089	-0.5136683	0.117642805
1520979365426	0.6456856	0.55262625	-0.5136734	0.11761835
1520987453290	0.64564353	0.55269295	-0.5136473	0.11764981
1520997837769	0.6456717	0.5526836	-0.5136206	0.117655694
1521007904592	0.64568794	0.55269116	-0.51359427	0.11764611
1521020203915	0.6457292	0.5526674	-0.51357776	0.11760362
1521026728759	0.6457696	0.55264604	-0.5135642	0.11754016
1521036728030	0.64582837	0.55257696	-0.51357853	0.11747999
1521046612040	0.64590806	0.55249625	-0.513582	0.11740674
1521056290374	0.64603174	0.5523984	-0.5135443	0.117351145
1521065864071	0.6460876	0.55235684	-0.51351994	0.11734619
1521075522301	0.646158	0.5522989	-0.513503	0.117305234
1521085286571	0.64627784	0.552194	-0.51348484	0.11721808
1521094088030	0.646395	0.55208665	-0.5134674	0.11715438
1521101981467	0.64646894	0.55204034	-0.5134327	0.117117144
1521115732926	0.64656687	0.55193377	-0.5134372	0.11705862
1521122994071	0.64662707	0.55186087	-0.51345015	0.11701321
1521133959280	0.6466718	0.5518119	-0.51345277	0.116985545
1521142358863	0.6467083	0.55176955	-0.51345855	0.11695781
1521152331936	0.6466937	0.55178785	-0.51346177	0.116938055
1521162370373	0.6467612	0.5517464	-0.51343644	0.11687134
1521172369696	0.64681685	0.55173886	-0.513389	0.11680796
1521182093759	0.6469118	0.5516939	-0.5133378	0.11671873
1521191804957	0.6469375	0.5517442	-0.51325613	0.1166975
1521201443603	0.64696366	0.5518061	-0.5131637	0.11666746
1521210513290	0.646958	0.5519154	-0.51305073	0.11667826
1521221592509	0.6469516	0.5520305	-0.5129307	0.11669693
1521234396988	0.646948	0.5521419	-0.5128138	0.11670325
1521240217353	0.646979	0.55220467	-0.51272285	0.11663406
1521247329071	0.646993	0.55222964	-0.51268816	0.11659102
1521257119436	0.6471083	0.552174	-0.5126313	0.11646416
1521272119436	0.6471366	0.5522226	-0.5125607	0.11638749
1521281043967	0.64724994	0.5522573	-0.51242	0.116211824
1521292702092	0.6472157	0.552384	-0.5123305	0.11619496
1521294371571	0.6472163	0.5525073	-0.51221263	0.11612538
1521306078967	0.64726514	0.5524654	-0.51220596	0.11608221
1521317846571	0.64719456	0.5526565	-0.51209825	0.11604064
1521324222509	0.6470173	0.5529778	-0.51197714	0.11603368
1521335442144	0.64688194	0.55322915	-0.51187277	0.11604991
1521345939905	0.646525	0.55387837	-0.5116116	0.11609417
1521354720790	0.64609325	0.5547622	-0.5111721	0.11621361
1521365499488	0.6455384	0.5558063	-0.51071525	0.11631686
1521377536780	0.6447231	0.55730444	-0.51007646	0.116472915
1521385366259	0.64349455	0.5595728	-0.50906897	0.116798565
1521394576571	0.6426258	0.5612142	-0.5082926	0.11708754
1521402392717	0.6414734	0.5634293	-0.5072514	0.11728362
1521412388134	0.640604	0.5651403	-0.50641966	0.11739687
1521424418707	0.6392797	0.5679259	-0.5049201	0.117631964
1521433981311	0.6377185	0.571351	-0.50294375	0.11798694
1521444776571	0.6362912	0.57444644	-0.50114506	0.11831546
1521453884123	0.6346046	0.57805693	-0.49900272	0.11884237
1521464538707	0.6329209	0.5816002	-0.49683285	0.119622394
1521472823603	0.6307494	0.58607215	-0.49404976	0.12078697
1521483281155	0.62907434	0.58950335	-0.49187168	0.12171148
1521489485478	0.626469	0.5945519	-0.48875803	0.12312723
1521502123446	0.6254748	0.5966043	-0.48745325	0.1234259
