1099850828201	0.7029618	0.5620455	-0.42282832	0.105668746
1099865828201	0.7029618	0.5620455	-0.42282832	0.105668746
1099880828201	0.7029618	0.5620455	-0.42282832	0.105668746
1099895828201	0.7029618	0.5620455	-0.42282832	0.105668746
1099910828201	0.7029618	0.5620455	-0.42282832	0.105668746
1099925828201	0.7029618	0.5620455	-0.42282832	0.105668746
1099940828201	0.7043499	0.5604993	-0.42228273	0.106813625
1099955828201	0.7034778	0.5615965	-0.422429	0.10621741
1099970828201	0.70367527	0.56138796	-0.4222936	0.10654932
1099985828201	0.70381397	0.56123877	-0.42221642	0.10672517
1100000828201	0.7036013	0.5615096	-0.4222504	0.106568545
1100015828201	0.703831	0.56126744	-0.4221782	0.10661344
1100030828201	0.703831	0.56126744	-0.4221782	0.10661344
1100045828201	0.70382553	0.56126636	-0.42219028	0.10660757
1100060828201	0.70382553	0.56126636	-0.42219028	0.10660757
1100075828201	0.70382154	0.56126785	-0.42219618	0.10660266
1100090828201	0.70378864	0.56122994	-0.4222989	0.106612526
1100105828201	0.7036519	0.56137383	-0.4223238	0.10665924
1100120828201	0.7035038	0.56156695	-0.42227712	0.10680343
1100135828201	0.7032536	0.56192595	-0.4221584	0.10703187
1100149452368	0.7029862	0.5622765	-0.42209783	0.107186995
1100155537420	0.7028147	0.56249005	-0.4220789	0.107265465
1100165717888	0.70268655	0.5626351	-0.42208946	0.107302636
1100179432420	0.7025267	0.5628347	-0.42206815	0.107387125
1100194432420	0.7022859	0.56315017	-0.42200252	0.107565485
1100203195024	0.7019887	0.5635351	-0.42193645	0.10774858
1100207506170	0.7018158	0.56375164	-0.4219174	0.10781682
1100214707993	0.70172364	0.56385845	-0.4219205	0.107845925
1100223394243	0.7016119	0.5639581	-0.4219653	0.107876524
1100238394243	0.70144165	0.56410635	-0.42203254	0.10794537
1100246597836	0.70116705	0.56442666	-0.42200154	0.108176656
1100255192055	0.70099276	0.56467205	-0.4219099	0.10838232
1100264785336	0.7007911	0.56493366	-0.4218558	0.10853348
1100274023097	0.70058906	0.56518656	-0.42182314	0.10864765
1100285924815	0.7004464	0.5653767	-0.4217819	0.10873817
1100297884399	0.7002298	0.56567985	-0.42169243	0.10890431
1100305809607	0.7000002	0.56601787	-0.4215905	0.1090179
1100317327211	0.69983476	0.56623864	-0.42154655	0.109104194
1100324992836	0.69961286	0.5665225	-0.42150453	0.10921635
1100339992836	0.6994788	0.56669956	-0.4214846	0.1092331
1100347001482	0.6992496	0.5669761	-0.42149076	0.10924135
1100349076690	0.6991482	0.5670816	-0.42152086	0.10922708
1100362222472	0.69908977	0.56713367	-0.421551	0.10921396
1100369123565	0.69892114	0.5672831	-0.42164627	0.10914958
1100376828253	0.6988453	0.56734264	-0.42169496	0.10913689
1100389488097	0.69877744	0.56740534	-0.42171636	0.10916297
1100398852472	0.69865024	0.56755424	-0.42170233	0.10925769
1100409312940	0.69856346	0.56769437	-0.4216318	0.10935666
1100420087003	0.6984516	0.56787515	-0.4215485	0.109453976
1100430471274	0.6983549	0.56802744	-0.42148587	0.10952216
1100438491065	0.69824356	0.5681928	-0.42145017	0.10951093
1100448949034	0.6981687	0.5682698	-0.42147467	0.10949469
1100458596586	0.69808495	0.56835026	-0.421509	0.109479055
1100468737836	0.69799316	0.56845057	-0.4215304	0.109460786
1100478391742	0.6978921	0.56852347	-0.4216044	0.1094418
1100488159399	0.69779533	0.56857693	-0.42169452	0.10943399
1100495956222	0.6977267	0.5686109	-0.4217684	0.10941009
1100507053149	0.69764215	0.5686887	-0.421796	0.10943873
1100518149763	0.69753736	0.5688073	-0.4217861	0.10952823
1100524312263	0.69741887	0.56889796	-0.4218371	0.1096156
1100537931638	0.697391	0.56890357	-0.42186335	0.10966285
1100544813357	0.69733316	0.5689755	-0.42181742	0.10983441
1100555676742	0.69726264	0.56904346	-0.4218237	0.10990533
1100566800492	0.69718355	0.56913316	-0.42179644	0.11004744
1100574935232	0.6970632	0.5692777	-0.4217729	0.110152535
1100584799138	0.69697946	0.56935644	-0.42178857	0.11021518
1100592242940	0.69687784	0.5694357	-0.42182493	0.11030935
1100601886169	0.6967503	0.5695379	-0.4218727	0.11040427
1100611104607	0.696601	0.56965226	-0.42193064	0.11053516
1100621291847	0.69645494	0.5697635	-0.42199245	0.110645615
1100628918722	0.696263	0.5699519	-0.4219853	0.11091024
1100640589294	0.6961335	0.5700987	-0.42195985	0.111065805
1100650603982	0.6959569	0.5703057	-0.4218975	0.11134596
1100662559919	0.6958044	0.5704956	-0.42183265	0.111572124
1100673336430	0.69552624	0.57078904	-0.4218105	0.11188924
1100686550909	0.69538784	0.5709089	-0.421844	0.112010896
1100694937263	0.695131	0.57109636	-0.4219488	0.112254694
1100702971274	0.69501156	0.57119566	-0.42198107	0.112367846
1100713915024	0.6948603	0.5713315	-0.42200026	0.112540916
1100723038617	0.69467	0.5715447	-0.42196575	0.112761125
1100736440961	0.6944888	0.5717553	-0.42193252	0.112934515
1100743962419	0.69420755	0.5720732	-0.42191112	0.113133535
1100754676065	0.694092	0.5721802	-0.42195165	0.11315053
1100761531690	0.6939195	0.57234216	-0.42199406	0.11323134
1100766736638	0.69377494	0.57252836	-0.42195815	0.11330934
1100778189399	0.6937135	0.5726369	-0.4219063	0.113330245
1100788326846	0.6936124	0.5728154	-0.4218225	0.11335856
1100797895284	0.6935351	0.57296234	-0.42176297	0.113310955
1100808857888	0.6934899	0.57305914	-0.42173162	0.11321403
1100817829815	0.69343704	0.57315886	-0.4217273	0.11304887
1100826815596	0.6933981	0.57319695	-0.42177212	0.112927005
1100835952576	0.6933831	0.57318044	-0.42184934	0.112815306
1100846857107	0.6933522	0.5731776	-0.42194918	0.11264599
1100857452003	0.69335485	0.5731387	-0.42205492	0.11243104
1100862402159	0.693336	0.5731567	-0.4220902	0.112323314
1100873082159	0.69332355	0.5731784	-0.42209044	0.11228872
1100882670649	0.69330645	0.57318956	-0.42211726	0.11223642
1100890569503	0.69328725	0.57317114	-0.42219424	0.11215917
1100903276430	0.6932712	0.5731444	-0.4222832	0.11206009
1100911495023	0.6932534	0.57304454	-0.4225152	0.111806646
1100922060180	0.6932674	0.57288533	-0.42279273	0.11148589
1100934578201	0.6933333	0.57264686	-0.4231329	0.11100931
1100941981534	0.69340694	0.57247585	-0.42336026	0.110564224
1100952834607	0.6934304	0.5724055	-0.4234841	0.1103066
1100962170596	0.69343865	0.5722878	-0.423754	0.1098274
1100971587732	0.693424	0.5721674	-0.4240307	0.10947946
1100981647471	0.693404	0.5720921	-0.42422292	0.10925371
1100991599398	0.69331753	0.5721513	-0.4243282	0.10908409
1101001516951	0.693223	0.5722237	-0.42440936	0.108989015
1101010674503	0.6931292	0.5722657	-0.42453146	0.10889007
1101020723721	0.69306594	0.57227826	-0.4246504	0.10876235
1101030225753	0.69302034	0.57227176	-0.4247815	0.10857544
1101038652732	0.6929701	0.5722456	-0.42494127	0.10840809
1101049890336	0.6929372	0.57221186	-0.42508003	0.108252645
1101060029346	0.6929277	0.5721704	-0.42517576	0.10815655
1101069448669	0.6928822	0.57220876	-0.4251917	0.108182766
1101078887055	0.6928343	0.5722521	-0.4252039	0.10821236
1101088574138	0.692769	0.5722833	-0.425276	0.10818172
1101098242107	0.69267917	0.57236874	-0.4253137	0.10815689
1101106791326	0.692615	0.57239896	-0.42539364	0.108093664
1101115353565	0.69257873	0.57239056	-0.42549315	0.107978344
1101124364450	0.6925659	0.5723815	-0.42554784	0.10789304
1101139364450	0.6925956	0.57226276	-0.4256988	0.107736625
1101143519555	0.69263875	0.5720573	-0.42596233	0.107508495
1101154205388	0.692662	0.5719461	-0.42609376	0.10743053
1101163174555	0.6927639	0.57161635	-0.42644817	0.10712124
1101173937003	0.6928663	0.5713326	-0.4267369	0.106822304
1101180990128	0.6929875	0.57105887	-0.42695484	0.106628895
1101193986378	0.6930616	0.57091063	-0.4270352	0.106619045
1101204890075	0.69313306	0.5708236	-0.42702624	0.106656425
1101214516586	0.69315237	0.570806	-0.4270191	0.106653914
1101225063200	0.69316244	0.57078445	-0.4270413	0.10661456
1101233991117	0.6931787	0.5707635	-0.42705187	0.106578395
1101243841690	0.6931979	0.5707243	-0.42708847	0.10651702
1101252396638	0.69322807	0.57062227	-0.42720783	0.10638943
1101262396169	0.6932732	0.57048804	-0.42734975	0.10624449
1101273015700	0.69330657	0.57036275	-0.42748776	0.10614429
1101282686794	0.6933209	0.57019377	-0.42771673	0.10603641
1101292324763	0.69332296	0.5700471	-0.42794022	0.10591006
1101301953200	0.6933138	0.5698927	-0.4281946	0.10577184
1101310973825	0.69328684	0.5697757	-0.4284401	0.10558446
1101321671325	0.6932789	0.5696806	-0.42862353	0.105405174
1101333163096	0.69329756	0.56954944	-0.42880532	0.105252154
1101339150440	0.6933218	0.56945676	-0.428915	0.10514685
1101349596950	0.6935654	0.56915206	-0.42896637	0.1049799
1101362550805	0.6935356	0.56913626	-0.42906028	0.104878746
1101369705492	0.69355726	0.56901103	-0.4292343	0.10470362
1101375536482	0.6935495	0.5689436	-0.42935926	0.10460891
1101385148357	0.69352746	0.56892323	-0.42943406	0.10455877
1101396341273	0.6935133	0.568913	-0.42947334	0.10454701
1101404917627	0.6934431	0.5689577	-0.42952833	0.10454273
1101419741117	0.6933714	0.5690161	-0.42956862	0.10453485
1101426341950	0.69328016	0.5691753	-0.42947975	0.104638875
1101436215857	0.6932039	0.56929827	-0.4294328	0.10466758
1101445639190	0.69311446	0.569436	-0.42939734	0.10465663
1101457861273	0.69302416	0.5695425	-0.4294154	0.10460041
1101465914815	0.6929161	0.5696361	-0.4294977	0.10446876
1101476375336	0.692868	0.56963265	-0.42961705	0.10431628
1101484555284	0.69279635	0.5696093	-0.42981592	0.10409965
1101494244294	0.6927544	0.5696018	-0.4299426	0.10389704
1101503713148	0.6927034	0.5696271	-0.43003938	0.10369764
1101513349242	0.6926436	0.5696889	-0.43007705	0.10360061
1101523070857	0.6925483	0.56982154	-0.43006656	0.103552766
1101534719867	0.6924481	0.56999815	-0.4299922	0.10355954
1101542999190	0.6923582	0.5702178	-0.4298432	0.10356987
1101552772419	0.69229984	0.5703765	-0.429728	0.10356396
1101558518982	0.6922339	0.5705259	-0.42965347	0.1034915
1101568124034	0.6921961	0.57057637	-0.42967233	0.10338705
1101578652419	0.692164	0.5706174	-0.42971408	0.10320182
1101587896221	0.69214183	0.5706176	-0.4298004	0.102989614
1101598682263	0.69218177	0.57054794	-0.4298715	0.1028111
1101613682263	0.69221693	0.5705219	-0.42989162	0.10263387
1101623056742	0.69231653	0.57052594	-0.42974558	0.10255128
1101630197732	0.69239944	0.57054704	-0.42959797	0.10249218
1101640692054	0.6925022	0.5705616	-0.4294344	0.10240291
1101650240440	0.69267714	0.5705205	-0.4292357	0.102281675
1101658605232	0.6928405	0.5704455	-0.42912257	0.10206841
1101668531534	0.6929833	0.57034254	-0.42906597	0.101911664
1101680064294	0.6931429	0.57021093	-0.42904696	0.10164239
1101689629242	0.69336146	0.57004285	-0.42898142	0.10137141
1101700173200	0.6935966	0.5699183	-0.42881164	0.101180986
1101708663773	0.69377875	0.56982076	-0.42866188	0.10111565
1101717837732	0.6939916	0.5696472	-0.42858595	0.10095545
1101728291325	0.6943039	0.5693199	-0.42860007	0.10059357
1101738567836	0.6947001	0.56884724	-0.42873108	0.09997101
1101746642315	0.69520175	0.5682264	-0.42892253	0.09919017
1101758149346	0.69561815	0.56767166	-0.42915934	0.09842006
1101768595648	0.696251	0.56683105	-0.42949337	0.0973275
1101777933409	0.6969442	0.56600326	-0.42968625	0.096327335
1101788867419	0.69757485	0.56538945	-0.42963392	0.09559716
1101797390752	0.69829565	0.56472605	-0.42951387	0.094792426
1101808659971	0.69896203	0.56417435	-0.42931214	0.09407696
1101818296742	0.6999042	0.5634613	-0.42892352	0.09311381
1101827104867	0.7007491	0.56288236	-0.42850018	0.09220512
1101832089919	0.7015488	0.56236976	-0.4280677	0.09125587
1101840901638	0.70224625	0.5620181	-0.4275767	0.09035503
1101851213669	0.7030946	0.561587	-0.426962	0.08934009
1101862656534	0.7041122	0.56108576	-0.4262108	0.0880522
1101873274190	0.7052899	0.5605285	-0.42529938	0.08657015
1101881219867	0.70649284	0.56002533	-0.42426142	0.08509882
1101892228877	0.70745	0.55971086	-0.42330214	0.08398665
1101902775440	0.70876384	0.55921173	-0.4220423	0.08256172
1101910719867	0.71022886	0.55867636	-0.42058846	0.08100025
1101922441742	0.71132714	0.55837774	-0.41936475	0.07975773
1101930660492	0.7129796	0.55774236	-0.41773918	0.07795885
1101940586846	0.7142476	0.5573394	-0.416361	0.076594904
1101950540075	0.7156576	0.55676866	-0.4149768	0.07508107
1101963330856	0.7171145	0.5561388	-0.4135745	0.07357013
1101968940127	0.7186542	0.5554967	-0.41205034	0.071930885
1101979640336	0.71974874	0.5551049	-0.4108734	0.07073466
1101989899815	0.72134894	0.5544741	-0.4092022	0.069049515
1101999765648	0.7228198	0.5539183	-0.4076221	0.06745686
1102010526690	0.7242811	0.5533515	-0.40606013	0.065835714
1102018930648	0.7259333	0.55265015	-0.40435427	0.06400349
1102028665961	0.7271721	0.55213875	-0.40305904	0.06250746
1102038355856	0.72865516	0.5515108	-0.401513	0.060702235
1102047256169	0.7301333	0.5508909	-0.3999462	0.058887437
1102059600023	0.73161864	0.55025196	-0.39838386	0.05698476
1102067586950	0.73338485	0.5494695	-0.39651182	0.054849725
1102077045492	0.7345077	0.5490254	-0.3952354	0.053465195
1102083212523	0.73600394	0.5484036	-0.3935518	0.051659252
1102093134971	0.7369892	0.5480184	-0.39239842	0.050460596
1102105220336	0.7386167	0.54737526	-0.3904771	0.04851246
1102112820804	0.74058455	0.54655194	-0.388186	0.046121776
1102123789086	0.7418513	0.5459784	-0.38676718	0.044446845
1102134312679	0.7440889	0.54486567	-0.3843608	0.041473716
1102142040023	0.7454379	0.5441851	-0.3829099	0.039561223
1102155173877	0.746883	0.5434521	-0.3813307	0.03758468
1102163222211	0.74947536	0.5421204	-0.37844884	0.034186307
1102174031377	0.75058484	0.5415721	-0.3771663	0.03267743
1102185598148	0.7525076	0.54063374	-0.3748879	0.030107277
1102191794086	0.75457275	0.5396289	-0.37238085	0.027442109
1102203469763	0.75568265	0.5390984	-0.3710055	0.025916565
1102213109763	0.75810415	0.5377544	-0.3682218	0.022608839
1102224815700	0.7595698	0.5368996	-0.3665697	0.020475918
1102233466846	0.7617009	0.5355561	-0.36427423	0.01719996
1102241712367	0.7632802	0.53447795	-0.36265603	0.01474544
1102252545231	0.7647466	0.5334967	-0.36109522	0.012413758
1102262974710	0.76661915	0.532266	-0.35902464	0.009458788
1102272039294	0.76840234	0.5310882	-0.3570131	0.0066861436
1102281999450	0.76992357	0.5300526	-0.35530728	0.004337248
1102290502679	0.7715993	0.52891546	-0.3533835	0.0017851144
1102301322783	-0.77297455	-0.5279597	0.35180783	3.4386077E-4
1102315202263	-0.7746892	-0.52678126	0.34978437	0.003009591
1102320588356	-0.7768163	-0.525318	0.34721157	0.0064542033
1102328541377	-0.77759874	-0.52471286	0.3463504	0.007608549
1102340683096	-0.7787208	-0.5238958	0.3450228	0.009303684
1102343714815	-0.78031546	-0.52282864	0.3429577	0.011754835
1102355340492	-0.7813968	-0.5221151	0.34152472	0.013255348
1102365142523	-0.782339	-0.5215201	0.3402245	0.0144882
1102378628669	-0.78349173	-0.52084416	0.33853608	0.015985155
1102383881950	-0.7849947	-0.5198849	0.33640614	0.018270565
1102394481273	-0.78550214	-0.51942396	0.33589068	0.01903921
1102403738252	-0.7865914	-0.51853734	0.33460554	0.020786164
1102415036117	-0.78748316	-0.5177746	0.3335909	0.022290748
1102423045231	-0.78857285	-0.5170096	0.3320769	0.024061449
1102433769137	-0.7890794	-0.5166226	0.33141667	0.02485603
1102443936377	-0.78993124	-0.51606476	0.33014053	0.026326021
1102454053512	-0.790632	-0.51551443	0.32921925	0.027580537
1102463270804	-0.79129636	-0.51502085	0.32829058	0.028789362
1102474177210	-0.7918215	-0.51461893	0.3275787	0.029636262
1102483948512	-0.7923896	-0.5142073	0.32678255	0.030378189
1102495688565	-0.79278827	-0.5138667	0.32631633	0.030747505
1102503553773	-0.7885024	-0.5204956	0.32643643	0.02806716
1102512617783	-0.7887954	-0.5202045	0.32616475	0.028386317
1102522662783	-0.78902686	-0.51994884	0.32599908	0.028541472
1102534307887	-0.78928924	-0.51979625	0.32559356	0.028693262
1102540181377	-0.78956354	-0.5196431	0.32515812	0.028856117
1102551415700	-0.7896444	-0.51948875	0.32522023	0.028720304
1102560217367	-0.78974324	-0.519475	0.32501155	0.028614834
1102571162731	-0.78975195	-0.5194374	0.3250727	0.028360568
1102581003929	-0.7852142	-0.5261069	0.32558382	0.02540472
1102590555648	-0.78506064	-0.52603424	0.32610318	0.024990514
1102599090335	-0.7848313	-0.5260404	0.3266935	0.02434471
1102608939502	-0.7808653	-0.5315989	0.32740834	0.021350449
1102616755544	-0.78050953	-0.531921	0.32779709	0.020348413
1102626742887	-0.7801474	-0.53223985	0.32820854	0.019238917
1102635081117	-0.7796424	-0.5328208	0.32853732	0.017972028
1102648504502	-0.77884364	-0.53377235	0.3289817	0.016146453
1102655116637	-0.77840793	-0.5341183	0.3294944	0.015236144
1102665799137	-0.7778871	-0.53449446	0.330157	0.014279049
1102675655231	-0.7770321	-0.5351676	0.3311339	0.012934626
1102686969502	-0.7762104	-0.5357648	0.3321429	0.0116029065
1102697043773	-0.775166	-0.5365742	0.3333288	0.009881146
1102704614867	-0.77104497	-0.5417334	0.33462536	0.0063552745
1102715032679	-0.7701895	-0.5422625	0.33576035	0.0049534114
1102725234346	-0.7660992	-0.54710734	0.337289	0.001315299
1102737106064	0.7648682	0.547945	-0.33872166	7.1413734E-4
1102745698096	0.76334655	0.54898864	-0.3404465	0.0031210277
1102756526846	0.7621919	0.549673	-0.341904	0.004971316
1102766294294	0.7606689	0.5505561	-0.34382874	0.007248548
1102774760283	0.7567326	0.5547226	-0.34572053	0.0107671395
1102784318564	0.75335175	0.5581266	-0.34750938	0.013892195
1102794026221	0.7500012	0.5612963	-0.34950212	0.017119974
1102803155127	0.74842966	0.56202507	-0.3515777	0.019338803
1102810612887	0.7453779	0.564731	-0.35353664	0.022417473
1102821986533	0.74251896	0.5673158	-0.35521743	0.025277609
1102832768564	0.740536	0.5682365	-0.35767192	0.02801207
1102840672939	0.7384016	0.5691728	-0.3603499	0.030878237
1102850673148	0.7368845	0.56975824	-0.36234674	0.032890383
1102861475544	0.7337786	0.5719474	-0.36488333	0.0361296
1102872817210	0.73163784	0.5727693	-0.36759764	0.0389045
1102881539658	0.7293156	0.573682	-0.37044778	0.041908175
1102890291169	0.7263983	0.5757281	-0.3726267	0.045080148
1102898811637	0.7236997	0.57739985	-0.37489977	0.048150465
1102908346533	0.72177476	0.5781527	-0.37710932	0.050688125
1102918214814	0.7195745	0.57900304	-0.37960437	0.053559028
1102928657523	0.717149	0.57991534	-0.3823536	0.05657942
1102941628304	0.71449006	0.5807961	-0.3854892	0.059816647
1102947024137	0.7114439	0.5817149	-0.38913873	0.063453704
1102958333044	0.71004176	0.58214754	-0.39074856	0.065273255
1102969916012	0.70728594	0.5831085	-0.39367515	0.0689285
1102981610544	0.7037487	0.5844351	-0.39716038	0.07373607
1102993951898	0.70113915	0.5853947	-0.39967835	0.07729325
1103001668825	0.6968427	0.5869914	-0.40369993	0.082932524
1103009319971	0.6955443	0.58746755	-0.40487868	0.08469588
1103020089919	0.69338745	0.5882118	-0.40688235	0.08756482
1103030487366	0.68994385	0.58941436	-0.40999943	0.09202542
1103038124033	0.6867856	0.5905246	-0.4127659	0.09607619
1103046736898	0.68433094	0.591407	-0.41483676	0.09919397
1103061736898	0.6817151	0.59236234	-0.41696426	0.10252919
1103071975596	0.67673683	0.5942428	-0.4207858	0.108821705
1103074645335	0.6733073	0.5955675	-0.4232965	0.11303394
1103085243304	0.67311805	0.5944303	-0.42491382	0.114074335
1103091918929	0.6703081	0.59544253	-0.4270474	0.11732761
1103100534814	0.6679861	0.5962417	-0.42884034	0.11994335
1103111237106	0.66497993	0.59730285	-0.4310861	0.12327156
1103119593564	0.6611067	0.59877026	-0.43379346	0.12741825
1103130247627	0.6581849	0.59988195	-0.43579307	0.13045591
1103141791377	0.65445936	0.6014443	-0.43829897	0.13357341
1103148590387	0.65117115	0.6023419	-0.4404232	0.13851993
1103158988981	0.6492257	0.60191756	-0.44314042	0.1408116
1103167961585	0.6453872	0.6035536	-0.44567558	0.14342865
1103180101533	0.6418468	0.60532856	-0.44760042	0.14582197
1103190068981	0.6386588	0.6058646	-0.4506266	0.14825228
1103202330387	0.63848406	0.60390204	-0.4535536	0.14808685
1103214494658	0.6345821	0.6037233	-0.4587364	0.14961575
1103223109866	0.6325369	0.6004454	-0.46573478	0.14984465
1103231581950	0.63034713	0.6011201	-0.46671355	0.15328321
1103244671846	0.6295895	0.6017635	-0.46651766	0.15446383
1103254703356	0.6256848	0.60277736	-0.4699337	0.15601411
1103261447835	0.62383986	0.60210985	-0.47295508	0.1568475
1103266544346	0.6226175	0.6024173	-0.47369233	0.15829279
1103278138564	0.6208805	0.6033417	-0.4742852	0.15981206
1103288163616	0.6179722	0.6050627	-0.47529525	0.16156703
1103297901168	0.61578065	0.60596615	-0.47655076	0.1628449
1103307643148	0.6142098	0.6070601	-0.4769547	0.16351962
1103316159241	0.6120641	0.6081877	-0.4778644	0.1647146
1103328137366	0.6106965	0.60933423	-0.47797662	0.1652268
1103338542523	0.6085796	0.61055857	-0.47876292	0.16623849
1103343757679	0.6066243	0.6116197	-0.4796002	0.16706899
1103353732835	0.60586756	0.6125606	-0.47937402	0.16701698
1103363009241	0.6042063	0.6134928	-0.47990534	0.16808422
1103373214866	0.6026415	0.6144727	-0.48019746	0.1692841
1103385060648	0.60070103	0.61580855	-0.4804303	0.17066047
1103393123825	0.5984805	0.6172552	-0.48077634	0.1722535
1103401115127	0.5971942	0.6182188	-0.48078504	0.17323555
1103411779241	0.5957885	0.61930233	-0.48075405	0.17428823
1103423752418	0.59383076	0.62075526	-0.480761	0.1757752
1103433836220	0.5916013	0.622379	-0.48078734	0.17747095
1103441290335	0.5897248	0.6236986	-0.4808859	0.17881182
1103451882314	0.58826536	0.62475324	-0.48096257	0.17972848
1103461573564	0.58633196	0.6260932	-0.481095	0.1810246
1103471906741	0.58470356	0.6272195	-0.48116273	0.1822088
1103481430075	0.58294797	0.6285148	-0.48109525	0.18354326
1103491707054	0.5813921	0.6297951	-0.4808798	0.18465132
1103501439866	0.5798634	0.631135	-0.48054805	0.18574342
1103510747627	0.578506	0.6323558	-0.48019463	0.18673526
1103520987314	0.5772719	0.6334294	-0.4799214	0.18761608
1103531220908	0.57597506	0.6344928	-0.47974268	0.18846361
1103541798304	0.57474273	0.6354675	-0.47965246	0.18917052
1103549903095	0.58000886	0.630501	-0.48154217	0.18486609
1103559732731	0.5791944	0.6311429	-0.48155382	0.18519841
1103568466637	0.5783472	0.6318774	-0.48143488	0.18565013
1103578935179	0.57764393	0.632598	-0.48117092	0.18606977
1103588566012	0.5768466	0.6334679	-0.4807836	0.18658423
1103598263877	0.57612145	0.6342775	-0.48044276	0.18695146
1103607066741	0.57543766	0.635002	-0.4801884	0.18725127
1103616972887	0.57483923	0.63563704	-0.47998857	0.18744709
1103625507783	0.5804499	0.6306317	-0.48158824	0.18290593
1103636193772	0.58520234	0.6263648	-0.48280498	0.17917824
1103644719970	0.58475506	0.62697023	-0.48244408	0.17949279
1103654300752	0.5844429	0.6274673	-0.4820921	0.17971815
1103663060491	0.5890679	0.62331945	-0.48317868	0.17609768
1103673993564	0.58883405	0.6237197	-0.48289263	0.17624679
1103684545231	0.5885878	0.6241804	-0.48252875	0.17643489
1103694180127	0.5925417	0.62069046	-0.48330218	0.17336896
1103705390700	0.5961082	0.61748093	-0.4840627	0.17045718
1103715548043	0.599711	0.61416245	-0.4848924	0.16742319
1103723491325	0.59957975	0.61445713	-0.48472002	0.16731137
1103735482054	0.60291964	0.61135274	-0.48544052	0.16457024
1103743738981	0.6057266	0.60884476	-0.48588544	0.16223045
1103753438460	0.6056977	0.60906905	-0.4856463	0.16221261
1103762582991	0.605684	0.60928965	-0.48540968	0.1621436
1103772989866	0.60568446	0.6094641	-0.48522517	0.1620383
1103782649137	0.6082005	0.60711664	-0.48574126	0.15986575
1103792383356	0.61049885	0.60496044	-0.48619267	0.1578951
1103801956845	0.6105077	0.6051152	-0.48601642	0.15781006
1103811049189	0.61049837	0.6052802	-0.4858406	0.15775478
1103821485908	0.6126735	0.60322684	-0.48624992	0.15591511
1103831060335	0.6126444	0.6034114	-0.4860813	0.15584135
1103840772991	0.612606	0.6035935	-0.48592836	0.15576422
1103850444710	0.61253184	0.60381377	-0.48576802	0.1557026
1103859171064	0.61443275	0.6019769	-0.4861921	0.15399209
1103874171064	0.6143409	0.6021396	-0.48616263	0.15381543
1103880713564	0.6162148	0.6002346	-0.4867008	0.15205279
1103890661741	0.61618	0.6002428	-0.48676768	0.151948
1103900179554	0.6161803	0.6002341	-0.48681694	0.1518226
1103909140647	0.61796165	0.5984253	-0.48725277	0.15031749
1103920667314	0.61959714	0.5967665	-0.4876216	0.14897752
1103925984293	0.621259	0.5950932	-0.4879559	0.14765018
1103940984293	0.62123936	0.59510386	-0.48796132	0.14767186
1103949074293	0.6227368	0.5935095	-0.48836344	0.14644645
1103959720595	0.6227001	0.5935093	-0.48840752	0.14645654
1103969888720	0.62265843	0.5935292	-0.48843122	0.1464739
1103980035960	0.62407106	0.5920437	-0.48877472	0.14532357
1103989648147	0.6240529	0.592062	-0.48877695	0.14531918
1103997242731	0.62537867	0.59066504	-0.48909384	0.14423463
1104010622106	0.6266544	0.5893271	-0.48937166	0.1432245
1104018750699	0.62781686	0.58814055	-0.4895883	0.14226748
1104030467418	0.6287689	0.5871266	-0.4898008	0.14151782
1104038068408	0.628847	0.5870458	-0.4898053	0.14149043
1104048566272	0.6288972	0.58698386	-0.48981768	0.14148091
1104056322054	0.6298605	0.58593005	-0.4900727	0.14067884
1104067184137	0.6309879	0.58473015	-0.49031422	0.13977426
1104076329241	0.63191473	0.58373696	-0.49052387	0.1390013
1104085905804	0.6320056	0.58365923	-0.49050656	0.13897575
1104093626220	0.632849	0.5828065	-0.49060637	0.13836268
1104102392470	0.63295424	0.58277917	-0.49049413	0.13839416
1104111671272	0.63306886	0.5827585	-0.49034765	0.13847636
1104121852418	0.6332012	0.58274084	-0.49017146	0.13856943
1104131824762	0.6333143	0.58272064	-0.49004164	0.13859607
1104142520960	0.63433623	0.58168286	-0.49017537	0.1378065
1104148662731	0.6352653	0.5807298	-0.49031717	0.13704038
1104158525074	0.6353651	0.5806379	-0.49030617	0.13700597
1104167912210	0.63553804	0.5804798	-0.4902855	0.13694794
1104177466897	0.635712	0.58035904	-0.49020728	0.1369325
1104187065908	0.63588417	0.5802325	-0.4901346	0.13692923
1104196934658	0.63681495	0.57923484	-0.4902954	0.13625069
1104208231116	0.63757837	0.57841384	-0.49042365	0.13570571
1104219486949	0.63840646	0.57754606	-0.4905313	0.13511804
1104228178043	0.6392075	0.57674617	-0.49058667	0.13454519
1104238169189	0.6399237	0.57602626	-0.49063888	0.13403371
1104248328824	0.6401556	0.57581824	-0.49059984	0.13396263
1104256321689	0.6404268	0.5755592	-0.49058416	0.13383728
1104267612783	0.64064825	0.5753661	-0.49054983	0.13373321
1104276384710	0.64135647	0.57464	-0.49060136	0.13327065
1104287719189	0.6415723	0.574443	-0.49056333	0.13322158
1104294817522	0.6418798	0.5742082	-0.49042925	0.13324606
1104305598512	0.6420474	0.5741119	-0.4903017	0.13332309
1104316643772	0.6426642	0.5736033	-0.49013048	0.13316938
1104323431637	0.64335245	0.5730316	-0.48997292	0.13288707
1104336404866	0.6435003	0.57295567	-0.48985356	0.13293909
1104343091897	0.64379215	0.5727803	-0.48967797	0.13292854
1104354034033	0.644476	0.57204515	-0.48976716	0.13245091
1104363511168	0.6452617	0.5712124	-0.48984134	0.13194455
1104373738928	0.6458347	0.5706226	-0.48986587	0.13160136
1104384558668	0.64601475	0.57050055	-0.48975223	0.13166994
1104391666845	0.64618385	0.57044053	-0.4895671	0.13178846
1104403228720	0.646704	0.5699224	-0.4895665	0.13148038
1104412299762	0.6468436	0.56988204	-0.48941427	0.13153513
1104419087887	0.64695346	0.5698482	-0.48930973	0.13153115
1104431303251	0.6474296	0.56936204	-0.48934245	0.13117099
1104439568824	0.64792824	0.5689152	-0.48927042	0.13091587
1104450115855	0.64845556	0.5683663	-0.48931697	0.13051456
1104460862418	0.64868754	0.5682085	-0.48918486	0.13054419
1104470039814	0.64917123	0.5678448	-0.48898852	0.13045803
1104481399033	0.64962584	0.56746083	-0.4888604	0.13034588
1104488566428	0.64981157	0.56735575	-0.4887033	0.13046716
1104498952522	0.65023154	0.5668861	-0.48875317	0.1302289
1104508621585	0.6503992	0.5666717	-0.48878437	0.13020758
1104519828512	0.6509835	0.565965	-0.48890984	0.12988986
1104528687158	0.65117353	0.565709	-0.48893276	0.12996618
1104541275647	0.6516592	0.5650969	-0.48905393	0.12973826
1104546757626	0.6518965	0.5648062	-0.48904127	0.12985998
1104558212314	0.65197587	0.5647024	-0.48903236	0.12994677
1104568402574	0.65216976	0.5644787	-0.4889901	0.1301047
1104578549866	0.6525597	0.5640155	-0.48902968	0.13000895
1104587089814	0.6529218	0.56351274	-0.48916578	0.12985922
1104597392314	0.65334046	0.5629226	-0.48934603	0.12963381
1104606701428	0.65370715	0.56236714	-0.48953342	0.12948877
1104617655543	0.65405524	0.5618262	-0.48972327	0.12936057
1104625482939	0.6541607	0.56159616	-0.48981318	0.12948614
1104635935751	0.6545098	0.5611179	-0.48993698	0.12932737
1104646207105	0.6548919	0.5606035	-0.49004552	0.12921199
1104652523303	0.65522027	0.5601482	-0.4901628	0.12907737
1104660244710	0.655405	0.55987185	-0.49025193	0.12899995
1104672100282	0.65548146	0.55972004	-0.4903141	0.12903377
1104682407053	0.6556542	0.55940825	-0.4904605	0.12895188
1104689209293	0.65578073	0.5591502	-0.4906043	0.1288805
1104699403355	0.65591097	0.5589294	-0.49068776	0.12885849
1104709212991	0.6559768	0.5587418	-0.49081895	0.12883696
1104721567574	0.65607053	0.55849993	-0.49097124	0.12882799
1104731368876	0.6559803	0.5584461	-0.49111405	0.12897672
1104742696532	0.65592587	0.558396	-0.49120772	0.129113
1104752090022	0.65579444	0.5584096	-0.49132898	0.12926082
1104761012053	0.6556999	0.55840516	-0.49143326	0.12936307
1104771130543	0.6557133	0.558285	-0.49155635	0.12934563
1104781194397	0.6556325	0.5582465	-0.49169692	0.12938747
1104790875647	0.6557187	0.5580259	-0.491858	0.12928991
1104800165907	0.6557851	0.5578734	-0.49195594	0.12923868
1104809378720	0.6558166	0.5577479	-0.4920602	0.12922366
1104819749085	0.65583265	0.5576512	-0.4921523	0.12920845
1104831184189	0.6558533	0.55758035	-0.49219832	0.12923458
1104842862574	0.6559604	0.5574191	-0.49226734	0.12912326
1104850699501	0.6559631	0.5573806	-0.49231228	0.12910399
1104859113459	0.65602523	0.55727756	-0.4923585	0.12905696
1104870056480	0.6560628	0.5572018	-0.49240637	0.12901051
1104877847939	0.6561228	0.55710715	-0.49244794	0.12895592
1104886573772	0.65615207	0.55705327	-0.49247217	0.12894715
1104899418199	0.65626645	0.5568682	-0.49255466	0.12884949
1104904401324	0.65642047	0.55662596	-0.49266228	0.12869966
1104917868459	0.6564227	0.5565887	-0.49271297	0.12865515
1104927519605	0.6564633	0.55647117	-0.4928315	0.12850274
1104933836689	0.65648556	0.556398	-0.4929103	0.12840389
1104944994762	0.65660477	0.5562118	-0.4930016	0.12824976
1104953990491	0.6566065	0.55615944	-0.49306715	0.12821633
1104964827678	0.6566053	0.5561318	-0.49311265	0.1281679
1104973357314	0.6565662	0.5561494	-0.49315536	0.12812671
1104983350230	0.6565461	0.55614877	-0.49318793	0.12810747
1104993362991	0.6564887	0.5561689	-0.4932508	0.12807198
1105003561845	0.6564385	0.5561716	-0.49331906	0.12805429
1105011738772	0.65641105	0.5561503	-0.49337596	0.12806877
1105023355959	0.6563722	0.55618644	-0.49338105	0.12809198
1105033909762	0.6562725	0.55629855	-0.49337447	0.1281406
1105042191949	0.65621525	0.5563496	-0.493392	0.12814467
1105052719189	0.65613574	0.55642116	-0.4934047	0.12819216
1105061797314	0.65602046	0.5565927	-0.49334702	0.12825936
1105072116584	0.6559281	0.5567536	-0.49326757	0.12833966
1105081722939	0.65583825	0.55689526	-0.49321407	0.12838942
1105092130282	0.6557869	0.5569497	-0.493218	0.12840076
1105100404449	0.65585726	0.5568441	-0.49326658	0.1283121
1105110226116	0.6558035	0.55686694	-0.49329805	0.12836689
1105118335751	0.6557993	0.556779	-0.4933959	0.12839378
1105128488199	0.6557616	0.55671996	-0.4935015	0.12843649
1105140366064	0.6557257	0.5566504	-0.49362186	0.12845884
1105145391272	0.65571296	0.5565516	-0.49374354	0.1284844
1105157933095	0.65571856	0.5565091	-0.49376646	0.12855153
1105165667366	0.6557076	0.5564622	-0.49379387	0.12870486
1105177433772	0.65570444	0.55643004	-0.493806	0.12881404
1105184191741	0.6557387	0.5563381	-0.4938216	0.12897688
1105195791168	0.6557554	0.55629086	-0.49381936	0.12910387
1105207615595	0.6558454	0.55613154	-0.4938502	0.12921521
1105218350699	0.65586364	0.5560393	-0.49388495	0.12938698
1105224908564	0.6559264	0.5559202	-0.4939018	0.12951607
1105237253355	0.6561243	0.5556574	-0.49394906	0.1294612
1105245513772	0.6562537	0.5554738	-0.49396744	0.12952323
1105256007886	0.6564795	0.555225	-0.4939601	0.1294739
1105267513043	0.6566374	0.55507344	-0.49390483	0.12953326
1105273712313	0.6567835	0.5549825	-0.49377427	0.12968002
1105285078824	0.65686786	0.55496204	-0.49364915	0.1298164
1105294978928	0.6569664	0.5549809	-0.49345094	0.12999071
1105302085855	0.65714955	0.5549049	-0.49328178	0.13003194
1105311389345	0.6571964	0.5549345	-0.49317318	0.13007976
1105320722626	0.65725434	0.55493987	-0.49308825	0.13008706
1105331719970	0.65729934	0.55494183	-0.493032	0.1300641
1105344564188	0.6573963	0.55492187	-0.49291092	0.13011819
1105349753928	0.65748304	0.55495214	-0.4927289	0.1302399
1105363702209	0.65750945	0.55496204	-0.4926642	0.13030942
1105369431845	0.65757537	0.55495673	-0.4925286	0.13051209
1105379224553	0.65760255	0.55495363	-0.49247336	0.13059634
1105390302730	0.65765136	0.5548833	-0.49246788	0.13067003
1105402067053	0.65774596	0.55474627	-0.49246678	0.13077942
1105406387053	0.6578266	0.55462945	-0.49246192	0.13088834
1105418183511	0.6578758	0.5545733	-0.49243635	0.13097514
1105428500959	0.6579778	0.55449444	-0.49233225	0.13118735
1105438597001	0.65801567	0.55447084	-0.49225	0.13140543
1105447687209	0.6580707	0.5544309	-0.49216655	0.13161102
1105458163980	0.65819025	0.554279	-0.49216112	0.13167287
1105465580855	0.6582505	0.55416054	-0.4921786	0.13180539
1105476167678	0.6582272	0.55413216	-0.49221197	0.1319161
1105488686688	0.6581325	0.55415696	-0.49224973	0.13214344
1105498599761	0.658093	0.5541595	-0.49224645	0.13234241
1105507847053	0.65806013	0.5541767	-0.49221894	0.13253541
1105517694553	0.6580449	0.5541781	-0.4921762	0.13276383
1105527281115	0.6580997	0.55410033	-0.4921599	0.13287674
1105539103563	0.65814	0.55401266	-0.49218532	0.13294864
1105544917678	0.6581398	0.55395	-0.49222597	0.13306004
1105556372418	0.6582385	0.553797	-0.49227297	0.13303491
1105564966115	0.6583283	0.5536442	-0.49231657	0.13306527
1105577249501	0.658262	0.55366504	-0.49234343	0.13320683
1105583433303	0.6583207	0.5535611	-0.4923584	0.13329375
1105596408615	0.65828615	0.5535875	-0.49234033	0.13342184
1105603083980	0.65823597	0.55362046	-0.49231783	0.13361575
1105614021949	0.6582983	0.5535249	-0.49234015	0.1336214
1105624598095	0.6584649	0.5533524	-0.49231166	0.13362011
1105633832938	0.6584268	0.55339456	-0.4922705	0.13378514
1105644382157	0.65846014	0.5533228	-0.49228168	0.13387653
1105648684345	0.6584372	0.5533069	-0.49230084	0.13398491
1105659879865	0.6584954	0.55323446	-0.4923073	0.13397358
1105670542157	0.65866	0.5530224	-0.4923212	0.1339894
1105680953459	0.6586576	0.5530396	-0.49227795	0.13408919
1105690035282	0.658743	0.552956	-0.49225125	0.13411231
1105699739970	0.65871733	0.5530128	-0.49218065	0.13426329
1105712438199	0.6586887	0.55310196	-0.49207178	0.13443482
1105722033824	0.6586578	0.5532352	-0.49189904	0.13467047
1105730171792	0.6586382	0.5533256	-0.4917831	0.13481836
1105741027990	0.6587815	0.55319446	-0.4917459	0.1347921
1105747685751	0.6587546	0.55327475	-0.49164656	0.13495624
1105759204709	0.65872246	0.5533482	-0.49157408	0.13507582
1105767678563	0.65893084	0.5531846	-0.4914907	0.13503347
1105778960022	0.65887177	0.55334127	-0.4913669	0.13513
1105789527053	0.658852	0.5534024	-0.49131414	0.13516808
1105797035595	0.6588335	0.5534555	-0.49128172	0.13515809
1105808349397	0.6590082	0.5532413	-0.49133685	0.13498323
1105818657990	0.65917546	0.55300766	-0.49142838	0.13479018
1105827523407	0.6592927	0.55285335	-0.49146158	0.1347292
1105837590230	0.6593248	0.5528546	-0.49139717	0.13480186
1105847118563	0.6595181	0.55261886	-0.49142912	0.13470632
1105857047990	0.6597099	0.55235964	-0.4914832	0.13463296
1105872047990	0.6598042	0.5522431	-0.4914768	0.13467187
1105874259292	0.6597427	0.5522193	-0.4915653	0.13474776
