1485357337628	0.7247142	0.54839176	-0.40812224	0.0865571
1485372337628	0.7247142	0.54839176	-0.40812224	0.0865571
1485387337628	0.7247142	0.54839176	-0.40812224	0.0865571
1485402337628	0.7247142	0.54839176	-0.40812224	0.0865571
1485417337628	0.7247142	0.54839176	-0.40812224	0.0865571
1485432337628	0.7247142	0.54839176	-0.40812224	0.0865571
1485447337628	0.7247142	0.54839176	-0.40812224	0.0865571
1485462337628	0.7247142	0.54839176	-0.40812224	0.0865571
1485477337628	0.72471416	0.54839164	-0.4081225	0.08655727
1485492337628	0.72452164	0.54858065	-0.408224	0.08649235
1485507337628	0.7246018	0.5484491	-0.40823674	0.0865946
1485522337628	0.7242092	0.54883206	-0.40843454	0.08651967
1485537337628	0.7242301	0.54868674	-0.40853852	0.08677465
1485552337628	0.72422117	0.54869103	-0.40854663	0.086783916
1485567337628	0.7242126	0.5486982	-0.4085512	0.0867901
1485582337628	0.7242036	0.54867613	-0.4085556	0.08698294
1485597337628	0.72406805	0.548784	-0.40862784	0.087091625
1485612337628	0.72409105	0.5486678	-0.4087301	0.087153204
1485627337628	0.72408336	0.5485173	-0.40897226	0.087027
1485642337628	0.72413534	0.54818404	-0.40940303	0.0866687
1485657337628	0.72413534	0.54818404	-0.40940303	0.0866687
1485670556430	0.7241376	0.5481803	-0.40940437	0.08666724
1485683508513	0.72415364	0.54815346	-0.4093933	0.08675598
1485690095909	0.7241202	0.54818255	-0.40938047	0.08691046
1485701405805	0.7240887	0.548217	-0.40936452	0.087030865
1485710811430	0.7240298	0.5482738	-0.40934744	0.08724331
1485718993409	0.7239491	0.54837996	-0.40931123	0.087416254
1485732108721	0.72388065	0.54845566	-0.40929854	0.087566964
1485739898930	0.72371346	0.5486022	-0.40936247	0.087731324
1485750975909	0.7236392	0.5486375	-0.4094267	0.087823406
1485761435492	0.72344905	0.5487796	-0.4095244	0.08804619
1485761649815	0.72344905	0.5487796	-0.4095244	0.08804619
1485776649815	0.7234193	0.5487985	-0.40954387	0.08808299
1485787662107	0.7233165	0.5488579	-0.4096176	0.08821415
1485792771325	0.7231901	0.5489507	-0.4096845	0.08836296
1485807771325	0.72313005	0.548961	-0.40975153	0.08847889
1485812860180	0.7229836	0.5489826	-0.40992925	0.08871838
1485822157992	0.7229262	0.54899794	-0.40998966	0.088812195
1485834836794	0.7228215	0.54903567	-0.41008368	0.08899686
1485845932159	0.722684	0.5490601	-0.410248	0.089204766
1485855043773	0.7225862	0.5490288	-0.41042617	0.089369796
1485865879555	0.7224929	0.5490397	-0.410552	0.08947982
1485877132732	0.7223849	0.54905003	-0.4106966	0.089623615
1485892132732	0.7221525	0.54912525	-0.41093516	0.08994271
1485897983721	0.7221525	0.54912525	-0.41093516	0.08994271
1485906770127	0.7221134	0.5491327	-0.41098526	0.08998138
1485913603044	0.7220965	0.54909813	-0.41104516	0.0900549
1485928603044	0.7220684	0.54897535	-0.41124284	0.09012535
1485934807836	0.7220684	0.54897535	-0.41124284	0.09012535
1485944035180	0.7220732	0.5489251	-0.41130382	0.09011532
1485954775440	0.72206897	0.5488847	-0.4113651	0.09011648
1485961729867	0.7220956	0.54879254	-0.4114431	0.09010705
1485972873096	0.7221169	0.548713	-0.4115196	0.09007114
1485984330180	0.7221332	0.5485824	-0.41167474	0.09002696
1485990590857	0.7221458	0.5484429	-0.4118467	0.08998986
1486003173461	0.72214776	0.5483877	-0.41192064	0.0899714
1486011101169	0.7221442	0.5482985	-0.41204798	0.08996178
1486021519711	0.72212446	0.548265	-0.41212368	0.08997702
1486027560075	0.7221018	0.5482293	-0.41219747	0.090038195
1486040932836	0.7221003	0.5482104	-0.41221452	0.090087436
1486044995961	0.72209275	0.54819876	-0.41222167	0.0901863
1486059031377	0.7220947	0.548184	-0.41223416	0.09020307
1486064232471	0.72209984	0.54812086	-0.41230336	0.090229504
1486075682211	0.7221072	0.5480883	-0.41233227	0.090236776
1486090682211	0.7221236	0.5479385	-0.41247538	0.09036014
1486096432992	0.7221236	0.5479385	-0.41247538	0.09036014
1486107865596	0.72211486	0.54791147	-0.4125204	0.09038831
1486118656325	0.7220827	0.5478855	-0.4126015	0.09043384
1486126110752	0.72201073	0.5479328	-0.41264322	0.09053042
1486138056534	0.72196394	0.5479578	-0.4126672	0.09064309
1486147236794	0.721904	0.5479683	-0.41271654	0.09083265
1486158005023	0.72187555	0.54793704	-0.41279072	0.090910226
1486165004346	0.72185916	0.54787886	-0.41289017	0.09093884
1486176364554	0.7218479	0.54785615	-0.41293174	0.09097662
1486185705179	0.72179717	0.5479015	-0.4129483	0.09103018
1486200705179	0.72166353	0.5480429	-0.41295254	0.09122024
1486215420596	0.72166353	0.5480429	-0.41295254	0.09122024
1486215502419	0.72166353	0.5480429	-0.41295254	0.09122024
1486224578981	0.7216663	0.5480398	-0.4129524	0.09121715
1486235599086	0.72163975	0.5480901	-0.41291726	0.0912836
1486242401846	0.721577	0.5481869	-0.41289097	0.09131721
1486251697679	0.7215414	0.5482336	-0.41288546	0.09134304
1486261628356	0.72149175	0.5483033	-0.4128716	0.09137936
1486270223929	0.72143346	0.5483977	-0.41283578	0.09143546
1486280446638	0.72139883	0.54846394	-0.4128013	0.091466665
1486295446638	0.7212196	0.5488158	-0.41260764	0.09164324
1486310446638	0.7212196	0.5488158	-0.41260764	0.09164324
1486311980284	0.7212196	0.5488158	-0.41260764	0.09164324
1486316045075	0.7212273	0.5488114	-0.41260025	0.091642454
1486329078929	0.72122693	0.5488274	-0.41258067	0.09163703
1486340691221	0.72118753	0.5489169	-0.41253525	0.091617055
1486351800284	0.7211756	0.5489793	-0.41247764	0.091595456
1486357910492	0.72118235	0.5490029	-0.4124402	0.09156932
1486371709815	0.72118044	0.5490091	-0.41244316	0.09153384
1486379492836	0.72123295	0.54896414	-0.41242802	0.091458775
1486390642575	0.72125834	0.54894584	-0.4124106	0.091446206
1486398841429	0.7212855	0.5489304	-0.41237947	0.09146438
1486409981794	0.7213175	0.548884	-0.41238344	0.09147362
1486418250492	0.721343	0.5488135	-0.41243497	0.091463305
1486429275023	0.72136533	0.5487313	-0.41249788	0.091496415
1486437793981	0.72135055	0.54869854	-0.41255063	0.091570996
1486452793981	0.72128135	0.54870325	-0.41263163	0.09172274
1486459988721	0.72128135	0.54870325	-0.41263163	0.09172274
1486465290961	0.72123635	0.5487524	-0.41262844	0.091796756
1486479430700	0.7211871	0.5488063	-0.41262028	0.091898285
1486488700856	0.7210538	0.54895234	-0.41259375	0.09219116
1486496413148	0.7209869	0.54901594	-0.41257814	0.09240509
1486502684763	0.7209534	0.5490427	-0.41256514	0.09256515
1486513363304	0.7209393	0.54901576	-0.41260952	0.09263778
1486522004502	0.7209305	0.5489526	-0.4126954	0.092697695
1486535144033	0.7209538	0.54888535	-0.41273633	0.09273238
1486538815127	0.7209768	0.5488538	-0.41273636	0.09273969
1486553815127	0.72098714	0.54884356	-0.41273135	0.09274298
1486559007679	0.7210274	0.5487985	-0.41271868	0.092753075
1486570664398	0.72105134	0.5487644	-0.41272765	0.09272845
1486585664398	0.72107923	0.54875475	-0.4127071	0.09265975
1486594736742	0.72107923	0.54875475	-0.4127071	0.09265975
1486600403513	0.72113127	0.54872125	-0.41267562	0.09259335
1486613926586	0.721184	0.5487018	-0.4126205	0.09254402
1486623377627	0.72129536	0.5486943	-0.4124575	0.0924465
1486627583513	0.7213626	0.5487252	-0.412314	0.09237948
1486639294763	0.72140753	0.5487358	-0.41222966	0.092341825
1486648351377	0.7214594	0.5487578	-0.41212565	0.09226993
1486657704554	0.7215077	0.5487588	-0.4120565	0.092194915
1486667114658	0.721545	0.54877317	-0.4119827	0.09214785
1486677771429	0.72155565	0.54882056	-0.41191375	0.092090465
1486689204658	0.72155994	0.54887694	-0.41184732	0.09201735
1486694868929	0.7215707	0.5489457	-0.41174772	0.09196857
1486706505283	0.7215678	0.5490028	-0.41167828	0.09196141
1486717120231	0.7215212	0.5491316	-0.41158274	0.09198592
1486723626898	0.7214976	0.5492146	-0.41150254	0.0920342
1486733005700	0.7214715	0.5492899	-0.41143513	0.0920915
1486742869346	0.7214321	0.5494102	-0.41131783	0.09220474
1486752403044	0.7214272	0.54948324	-0.41121548	0.0922652
1486761260335	0.72143483	0.54951847	-0.41115254	0.09227612
1486772182471	0.72146326	0.5495111	-0.4111174	0.0922551
1486782065700	0.7215074	0.549498	-0.41106987	0.09219961
1486794393200	0.7215695	0.5494652	-0.4110149	0.09215407
1486801959450	0.7215866	0.54950047	-0.41094488	0.092121325
1486811569815	0.72160053	0.54951113	-0.4109102	0.092103094
1486823097210	0.72163415	0.5495069	-0.410858	0.09209864
1486832177731	0.72165143	0.54953516	-0.41079384	0.09208051
1486842198356	0.7216643	0.5495457	-0.41076377	0.09205153
1486851418981	0.72166467	0.5495643	-0.41075212	0.0919884
1486860367992	0.7216946	0.5495218	-0.41077694	0.09189717
1486871898460	0.72173274	0.5494652	-0.41080412	0.091814354
1486884178617	0.7217741	0.5494047	-0.41083273	0.09172318
1486893090804	0.7218029	0.5493734	-0.41083837	0.09165915
1486900026325	0.7218061	0.54937124	-0.41084436	0.091620035
1486910442731	0.72177994	0.5494054	-0.41085163	0.09158887
1486919202471	0.72173464	0.5494732	-0.41084102	0.091585696
1486930318721	0.7217024	0.5495343	-0.4108133	0.09159793
1486939773669	0.72165257	0.5496155	-0.4107887	0.091613725
1486947825804	0.7216402	0.54964	-0.41077134	0.09164153
1486954283565	0.7216306	0.54964906	-0.4107737	0.09165297
1486963926846	0.721633	0.5496424	-0.41078427	0.0916265
1486974715231	0.721641	0.54961777	-0.4108191	0.09155523
1486982853617	0.7216708	0.54954034	-0.41089252	0.091456056
1486997853617	0.7217013	0.54947907	-0.41093788	0.09137955
1487012853617	0.7217231	0.5494373	-0.41097856	0.09127478
1487027853617	0.72171426	0.549451	-0.4110211	0.09107099
1487029516377	0.72171426	0.549451	-0.4110211	0.09107099
1487037729606	0.7217356	0.5494221	-0.41102618	0.09105346
1487043378825	0.7217512	0.5493956	-0.4110471	0.0909948
1487052579919	0.72177297	0.5493565	-0.4110741	0.09093624
1487062258200	0.72177726	0.5493276	-0.41112095	0.09086464
1487072234085	0.7218127	0.5492683	-0.4111502	0.0908092
1487084350596	0.7218463	0.5492212	-0.41116604	0.09075591
1487092364971	0.72184473	0.54919475	-0.4112197	0.09068421
1487101786481	0.7218496	0.54917955	-0.41124168	0.09063851
1487111600231	0.72183025	0.54919827	-0.4112557	0.09061616
1487122554294	0.72181916	0.54920775	-0.41126943	0.09058447
1487131357731	0.72182715	0.5491894	-0.41129673	0.090507105
1487142189606	0.721824	0.5491864	-0.41131756	0.09045607
1487150980075	0.72184014	0.5491621	-0.41133508	0.09039591
1487161509762	0.7218481	0.54914796	-0.41135108	0.090345085
1487171591169	0.7218682	0.549114	-0.41136888	0.09030939
1487180950752	0.7218705	0.5490923	-0.41140738	0.09024742
1487189937054	0.72184896	0.5491099	-0.4114353	0.09018565
1487198845179	0.7218525	0.5490943	-0.41146088	0.09013576
1487205892471	0.7218554	0.54909515	-0.41146004	0.09011073
1487215327887	0.7218557	0.5490913	-0.4114671	0.090099424
1487225001637	0.7218495	0.54909587	-0.41147125	0.09010275
1487235300700	0.7218363	0.54909724	-0.41149408	0.09009549
1487244345544	0.7218338	0.549072	-0.4115341	0.090086445
1487254984867	0.7218017	0.5490919	-0.41156512	0.09008115
1487264307939	0.7217647	0.549106	-0.41161186	0.090078704
1487273647939	0.72171867	0.54913026	-0.411658	0.09008824
1487286759137	0.7216952	0.549138	-0.4116918	0.09007434
1487295039710	0.72164845	0.549173	-0.41171977	0.09010781
1487305416325	0.721605	0.549216	-0.4117295	0.090149194
1487315568721	0.72155154	0.5492609	-0.4117506	0.09020712
1487325785648	0.7215364	0.5492422	-0.411794	0.09024328
1487335002158	0.72153175	0.54921085	-0.41184142	0.09025613
1487345147783	0.7215364	0.5491924	-0.4118552	0.090268075
1487356111637	0.72153044	0.54919934	-0.41185308	0.090283416
1487368517314	0.7215107	0.549231	-0.41183746	0.09031902
1487380096846	0.7214505	0.5493126	-0.4118281	0.09034687
1487386534971	0.7213783	0.5494124	-0.41181585	0.090372026
1487401534971	0.721304	0.5495323	-0.41177192	0.090436175
1487408973721	0.721304	0.5495323	-0.41177192	0.090436175
1487416221169	0.72127753	0.54956484	-0.41177216	0.09044829
1487422453929	0.7212504	0.5495877	-0.4117851	0.090466715
1487437171846	0.7212264	0.54962194	-0.41176954	0.09052131
1487446257366	0.7211811	0.54971725	-0.4117024	0.09060883
1487454140700	0.7211565	0.5497689	-0.41166583	0.09065769
1487461048096	0.72114116	0.5497949	-0.4116529	0.090680115
1487472220023	0.72114444	0.5497985	-0.4116426	0.09068001
1487481236273	0.72113377	0.54981995	-0.41162723	0.09070312
1487496236273	0.72121066	0.5497137	-0.41162187	0.09076169
1487502764241	0.72121066	0.5497137	-0.41162187	0.09076169
1487510509346	0.7212325	0.5496884	-0.41161698	0.09076321
1487523016533	0.7212735	0.54962933	-0.41162765	0.09074625
1487530502418	0.7213442	0.5495404	-0.41161215	0.09079279
1487543385700	0.7213514	0.5495187	-0.41162398	0.09081434
1487549877575	0.72136325	0.549484	-0.4116428	0.09084432
1487561382991	0.721391	0.54942846	-0.4116674	0.090848215
1487573064398	0.7213848	0.5494001	-0.41171533	0.09085132
1487581458668	0.7214083	0.54933846	-0.41175362	0.09086407
1487592474293	0.72143	0.5492826	-0.41179112	0.09085929
1487600476325	0.72145665	0.54922646	-0.4118141	0.09088339
1487611286481	0.7214934	0.5491684	-0.41182753	0.09088126
1487619757575	0.721491	0.5491613	-0.41183653	0.09090266
1487631783668	0.7214984	0.54913425	-0.41185987	0.09090118
1487637315179	0.7215322	0.5490435	-0.41192755	0.09087516
1487651035596	0.72154194	0.54900706	-0.411962	0.09086209
1487658720231	0.7215863	0.5488897	-0.41205502	0.09079683
1487673720231	0.72167385	0.5486906	-0.41218138	0.09073012
1487679451221	0.72167385	0.5486906	-0.41218138	0.09073012
1487694451221	0.7216948	0.548649	-0.41214672	0.09097234
1487709451221	0.7216948	0.548649	-0.41214672	0.09097234
1487716105283	0.7216948	0.548649	-0.41214672	0.09097234
1487716182314	0.7216948	0.548649	-0.41214672	0.09097234
1487721205283	0.7217149	0.54862404	-0.41214758	0.090960085
1487736205283	0.72169304	0.5486477	-0.41214502	0.09100236
1487741077366	0.72170407	0.5486049	-0.41217673	0.0910289
1487756077366	0.72170144	0.5486042	-0.41218087	0.09103508
1487763999345	0.7217398	0.54853195	-0.41221786	0.090999775
1487772015179	0.72172517	0.54852784	-0.412252	0.09098592
1487782487523	0.7217004	0.5485452	-0.41227624	0.09096731
1487795867627	0.72169155	0.54853433	-0.41230753	0.0909611
1487803696429	0.72168386	0.5484911	-0.41237625	0.09097175
1487814853512	0.7217034	0.54844064	-0.412413	0.09095469
1487823284710	0.7217041	0.54840684	-0.41244778	0.09099521
1487834554710	0.721676	0.54841274	-0.41247392	0.09106306
1487841212054	0.72162384	0.5484331	-0.41251662	0.091161266
1487853811741	0.7215921	0.5484468	-0.41254666	0.0911931
1487861407835	0.7215358	0.5484814	-0.41258705	0.09124796
1487874092627	0.721499	0.54850924	-0.4126109	0.091264516
1487880616429	0.7214287	0.54856056	-0.41265887	0.09129481
1487894937314	0.7214026	0.5485637	-0.41269717	0.09130918
1487900140804	0.721348	0.5486019	-0.41272077	0.09140319
1487913045127	0.7213486	0.54859006	-0.41273105	0.09142431
1487920718825	0.72132397	0.5486007	-0.41275433	0.09144878
1487928491689	0.7213165	0.5486033	-0.41276318	0.09145212
1487937655804	0.72132176	0.54859996	-0.41275182	0.09148158
1487952655804	0.72130984	0.548633	-0.41273174	0.091469295
1487958231220	0.72130984	0.548633	-0.41273174	0.091469295
1487963187418	0.72130597	0.54864794	-0.41272244	0.091452226
1487978187418	0.7212691	0.54869646	-0.41273734	0.09138384
1487985156481	0.7212691	0.54869646	-0.41273734	0.09138384
1488000156481	0.7212068	0.5487837	-0.41272855	0.091391444
1488007469814	0.7212068	0.5487837	-0.41272855	0.091391444
1488012982835	0.72119504	0.5488101	-0.41271153	0.09140317
1488027835179	0.7212079	0.54880303	-0.41270006	0.09139492
1488035547418	0.72115886	0.5488531	-0.41273218	0.09133641
1488050547418	0.72111326	0.5488741	-0.41280177	0.09125607
1488058636325	0.72111326	0.5488741	-0.41280177	0.09125607
1488065589241	0.7211077	0.5488665	-0.41282997	0.09121798
1488076894866	0.72108585	0.54888827	-0.4128428	0.09120199
1488091894866	0.72095186	0.5490273	-0.41289353	0.0911947
1488106894866	0.72095186	0.5490273	-0.41289353	0.0911947
1488107018043	0.72095186	0.5490273	-0.41289353	0.0911947
1488113948564	0.7209626	0.54901075	-0.412899	0.0911847
1488124628929	0.72099787	0.54896915	-0.41290602	0.091124006
1488133917991	0.7209577	0.549034	-0.412886	0.09114259
1488144925335	0.72095686	0.5490492	-0.41286507	0.091152556
1488151301377	0.7209415	0.54907566	-0.41285422	0.09116372
1488160627575	0.7209398	0.5490639	-0.41287974	0.091131926
1488170067731	0.7209386	0.5490404	-0.41292003	0.091100566
1488180226533	0.7209384	0.54902166	-0.4129611	0.091028795
1488189583147	0.7209844	0.5489276	-0.41302612	0.090936296
1488201014606	0.72102195	0.5488695	-0.4130499	0.090881735
1488210803824	0.7210641	0.5488193	-0.41305763	0.09081562
1488219069918	0.72109	0.5487789	-0.41307545	0.09077279
1488230633772	0.7211024	0.54875726	-0.4130929	0.090725504
1488241622054	0.72112745	0.54872555	-0.41310957	0.09064236
1488249401377	0.7211329	0.54873073	-0.41310087	0.090607114
1488260515908	0.7211195	0.5487433	-0.4131133	0.090580836
1488269795439	0.7211133	0.5487325	-0.4131439	0.090555884
1488276003043	0.72114754	0.54867464	-0.41316813	0.09052325
1488290610804	0.7211686	0.5486576	-0.41314796	0.09055165
1488298288095	0.7211793	0.5486502	-0.4131229	0.09062488
1488309167054	0.72119004	0.5486126	-0.41315305	0.09063015
1488319032158	0.72115016	0.5486219	-0.413207	0.09064448
1488326732574	0.7211232	0.54861355	-0.4132692	0.09062612
1488341732574	0.7211478	0.5485559	-0.4133271	0.09051515
1488348276585	0.7211478	0.5485559	-0.4133271	0.09051515
1488353918043	0.72117627	0.5485174	-0.4133352	0.09048451
1488367598043	0.7211795	0.5485187	-0.4133307	0.09047112
1488374553252	0.7211556	0.54856735	-0.41331792	0.090425715
1488382423408	0.72116	0.5485682	-0.41331628	0.0903935
1488395821897	0.7211389	0.5486101	-0.41330686	0.0903509
1488410821897	0.7209222	0.5489221	-0.41326347	0.09038288
1488425821897	0.7209222	0.5489221	-0.41326347	0.09038288
1488431431064	0.72076184	0.5491881	-0.41315705	0.090532735
1488431517991	0.72076184	0.5491881	-0.41315705	0.090532735
1488440182158	0.72075963	0.5491975	-0.41314736	0.09053682
1488452296585	0.7207131	0.54925495	-0.41315052	0.09054508
1488461825543	0.7206751	0.54930043	-0.41314974	0.09057442
1488471765074	0.72063434	0.5493526	-0.4131414	0.09062064
1488483641481	0.7206	0.5493926	-0.413138	0.090667106
1488498641481	0.72054416	0.5494473	-0.4131534	0.090709426
1488504326949	0.7205065	0.5494704	-0.41316575	0.09081243
1488509810179	0.7205055	0.5494672	-0.41316622	0.090837374
1488523473668	0.72050726	0.5494659	-0.41316587	0.090832055
1488530075908	0.7205314	0.5494316	-0.41316503	0.090852655
1488541506220	0.7205616	0.5493952	-0.41316316	0.0908413
1488550581012	0.7206067	0.54934204	-0.41315648	0.09083563
1488562293304	0.7206627	0.5492611	-0.41317755	0.09078496
1488568192522	0.7207247	0.5491476	-0.4132388	0.09070088
1488579077835	0.72076315	0.54908293	-0.41326573	0.0906641
1488590302470	0.72080296	0.5490243	-0.41328195	0.09062816
1488596611220	0.72082573	0.5490122	-0.41326335	0.09060584
1488605804970	0.7208332	0.5490119	-0.41325378	0.09059197
1488616249293	0.72083026	0.54904693	-0.41321954	0.090558305
1488624712366	0.72084737	0.5490736	-0.41316047	0.090530336
1488635442314	0.7208424	0.54911596	-0.41311097	0.09053834
1488641835543	0.7208402	0.54914	-0.41309062	0.09050312
1488652173408	0.7208503	0.54912114	-0.41310465	0.09047422
1488661585126	0.7208382	0.5491507	-0.41308114	0.090497345
1488672102053	0.7208291	0.54917145	-0.41306198	0.09053138
1488681114137	0.72083616	0.5491721	-0.41303858	0.09057802
1488692698460	0.7208438	0.5491643	-0.4130332	0.09058919
1488702111533	0.7208411	0.54915595	-0.41304708	0.09059844
1488712043668	0.72083527	0.54914623	-0.4130693	0.09060177
1488722152887	0.7208291	0.5491354	-0.41308615	0.09063959
1488732204710	0.7208274	0.5491073	-0.4131224	0.09065853
1488741524501	0.7208065	0.54909503	-0.41316304	0.090713635
1488751018876	0.72081345	0.549059	-0.413194	0.090736374
1488760577001	0.72079444	0.5490691	-0.41320693	0.09076713
1488769771637	0.7208172	0.54901236	-0.41323313	0.09080914
1488778064137	0.72085065	0.5489497	-0.41325995	0.090800956
1488789828303	0.72086596	0.5489255	-0.41326472	0.090803586
1488800382574	0.72086906	0.5488994	-0.41329965	0.09077859
1488808938824	0.7208597	0.54889554	-0.41332364	0.09076673
1488820211324	0.7208918	0.5488355	-0.41334936	0.09075755
1488826937678	0.72093785	0.5487371	-0.41340464	0.090734914
1488838282887	0.72099555	0.5486342	-0.41344255	0.09072642
1488848643408	0.7210313	0.5485448	-0.41349876	0.09072594
1488857651949	0.7210594	0.54847145	-0.413553	0.09069988
1488868131272	0.7210637	0.5484354	-0.41359964	0.09067119
1488875366064	0.7210842	0.54837745	-0.41365013	0.090628296
1488888557001	0.7210767	0.5483816	-0.41365644	0.09063344
1488893383199	0.7210478	0.54842645	-0.4136528	0.09060801
1488908383199	0.7210308	0.54845965	-0.41363388	0.09062993
1488913300960	0.72093457	0.54862034	-0.4135671	0.0907273
1488923797105	0.7208886	0.54868805	-0.41354424	0.090787135
1488932601480	0.72081876	0.5487801	-0.41352963	0.09085143
1488943200439	0.72076505	0.5488272	-0.41355428	0.09088103
1488952644345	0.7206752	0.54890096	-0.4136039	0.0909224
1488963401949	0.7206077	0.5489545	-0.41363555	0.09099068
1488974910387	0.72053623	0.5490084	-0.41367278	0.09106095
1488984051220	0.72044533	0.5491059	-0.41368324	0.09114505
1488992252835	0.7203691	0.54919755	-0.41367048	0.091253
1489002997678	0.72029483	0.54927903	-0.41367328	0.09133629
1489012671064	0.7202064	0.54937947	-0.4136746	0.091424264
1489023415908	0.7201585	0.54942316	-0.41369155	0.09146179
1489032047366	0.7201502	0.54941106	-0.4137205	0.09146966
1489042691793	0.7201421	0.5493908	-0.41375944	0.091478184
1489050941324	0.72014713	0.54934615	-0.41381016	0.09147827
1489060777262	0.72016317	0.5492968	-0.4138403	0.091511115
1489071191585	0.7201745	0.5492502	-0.4138766	0.09153779
1489080700074	0.72022766	0.54913473	-0.41394126	0.09151953
1489091301012	0.72028047	0.5490364	-0.41398418	0.091499835
1489098072678	0.7203073	0.5489666	-0.41404438	0.09143593
1489109509657	0.72034615	0.54891473	-0.41405565	0.09138951
1489120071480	0.7203587	0.5488836	-0.4140802	0.09136618
1489128239345	0.7203621	0.54885745	-0.41411737	0.09132773
1489138725647	0.72035766	0.54886174	-0.41411808	0.09133433
1489146819397	0.7203244	0.54889107	-0.41412944	0.091368586
1489156362835	0.72028893	0.54892236	-0.41413778	0.09142255
1489165415126	0.7202511	0.5489606	-0.41414195	0.091472246
1489175830387	0.7202035	0.5490087	-0.4141545	0.09150132
1489184642991	0.720168	0.5490433	-0.41416693	0.09151712
1489195280491	0.72011834	0.5491061	-0.41416317	0.09154814
1489204239241	0.720054	0.5491847	-0.41414714	0.09165499
1489215277470	0.7199929	0.54926187	-0.4141321	0.09174015
1489226969970	0.71992284	0.5493277	-0.4141496	0.091816865
1489234078043	0.71989346	0.549348	-0.41415873	0.09188489
1489244159032	0.7198476	0.5494129	-0.41414267	0.09192813
1489254533251	0.71983826	0.5494357	-0.41412067	0.091964625
1489264115959	0.71986955	0.5494169	-0.41409117	0.09196453
1489274230699	0.71988076	0.5494276	-0.4140637	0.09193648
1489286276637	0.71989053	0.5494469	-0.41402254	0.09192974
1489291554345	0.719917	0.54945964	-0.41396463	0.091907665
1489303252001	0.71994394	0.5494371	-0.41395345	0.09188135
1489312934970	0.72000057	0.54939747	-0.4139145	0.09185006
1489323343512	0.720014	0.5494167	-0.41386703	0.09184407
1489332427418	0.7200586	0.5493929	-0.41382474	0.09182745
1489342804293	0.72008604	0.54938257	-0.41379702	0.09179845
1489351816168	0.7201438	0.54932725	-0.41378832	0.091715895
1489361583512	0.72020286	0.5492624	-0.41378182	0.09166956
1489371375803	0.7202489	0.5492009	-0.41379791	0.091603935
1489381808407	0.7202861	0.54914606	-0.41381282	0.09157335
1489390491272	0.72033066	0.54906994	-0.41384974	0.09151208
1489401083980	0.72035307	0.549025	-0.41387504	0.09149059
1489410924762	0.720387	0.54898196	-0.41387218	0.09149458
1489416045491	0.72035885	0.549007	-0.4138866	0.09150133
1489427102105	0.72034186	0.5490195	-0.4138951	0.09152159
1489437744970	0.7202979	0.5490708	-0.41388702	0.09159639
1489446220074	0.7202139	0.5491737	-0.4138777	0.09168129
1489456603980	0.7201776	0.5492119	-0.41387182	0.09176405
1489468161324	0.7201182	0.549291	-0.41384932	0.091858394
1489477380907	0.7200734	0.549353	-0.41382924	0.09192998
1489490042470	0.7200702	0.54936737	-0.41381112	0.091950506
1489495096220	0.7200395	0.5494171	-0.41380602	0.09191681
1489506889709	0.7200419	0.54942775	-0.41378978	0.09190705
1489516518303	0.7200939	0.549381	-0.4137722	0.091858
1489528504189	0.7201581	0.54931587	-0.41375616	0.091816574
1489533397418	0.7202669	0.54920566	-0.41371462	0.09180936
1489545460751	0.72030056	0.5491743	-0.41369835	0.091805734
1489555704084	0.72040033	0.5490725	-0.41366357	0.091788664
1489562410647	0.7204618	0.5490095	-0.4136496	0.09174743
1489573865699	0.72047985	0.54897624	-0.41367093	0.09170835
1489588865699	0.72057426	0.54884666	-0.41370702	0.09157813
1489598628668	0.72057426	0.54884666	-0.41370702	0.09157813
1489604138303	0.7205939	0.54881823	-0.41371092	0.09157646
1489617212939	0.7205867	0.5488271	-0.41370913	0.09158732
1489625713199	0.7205528	0.5488728	-0.41369423	0.09164881
1489640713199	0.72032034	0.54917765	-0.41362482	0.09196219
1489654118251	0.72032034	0.54917765	-0.41362482	0.09196219
1489654199709	0.72032034	0.54917765	-0.41362482	0.09196219
1489658222730	0.7203357	0.5491616	-0.41362125	0.09195346
1489673222730	0.72033924	0.5491645	-0.41361067	0.09195704
1489678679605	0.72023946	0.54932314	-0.41355097	0.09205945
1489693679605	0.7200228	0.5495825	-0.41353706	0.09226846
1489708679605	0.7200228	0.5495825	-0.41353706	0.09226846
1489713058668	0.7200228	0.5495825	-0.41353706	0.09226846
1489717060438	0.7200224	0.54958487	-0.41353738	0.092255555
1489730019918	0.7200291	0.54957926	-0.4135387	0.092231184
1489745019918	0.7199397	0.54976165	-0.41345385	0.09222263
1489752903824	0.7199397	0.54976165	-0.41345385	0.09222263
1489760055022	0.71993315	0.549789	-0.41343468	0.09219639
1489772487105	0.7199302	0.5498084	-0.41341677	0.092184514
1489777823355	0.71993387	0.54983	-0.41338694	0.09216008
1489790985230	0.7199445	0.54983616	-0.4133623	0.09215083
1489802107991	0.7199722	0.5498492	-0.4133048	0.09211454
1489808097418	0.719985	0.54983926	-0.41330454	0.09207478
1489821809605	0.7199947	0.5498279	-0.41330367	0.09207065
1489827889397	0.72003937	0.5497643	-0.41331202	0.09206409
1489841157991	0.72005	0.54974884	-0.41331524	0.09205859
1489848901845	0.72006017	0.5497382	-0.41331849	0.09202794
1489859877209	0.72007453	0.54971445	-0.4133289	0.092010915
1489867554761	0.72007394	0.54972136	-0.41332126	0.092008874
1489880142105	0.72006494	0.5497212	-0.41333345	0.09202563
1489895142105	0.7200001	0.5497263	-0.4134283	0.09207615
1489897785751	0.7200001	0.5497263	-0.4134283	0.09207615
1489904828876	0.72001195	0.54970276	-0.41344222	0.09206159
1489919828876	0.71999985	0.5496765	-0.4135056	0.09202766
1489932879918	0.7199553	0.5496335	-0.41364822	0.0919919
1489932984397	0.7199553	0.5496335	-0.41364822	0.0919919
1489945251168	0.7199717	0.54961175	-0.41365147	0.09197931
1489950265543	0.71990573	0.54963845	-0.41372114	0.09202318
1489965265543	0.7197149	0.5498	-0.41381362	0.09213557
1489971530699	0.7197149	0.5498	-0.41381362	0.09213557
1489984980334	0.71966344	0.54983747	-0.4138468	0.092164256
1489990162157	0.7195884	0.54987454	-0.41391745	0.09221142
1490002318043	0.7195756	0.549876	-0.41393617	0.092218824
1490012986272	0.71952534	0.54991686	-0.41396198	0.09225078
1490022275543	0.7195012	0.5499532	-0.41395473	0.09225505
1490035030907	0.71949714	0.5499504	-0.41396722	0.09224742
1490038709970	0.71951485	0.5499087	-0.41400486	0.09218881
1490049531897	0.7195259	0.5498966	-0.41400906	0.09215663
1490058258251	0.7195243	0.5499277	-0.41397807	0.09212171
1490071540751	0.7195354	0.54994804	-0.41394097	0.09208046
1490084001115	0.7195012	0.5500326	-0.41389558	0.09204719
1490099001115	0.71946514	0.5501176	-0.41384557	0.09204572
1490110472522	0.7194153	0.55022955	-0.41379035	0.09201449
1490111673668	0.7193872	0.55027664	-0.41378093	0.091995776
1490119594032	0.7194008	0.5502628	-0.41377807	0.09198422
1490131280022	0.7193711	0.55029196	-0.41379187	0.091980934
1490139050699	0.71936315	0.5502884	-0.41380805	0.09199117
1490148461897	0.7193515	0.55030143	-0.41380757	0.09200655
1490159013720	0.71931046	0.5503515	-0.41379976	0.092062116
1490168111376	0.7192467	0.5504379	-0.41377646	0.09214842
1490172010490	0.7191925	0.55049187	-0.4137897	0.092189714
1490185585126	0.7192061	0.550464	-0.41380343	0.092189044
1490192071376	0.7191454	0.55050236	-0.413845	0.09224691
1490201938147	0.719139	0.55049133	-0.4138653	0.09227081
1490210773824	0.7191277	0.55048716	-0.4138749	0.09234064
1490222715386	0.71907276	0.5505343	-0.41389284	0.09240735
1490232794292	0.7190068	0.5505857	-0.41392022	0.09249201
1490242850230	0.7189881	0.55056626	-0.41396683	0.09254364
1490253038147	0.7190001	0.55051666	-0.41400596	0.09257075
1490260083824	0.7189795	0.55051094	-0.41403887	0.09261784
1490270866115	0.7189582	0.5505221	-0.41405693	0.09263598
1490280344501	0.7189644	0.5504793	-0.41411197	0.09259625
1490291611480	0.71900773	0.55040485	-0.4141414	0.09257096
1490300964501	0.71907413	0.55028814	-0.41418827	0.09253915
1490310210178	0.7191294	0.5501978	-0.4142146	0.09252896
1490320250438	0.71917737	0.5501188	-0.41423607	0.09252966
1490330303511	0.7192209	0.550047	-0.41425195	0.09254729
1490340002626	0.71926486	0.5499848	-0.4142525	0.09257236
1490349260699	0.71927416	0.5499736	-0.41424158	0.09261566
1490358656949	0.7192709	0.5499825	-0.41422057	0.0926823
1490367151897	0.71923834	0.5500055	-0.41422865	0.09276257
1490378273876	0.7192371	0.5500039	-0.41422242	0.09280927
1490387972574	0.7192069	0.550033	-0.41422015	0.092880346
1490395600438	0.71920174	0.5500308	-0.41421956	0.09293667
1490405097782	0.7191723	0.550063	-0.4142193	0.09297501
1490417665542	0.71916133	0.5500814	-0.4142041	0.0930188
1490423045490	0.7191091	0.5501384	-0.41419163	0.09314054
1490433911792	0.7190953	0.550148	-0.41419572	0.093172945
1490443717157	0.7190587	0.55017924	-0.41420114	0.0932464
1490453432261	0.71904576	0.5501957	-0.41419098	0.09329399
1490462692053	0.7190367	0.55023545	-0.41414252	0.093344085
1490473101376	0.71903586	0.5502519	-0.41411486	0.09337667
1490485095907	0.7190307	0.55029917	-0.41404998	0.09342578
1490494719032	0.71901256	0.55035275	-0.4139956	0.0934907
1490504535907	0.7190118	0.5503696	-0.41396314	0.093541496
1490512296740	0.7190056	0.5503822	-0.41395116	0.09356845
1490522905022	0.71903974	0.5503416	-0.41394958	0.093550965
1490532994553	0.71905166	0.5503254	-0.4139418	0.0935892
1490541667365	0.7190837	0.5503054	-0.41391	0.0936003
1490552605959	0.7190599	0.55036837	-0.41384974	0.093679816
1490562000855	0.7190703	0.5503889	-0.41377965	0.09378944
1490571380282	0.71907455	0.55039215	-0.41374937	0.0938716
1490581620751	0.7190766	0.5503854	-0.41373062	0.09397705
1490591445490	0.71908516	0.5503551	-0.41373655	0.09406417
1490601264813	0.7190998	0.5503122	-0.41376388	0.09408262
1490610508563	0.7191171	0.55026436	-0.4137889	0.09411982
1490620736584	0.7191628	0.5501885	-0.41380495	0.09414316
1490630407365	0.71918815	0.55011874	-0.41384158	0.09419612
1490640039813	0.7192116	0.5500643	-0.41385767	0.09426498
1490650096896	0.7192119	0.5500454	-0.41386345	0.09434762
1490655691219	0.7192	0.5500231	-0.41390216	0.09439847
1490666513511	0.7192188	0.54997814	-0.41392514	0.09441627
1490676273719	0.7191854	0.54997784	-0.41397873	0.09443728
1490687793199	0.7191801	0.54996175	-0.41399863	0.094483696
1490695659240	0.7191652	0.54996395	-0.4140066	0.09455019
1490707097313	0.7191449	0.54997987	-0.41401133	0.09459121
1490718824865	0.7191272	0.5500001	-0.41400144	0.09465158
1490727480126	0.7191186	0.5500325	-0.4139525	0.094742775
1490737446011	0.7191545	0.5500138	-0.41390374	0.094791256
1490746361740	0.71915925	0.55003047	-0.41386032	0.09484806
1490756274865	0.7191813	0.5500156	-0.41384754	0.09482257
1490767256688	0.719246	0.54995567	-0.41381758	0.094811045
1490775643407	0.71929425	0.5499082	-0.41380417	0.09477862
1490785359188	0.7193576	0.5498455	-0.41378322	0.09475237
1490795010230	0.71944445	0.5497401	-0.41379154	0.09466928
1490804700126	0.7195279	0.54962075	-0.41382608	0.09457692
1490814521219	0.7195904	0.54952985	-0.41385397	0.09450604
1490824170073	0.7196487	0.54944307	-0.41388097	0.09444884
1490833839657	0.71969527	0.5493692	-0.41390836	0.09440403
1490843480855	0.7197598	0.5492798	-0.41391706	0.09439376
1490853134396	0.7198066	0.54922235	-0.41391113	0.09439744
1490862313615	0.7198571	0.5491577	-0.41390106	0.09443341
1490871644709	0.7199044	0.54909486	-0.4138992	0.09444536
1490880121532	0.719917	0.5490647	-0.41390997	0.094478406
1490892522001	0.7199212	0.5490425	-0.4139257	0.0945062
1490898665021	0.71994305	0.5489719	-0.41397735	0.09452404
1490909728042	0.71996194	0.54892975	-0.41400635	0.09449695
1490921896323	0.719964	0.5489045	-0.41403598	0.09449818
1490931712365	0.7199667	0.54889	-0.41404742	0.0945116
1490939151115	0.7199479	0.5489177	-0.41403833	0.09453414
1490949378407	0.7199351	0.548934	-0.4140338	0.09455627
1490958787105	0.7199174	0.548939	-0.41405377	0.09457572
1490969353719	0.71990097	0.54894364	-0.41407368	0.094586566
1490979078615	0.7199344	0.54889935	-0.41408113	0.09455627
1490988749761	0.7199656	0.5488343	-0.4141247	0.0945051
1490996742573	0.7200156	0.5487502	-0.41416156	0.09445128
1491008003407	0.72009134	0.54864603	-0.4141832	0.09438377
1491017822469	0.72015446	0.54855	-0.4142124	0.09433239
1491027435750	0.7201962	0.54849553	-0.41421783	0.09430708
1491037108511	0.7202548	0.548424	-0.4142198	0.09426606
1491046793146	0.72027117	0.54841125	-0.41421926	0.09421749
1491056497105	0.72031623	0.54837114	-0.41420585	0.09416609
1491066548563	0.720353	0.5483531	-0.41417405	0.09412948
1491072043146	0.7204021	0.5483138	-0.4141528	0.09407535
1491086633823	0.72043896	0.5482687	-0.4141601	0.09402473
1491091642886	0.7204717	0.5481951	-0.4142202	0.09393768
1491102471063	0.7205058	0.5481395	-0.41424146	0.093906716
1491111869084	0.7205338	0.5480756	-0.41428137	0.093889706
1491122256896	0.72056335	0.54801035	-0.41432428	0.09385406
1491133437261	0.72057194	0.54795873	-0.41439062	0.093796805
1491143551584	0.7205622	0.54792064	-0.4144717	0.09373585
1491153573928	0.7205389	0.54792863	-0.41450784	0.09370824
1491162286688	0.72053564	0.5479239	-0.41452527	0.09368359
1491171914500	0.72049767	0.54798037	-0.4145154	0.09368949
1491181968198	0.7204697	0.5480243	-0.41451213	0.09366213
1491191965803	0.7204483	0.5480669	-0.41450205	0.0936213
1491201957886	0.7204325	0.5481154	-0.4144689	0.0936061
1491211136219	0.7203913	0.54818946	-0.4144429	0.09360501
1491221248303	0.7203825	0.54821515	-0.4144278	0.093588725
1491230861167	0.7203975	0.5481881	-0.41443843	0.09358564
1491240667417	0.7203777	0.5481969	-0.41445985	0.0935914
1491250414709	0.7203523	0.5482123	-0.41447973	0.093608215
1491259602209	0.72031546	0.5482381	-0.41451204	0.09359789
1491270096584	0.72028285	0.54824	-0.4145755	0.09355633
1491279470438	0.720241	0.5482646	-0.41462332	0.093522355
1491291125750	0.72018385	0.54833806	-0.4146226	0.093535274
1491298957209	0.7201487	0.5483646	-0.41465124	0.09352339
1491308526115	0.7200927	0.5484227	-0.41467243	0.09351909
1491317262105	0.72007835	0.5484267	-0.41470045	0.093482405
1491325755855	0.7200535	0.5484623	-0.41470504	0.09344412
1491335153094	0.720042	0.54849404	-0.41469175	0.09340543
1491344869084	0.72002596	0.54853076	-0.41468304	0.09335192
1491354530907	0.7200207	0.54855037	-0.41467294	0.09332318
1491364347782	0.7200266	0.5485321	-0.41468972	0.09331006
1491375569500	0.72003454	0.54850405	-0.4147196	0.09328107
1491385569500	0.72002995	0.54848236	-0.4147567	0.09327864
1491392469344	0.7200151	0.5484821	-0.4147787	0.093297005
1491405299032	0.720015	0.5484676	-0.41479465	0.09331239
1491415686584	0.720033	0.5484465	-0.41478592	0.09333614
1491426259344	0.72002673	0.5484625	-0.41476563	0.09338048
1491434380230	0.72003233	0.54845536	-0.4147588	0.09340971
1491444984917	0.72002816	0.5484637	-0.4147518	0.09342419
1491454481532	0.72003365	0.5484851	-0.41471142	0.093435
1491464037782	0.7200303	0.54851514	-0.41467	0.09346885
1491474561740	0.7200001	0.5485872	-0.41462347	0.09348508
1491485257261	0.71999496	0.54863554	-0.41456646	0.09349337
1491491685750	0.71999615	0.54868835	-0.41449627	0.09348567
1491502916063	0.719995	0.54871315	-0.41446668	0.09347941
1491512596271	0.7199579	0.5487892	-0.41443154	0.093474776
1491522354657	0.71995187	0.5487946	-0.4144392	0.09345562
1491532684032	0.7199308	0.5488276	-0.41443408	0.09344691
1491539052573	0.7199019	0.5488782	-0.41442004	0.09343504
1491549343094	0.7199076	0.54887754	-0.41441208	0.09342993
1491560049865	0.71986073	0.5489458	-0.41440237	0.09343298
1491567833823	0.71984303	0.5489745	-0.4143979	0.09342107
1491578177625	0.71984595	0.54899067	-0.41437224	0.09341737
1491588589240	0.71980876	0.5490443	-0.41436473	0.093421996
1491598614761	0.71976763	0.5490872	-0.41438416	0.09340054
1491607311688	0.71974725	0.54909503	-0.41441786	0.09336168
1491619288667	0.7197582	0.5490765	-0.414432	0.09332388
1491628909240	0.7197257	0.5491071	-0.41445732	0.09328225
1491639095490	0.7196829	0.5491502	-0.41448444	0.09323787
1491647425490	0.71966076	0.5491703	-0.41449854	0.09322772
1491657793459	0.71966827	0.54914916	-0.4145169	0.09321281
1491668270021	0.71964854	0.54915994	-0.41453925	0.093201995
1491677190646	0.7196175	0.5491871	-0.41455624	0.09320626
1491689210281	0.71961087	0.5491962	-0.41456038	0.09318567
1491695146375	0.7195931	0.54920197	-0.41459143	0.093150444
1491702996688	0.71960133	0.54919064	-0.41459802	0.09312421
1491715215542	0.71961004	0.549192	-0.4145823	0.09311881
1491725880854	0.7196184	0.5491977	-0.41455883	0.09312491
1491735399552	0.71966094	0.54914707	-0.41456467	0.093069226
1491745773771	0.7196587	0.5491509	-0.41456935	0.09304343
1491754267261	0.7197008	0.5490903	-0.4145887	0.092988685
1491763939761	0.719741	0.54903394	-0.41461104	0.09291128
1491774501323	0.71978825	0.54897416	-0.41462436	0.09283838
1491783424813	0.7198201	0.5489243	-0.41464925	0.092774786
1491794235281	0.71986246	0.5488452	-0.41468763	0.09274273
1491800588250	0.7199172	0.5487555	-0.41472328	0.09268922
1491810186792	0.7199511	0.5487064	-0.414736	0.092659384
1491820623511	0.7199753	0.5486549	-0.4147656	0.09264467
1491830916167	0.71999127	0.54860705	-0.4148125	0.09259292
1491839171115	0.7200058	0.5485582	-0.41486573	0.092530765
1491849463302	0.7200169	0.5485388	-0.41487905	0.09250011
1491859184656	0.7199667	0.5485694	-0.41492647	0.09249713
1491870575802	0.71992236	0.54858935	-0.41497138	0.092522055
1491880622417	0.71984446	0.54866713	-0.4149888	0.09258848
1491893106323	0.7197855	0.5487368	-0.41498378	0.09265724
1491896252313	0.7197129	0.54882985	-0.41495594	0.09279388
1491908816896	0.71971816	0.5488305	-0.4149425	0.09280933
1491919468302	0.7196512	0.5489182	-0.41492042	0.09290823
1491928895802	0.7196332	0.5489513	-0.41489336	0.09297316
1491940111792	0.7196461	0.54896516	-0.4148525	0.09297386
1491946702938	0.7196505	0.548996	-0.41480824	0.09295529
1491958107156	0.7196578	0.54899704	-0.41479886	0.09293551
1491968215177	0.7196681	0.54898405	-0.4148163	0.092853986
1491978561636	0.71967936	0.5489774	-0.41481388	0.092816986
1491987180906	0.719692	0.54897666	-0.41479978	0.092786446
1491997182729	0.7196689	0.54904455	-0.41474557	0.092805676
1492007643875	0.7196911	0.5490346	-0.4147247	0.092785776
1492017155490	0.7197196	0.54899704	-0.4147331	0.09274962
1492026034604	0.7197455	0.5489665	-0.41473386	0.09272562
1492036398198	0.71977353	0.5489326	-0.41472888	0.09273157
1492045428406	0.7198099	0.54889995	-0.41470948	0.09272918
1492053862573	0.71980983	0.5489044	-0.4147	0.0927459
1492061464604	0.71983147	0.54888433	-0.41468415	0.09276765
1492072502729	0.7198619	0.5488666	-0.41465452	0.09276869
1492081882104	0.7198754	0.54887295	-0.41462305	0.09276661
1492094354136	0.71988845	0.5488726	-0.4145987	0.09277671
1492099417365	0.71993655	0.5488399	-0.41456208	0.09275985
1492110522625	0.7199658	0.5488105	-0.414554	0.09274375
1492122878979	0.7199725	0.5488139	-0.41453707	0.09274672
1492132734344	0.719985	0.5488229	-0.41449693	0.09277558
1492142653198	0.7199723	0.5488484	-0.4144827	0.09278776
1492151274031	0.71993494	0.54890096	-0.41447076	0.09282021
1492160932625	0.7199241	0.54891616	-0.41446182	0.092854135
1492171790750	0.71992064	0.5489165	-0.4144631	0.09287308
1492182147469	0.71989685	0.54893756	-0.414468	0.092910945
1492190378250	0.7198562	0.5489914	-0.41445285	0.0929747
1492200847000	0.7197747	0.5490965	-0.41444385	0.09302554
1492209386792	0.71973246	0.54914075	-0.41445708	0.093033105
1492220263615	0.7196809	0.5491762	-0.41449496	0.09305261
1492228888302	0.71960515	0.54923445	-0.4145456	0.093069375
1492239144448	0.71956635	0.5492619	-0.41456953	0.09310083
1492250022417	0.7194862	0.5493268	-0.41461685	0.09312696
1492258076479	0.7194168	0.549398	-0.41463152	0.093177505
1492268274813	0.71936566	0.5494499	-0.41464353	0.0932134
1492283274813	0.71929	0.5495173	-0.41468838	0.0932001
1492298274813	0.71921265	0.5495598	-0.41476437	0.09320831
1492313274813	0.7190967	0.54966503	-0.41481972	0.09323603
1492321205229	0.71902204	0.54974097	-0.4148477	0.09323925
1492327105177	0.71903336	0.5497195	-0.41486058	0.09322176
1492327202104	0.71903336	0.5497195	-0.41486058	0.09322176
1492333976844	0.71905637	0.5496977	-0.4148526	0.093208484
1492342760542	0.71905154	0.54969263	-0.4148682	0.093205355
1492356154708	0.7190333	0.549709	-0.4148846	0.09317691
1492364255854	0.7190409	0.5497028	-0.41489536	0.09310748
1492372465542	0.7190507	0.54970455	-0.41488177	0.09308184
1492383140281	0.7190304	0.549738	-0.41488588	0.09302245
1492394797052	0.7190307	0.5497367	-0.41490087	0.092960976
1492402478771	0.7190051	0.5497697	-0.41491455	0.09290242
1492411952000	0.71898645	0.5497907	-0.41492316	0.092884555
1492421464917	0.71895224	0.54981786	-0.41494027	0.09291236
1492431370021	0.7188934	0.5498562	-0.41499048	0.0929161
1492441675490	0.7189194	0.5497998	-0.4150299	0.09287342
1492451034292	0.7189189	0.5497843	-0.41505426	0.09285895
1492462039760	0.7189107	0.5497789	-0.415083	0.09282665
1492471283667	0.71893734	0.5497146	-0.4151278	0.09280104
1492479746896	0.7189184	0.5497194	-0.4151643	0.0927563
1492491455073	0.71891135	0.54972255	-0.4151771	0.092733994
1492499544292	0.71888024	0.5497608	-0.41517743	0.0927474
1492506785333	0.7188292	0.5498177	-0.41518667	0.092763685
1492514472365	0.718797	0.549858	-0.41518918	0.09276362
1492529090698	0.718766	0.5498873	-0.41520357	0.092766
1492534645698	0.71870846	0.54994124	-0.41522768	0.09278402
1492547636062	0.7187008	0.5499405	-0.4152469	0.09276089
1492562636062	0.71867436	0.5499392	-0.4153051	0.09271333
1492577636062	0.7186358	0.54994094	-0.41537836	0.0926738
1492585902417	0.7186608	0.54988015	-0.41542503	0.09263126
1492587811896	0.7186685	0.5498698	-0.4154264	0.09262696
1492593419031	0.71868694	0.5498518	-0.41541946	0.092621975
1492602141531	0.7186526	0.5498948	-0.4154148	0.09265379
1492616607573	0.71861625	0.5499352	-0.41541567	0.092692524
1492623638510	0.71851957	0.55001926	-0.4154471	0.09280179
1492632743146	0.7184777	0.5500562	-0.41546187	0.09284122
1492647603042	0.71844494	0.5500769	-0.4154897	0.09284811
1492656072260	0.71842504	0.550079	-0.41551712	0.092866495
1492666090021	0.7184277	0.5500657	-0.41552982	0.092867054
1492677408979	0.71841156	0.55008656	-0.4155252	0.09288986
1492690458042	0.71837866	0.5501285	-0.41551435	0.092943825
1492697617677	0.7182992	0.55023444	-0.41549274	0.093027316
1492706179396	0.7183093	0.5502332	-0.41547176	0.09305096
1492717187937	0.71831983	0.5502391	-0.4154417	0.09306947
1492723005854	0.7183333	0.5502421	-0.41541	0.093088016
1492732479812	0.71835434	0.5502361	-0.4153807	0.09309215
1492742606531	0.7183966	0.5502032	-0.41535094	0.09309396
1492752342521	0.7184366	0.55018854	-0.4152963	0.09311521
1492761441010	0.7184641	0.5501806	-0.41525525	0.09313332
1492770878666	0.71848387	0.55018055	-0.4152197	0.09313969
1492782049656	0.7185072	0.5501772	-0.4151817	0.09314858
1492793577677	0.71851563	0.5501812	-0.4151697	0.093114294
1492801746896	0.7185412	0.55016136	-0.41516128	0.09307085
1492812607312	0.718569	0.5501253	-0.41517276	0.09301824
1492820588250	0.7185934	0.55010074	-0.4151733	0.09297218
1492832166635	0.7186209	0.55006766	-0.41518143	0.09292023
1492837601114	0.71865827	0.5500297	-0.41517812	0.092869796
1492846542208	0.71867347	0.5500119	-0.41518202	0.092840195
1492860331427	0.71866506	0.5500328	-0.41517216	0.09282579
1492868679396	0.7186226	0.55006856	-0.41519845	0.0928251
1492880097781	0.7186017	0.5501001	-0.41519812	0.09280146
1492895065750	0.71857506	0.5501589	-0.41517296	0.092771344
1492897355385	0.7185253	0.5502521	-0.4151496	0.09270853
1492906961166	0.71851003	0.5502812	-0.41514176	0.09268923
1492917855906	0.7184891	0.55032426	-0.4151297	0.092649594
1492925231323	0.7184349	0.55039805	-0.41513067	0.09262834
1492936227989	0.718405	0.55042195	-0.41515672	0.092600256
1492948896948	0.7183472	0.550472	-0.41518912	0.09260695
1492955299916	0.71826303	0.5505464	-0.41522622	0.09265103
1492965230594	0.7182008	0.550613	-0.4152384	0.09268277
1492974996635	0.71811485	0.55068415	-0.41528547	0.09271499
1492984677156	0.71808904	0.5506695	-0.41534916	0.09271763
1492992551010	0.7180883	0.55062914	-0.41541022	0.09268786
1493004121323	0.7181076	0.55057925	-0.41545352	0.09264107
1493009313146	0.7181356	0.5505046	-0.41552606	0.092541836
1493021021323	0.71815556	0.55047023	-0.41555017	0.092484176
1493030987416	0.7182182	0.5503677	-0.41560572	0.092357725
1493040582156	0.7182844	0.5502736	-0.4156503	0.09220201
1493050153875	0.71837246	0.55015105	-0.41569537	0.09204457
1493060497208	0.7184291	0.5500724	-0.41572705	0.09192965
1493074457156	0.71850884	0.54996395	-0.41576284	0.09179356
1493077938041	0.7186137	0.54982334	-0.41580412	0.09162826
