363022719930711	0.52015626	0.67611283	-0.40929073	0.3237128
363022734930711	0.52015626	0.67611283	-0.40929073	0.3237128
363022749930711	0.52015626	0.67611283	-0.40929073	0.3237128
363022764930711	0.52015626	0.67611283	-0.40929073	0.3237128
363022779930711	0.52015626	0.67611283	-0.40929073	0.3237128
363022794930711	0.52015626	0.67611283	-0.40929073	0.3237128
363022809930711	0.52015626	0.67611283	-0.40929073	0.3237128
363022824930711	0.52015626	0.67611283	-0.40929073	0.3237128
363022839930711	0.52015626	0.67611283	-0.40929073	0.3237128
363022854930711	0.5202454	0.67609894	-0.40927875	0.3236139
363022869930711	0.5202454	0.67609894	-0.40927875	0.3236139
363022884930711	0.5202454	0.67609894	-0.40927875	0.3236139
363022899930711	0.5202454	0.67609894	-0.40927875	0.3236139
363022914930711	0.5202454	0.67609894	-0.40927875	0.3236139
363022929930711	0.52142256	0.6759755	-0.4090369	0.32228002
363022944930711	0.5253829	0.6756478	-0.4079758	0.31785
363022957079513	0.5253829	0.6756478	-0.4079758	0.31785
363022960040919	0.5254021	0.67564815	-0.40796855	0.317827
363022970804825	0.5261278	0.6755742	-0.4078025	0.3169959
363022978795190	0.52902794	0.6752378	-0.40716493	0.313688
363022992632794	0.53082377	0.67501044	-0.4067837	0.3116313
363023004684878	0.53454447	0.674553	-0.40596873	0.30729473
363023014941128	0.5377679	0.6741759	-0.40518332	0.30351123
363023021664148	0.54047894	0.67391527	-0.4044167	0.30027986
363023034244357	0.54220617	0.6737791	-0.40386885	0.29820168
363023042064461	0.54552865	0.67362773	-0.40258527	0.29419273
363023053692742	0.5475592	0.6735533	-0.40171194	0.2917746
363023061976388	0.5505851	0.67342925	-0.40037927	0.2881764
363023072409565	0.5527299	0.67331207	-0.3994892	0.28556782
363023081644773	0.55550724	0.67308	-0.39845732	0.28214678
363023092223940	0.5579402	0.67287105	-0.3975813	0.27906373
363023100363940	0.5606912	0.6726363	-0.3965194	0.2756052
363023106073211	0.5628419	0.6724391	-0.39568302	0.27289125
363023116937065	0.56433856	0.6723079	-0.39510557	0.27095327
363023125669878	0.56708467	0.67212695	-0.3939943	0.2672618
363023140669878	0.5763195	0.67156744	-0.39008915	0.25432977
363023155290555	0.5763195	0.67156744	-0.39008915	0.25432977
363023155375242	0.5763195	0.67156744	-0.39008915	0.25432977
363023164867950	0.5763434	0.67156607	-0.39007723	0.25429738
363023176217169	0.57864326	0.67142755	-0.38902074	0.2510379
363023186677169	0.5813788	0.6713087	-0.38762426	0.2471656
363023195778627	0.58391684	0.6712425	-0.38614532	0.24365224
363023206303992	0.58597314	0.67126477	-0.3847806	0.24079657
363023216393680	0.58832324	0.671377	-0.3830723	0.23745407
363023223057169	0.5905364	0.6715081	-0.38147295	0.23414138
363023235064617	0.59194344	0.6716254	-0.38044178	0.23191924
363023244043367	0.5943891	0.6718937	-0.37851536	0.2280059
363023254891544	0.59611887	0.6721433	-0.37702772	0.22520195
363023262638523	0.59819716	0.67245406	-0.37518108	0.22182202
363023272828055	0.599661	0.6726914	-0.37381503	0.21944337
363023287828055	0.6068385	0.67333156	-0.3673862	0.20832413
363023300631127	0.6068385	0.67333156	-0.3673862	0.20832413
363023300726544	0.6068385	0.67333156	-0.3673862	0.20832413
363023304795971	0.60685647	0.6733291	-0.36737233	0.20830436
363023319481544	0.6076265	0.6733569	-0.366705	0.20714256
363023324423419	0.61028755	0.6733632	-0.3645735	0.20302048
363023339423419	0.61117536	0.67331177	-0.36396807	0.20160168
363023348902586	0.6137723	0.6730804	-0.3623814	0.19729705
363023358100867	0.6153375	0.6728918	-0.3614819	0.19469775
363023368234669	0.61682916	0.6726975	-0.3606167	0.19223824
363023377107534	0.6184345	0.6725052	-0.35961953	0.18960351
363023388769252	0.61977684	0.6723086	-0.35878432	0.18748775
363023397764200	0.6215067	0.6719975	-0.35778344	0.18476972
363023407056440	0.62280184	0.6717713	-0.35703772	0.18266195
363023415428419	0.62405086	0.6716038	-0.35623902	0.18056212
363023426549929	0.6250103	0.6715518	-0.35549957	0.17888652
363023436092221	0.62617135	0.67157227	-0.35448432	0.17675145
363023443694669	0.6270534	0.6716715	-0.35357907	0.17505264
363023455084513	0.62768745	0.67176396	-0.35288727	0.17381695
363023460784096	0.628563	0.67192876	-0.3518839	0.17204136
363023470729513	0.62895936	0.6720241	-0.35138327	0.17124163
363023482281232	0.6296065	0.6721755	-0.35054505	0.16998248
363023487023575	0.6303042	0.672269	-0.34975788	0.16864309
363023501232898	0.63055277	0.6722912	-0.34949023	0.16817953
363023506127273	0.6312147	0.672311	-0.34883025	0.16698322
363023518895398	0.6314138	0.6722891	-0.3486785	0.16663566
363023530372065	0.63191074	0.6721299	-0.3484922	0.16578124
363023539395815	0.6323165	0.6719773	-0.34841987	0.16500288
363023550348679	0.63254344	0.6718956	-0.34838146	0.1645461
363023559383940	0.63269144	0.67183024	-0.34839618	0.16421245
363023570075554	0.6327347	0.6717759	-0.34849897	0.16405022
363023578045398	0.6327177	0.6717098	-0.3487077	0.16394304
363023589207742	0.6326758	0.671632	-0.3489277	0.16395558
363023597154200	0.63252795	0.6715148	-0.34929866	0.16421564
363023608441336	0.6323716	0.6714147	-0.34958178	0.16462423
363023615205034	0.6320873	0.6712316	-0.35007766	0.16540715
363023627287898	0.6318543	0.6711035	-0.3504577	0.16601121
363023635486388	0.63135743	0.6708779	-0.35121578	0.1672072
363023639448106	0.63095206	0.67073876	-0.3517971	0.16807142
363023654448106	0.6307291	0.67065555	-0.35212448	0.16855362
363023658938836	0.62979215	0.670346	-0.35343334	0.17053702
363023669625138	0.62948763	0.6702536	-0.35383496	0.17119105
363023682927794	0.62859464	0.67008734	-0.35482997	0.17305328
363023690956075	0.6273267	0.6699316	-0.35607237	0.17568523
363023702682742	0.6264791	0.66983914	-0.35688663	0.17740223
363023711413159	0.6251437	0.6696713	-0.35821113	0.18005718
363023720550867	0.62406087	0.6695657	-0.3592403	0.18214376
363023733970450	0.62280095	0.6695111	-0.36033282	0.1844837
363023741344044	0.62076175	0.6694845	-0.36197385	0.1882032
363023749233784	0.61952484	0.669512	-0.36289808	0.19038859
363023762677377	0.6180437	0.6696307	-0.36388808	0.19287865
363023770206075	0.61523926	0.66992337	-0.36560056	0.19753376
363023778997742	0.61358774	0.67006683	-0.3666445	0.20023094
363023789868575	0.6115489	0.67022634	-0.3679958	0.20343015
363023796554044	0.6089044	0.67039645	-0.3697711	0.20754151
363023804472898	0.6071938	0.6705007	-0.37090567	0.21017526
363023810677898	0.60487825	0.6706495	-0.37242034	0.21366936
363023819675659	0.6032042	0.6707583	-0.37348202	0.21619247
363023831060659	0.6006542	0.6708888	-0.37510684	0.22004038
363023842794669	0.59715885	0.6710106	-0.3773817	0.22523147
363023854108523	0.593629	0.6711667	-0.37956157	0.23037583
363023861813679	0.58986586	0.6714565	-0.38159904	0.2357681
363023873497065	0.5871724	0.67172915	-0.3828882	0.23959404
363023885063419	0.58303094	0.67218894	-0.38475782	0.24535358
363023892174513	0.5785213	0.67272437	-0.38669986	0.2514326
363023905282221	0.57572186	0.6730339	-0.387923	0.25511864
363023912504721	0.57052094	0.6734397	-0.3903804	0.2618933
363023923152169	0.5676412	0.67357117	-0.39184326	0.26560155
363023932431179	0.5633725	0.6736655	-0.39412662	0.2710174
363023943839044	0.55927867	0.67368	-0.39631432	0.27622038
363023951637325	0.55397326	0.67361563	-0.39902705	0.28307784
363023960258679	0.5515939	0.6735944	-0.40012202	0.28621155
363023971703211	0.5477978	0.6735655	-0.40177003	0.29121825
363023979642169	0.5427699	0.67342955	-0.40401852	0.2977625
363023985881023	0.5392419	0.67329264	-0.40562057	0.30226994
363023999587013	0.536417	0.67315555	-0.40692312	0.30583006
363024007262117	0.53015697	0.6726739	-0.4099147	0.31370917
363024012438523	0.5266351	0.6723421	-0.41167822	0.31801355
363024027143940	0.52426547	0.67204607	-0.41296995	0.32086736
363024031288054	0.51756895	0.6709887	-0.41677555	0.32892987
363024043363263	0.5156442	0.6706481	-0.41783148	0.33129898
363024052645242	0.50978625	0.66963315	-0.42072815	0.33867
363024067645242	0.49678212	0.66751677	-0.42614537	0.35500577
363024076444565	0.49678212	0.66751677	-0.42614537	0.35500577
363024082525658	0.49219808	0.6668702	-0.42776695	0.3606115
363024094389773	0.48856264	0.6663331	-0.4290704	0.36497313
363024106520346	0.48157507	0.66528034	-0.43161267	0.3730925
363024111847638	0.4741818	0.66424257	-0.4341837	0.38133734
363024122256752	0.470836	0.66379017	-0.43528238	0.38500044
363024137256752	0.44587368	0.66053456	-0.4428431	0.4108294
363024149335033	0.44587368	0.66053456	-0.4428431	0.4108294
363024149420242	0.44587368	0.66053456	-0.4428431	0.4108294
363024159935502	0.44581294	0.66052735	-0.4428599	0.4108888
363024164787585	0.43778533	0.6597207	-0.44483745	0.4186074
363024175982846	0.43003234	0.6588431	-0.44674194	0.42593396
363024188720138	0.42517295	0.6581465	-0.4480731	0.43046668
363024194340919	0.41568878	0.6564976	-0.45094764	0.43915844
363024204942585	0.41155016	0.6556301	-0.4523276	0.44291687
363024213397065	0.40391454	0.6537698	-0.4550908	0.4498116
363024224426492	0.3966658	0.65183043	-0.45780393	0.45627725
363024235135815	0.38880995	0.64962995	-0.46066785	0.46324167
363024244985763	0.38115865	0.6474126	-0.46332532	0.47000498
363024252026492	0.37467167	0.6454264	-0.46566072	0.47561118
363024262994981	0.36969733	0.6436952	-0.4676938	0.47983634
363024272953992	0.3623744	0.64069355	-0.47115698	0.48601207
363024282924929	0.3569113	0.6381258	-0.47399238	0.49065372
363024291836440	0.35158896	0.6351306	-0.47722274	0.49523014
363024301622377	0.34718096	0.63228226	-0.48024404	0.49904943
363024311578887	0.34258696	0.62917763	-0.48349455	0.5029939
363024320109929	0.33792415	0.6261565	-0.4865645	0.5069422
363024332187273	0.33393556	0.62372726	-0.48894534	0.5102782
363024347187273	0.3208338	0.6169624	-0.4952587	0.52071303
363024352419721	0.3208338	0.6169624	-0.4952587	0.52071303
363024356090502	0.31937882	0.6163389	-0.49581757	0.52181274
363024370794356	0.3175428	0.6156354	-0.49644527	0.52316505
363024378994356	0.31033096	0.6129552	-0.49879906	0.52837497
363024388593367	0.3064049	0.61154735	-0.4999977	0.5311575
363024399496804	0.30182496	0.6100157	-0.5012397	0.5343607
363024409663315	0.29660836	0.6084492	-0.5024271	0.5379407
363024419645919	0.2916982	0.6071133	-0.50337434	0.5412392
363024428933471	0.2868425	0.60593545	-0.50414735	0.5444256
363024439081179	0.2823207	0.60495675	-0.50472486	0.5473347
363024450712742	0.27754128	0.6039033	-0.5053452	0.55036163
363024459478002	0.27247432	0.6025738	-0.50626284	0.5534984
363024468224044	0.26902413	0.6014602	-0.5070965	0.55563
363024478246387	0.26584092	0.600347	-0.5079557	0.55757797
363024487383835	0.26242608	0.59911567	-0.508901	0.5596541
363024495213002	0.2594357	0.59802586	-0.50965846	0.56152153
363024507903887	0.25695357	0.59716797	-0.5102182	0.5630656
363024515406283	0.25304455	0.595853	-0.5110719	0.56544966
363024524696648	0.25086892	0.5951018	-0.5115888	0.56674117
363024539696648	0.23935176	0.5905753	-0.5142494	0.5740028
363024554696648	0.23935176	0.5905753	-0.5142494	0.5740028
363024562578992	0.23935176	0.5905753	-0.5142494	0.5740028
363024562663054	0.23935176	0.5905753	-0.5142494	0.5740028
363024566385294	0.23933809	0.5905712	-0.51424855	0.5740134
363024578464564	0.23863564	0.5902654	-0.5143636	0.5745172
363024589627117	0.23654264	0.5894521	-0.5146396	0.5759687
363024601494252	0.23456673	0.58896804	-0.51469314	0.5772228
363024609544564	0.23228864	0.58873916	-0.5144906	0.57855654
363024619170398	0.23081017	0.588679	-0.5142556	0.5794178
363024631282012	0.2291142	0.58866084	-0.51394314	0.5803857
363024639121700	0.22721766	0.588655	-0.5135444	0.58148926
363024650497794	0.22624491	0.5885933	-0.5133338	0.58211654
363024659325085	0.22521155	0.58841956	-0.51311517	0.58288515
363024669267481	0.2245104	0.58832	-0.5129047	0.583441
363024676649721	0.22380286	0.5882513	-0.51259726	0.58405215
363024689531960	0.22340988	0.5882393	-0.51237756	0.58440727
363024696505346	0.22279586	0.5882991	-0.51202506	0.58489025
363024705244252	0.22255495	0.5883809	-0.5118265	0.58507353
363024713283002	0.22240283	0.58851725	-0.5116149	0.5851792
363024722840346	0.22237092	0.58868665	-0.5114435	0.5851708
363024737840346	0.2228209	0.5899019	-0.510158	0.5848979
363024750197481	0.2228209	0.5899019	-0.510158	0.5848979
363024750282741	0.2228209	0.5899019	-0.510158	0.5848979
363024765282741	0.2233749	0.59060645	-0.5093222	0.58470386
363024773214512	0.2233749	0.59060645	-0.5093222	0.58470386
363024781927950	0.22382852	0.5909755	-0.5088967	0.58452797
363024794459356	0.22458263	0.59133863	-0.5084877	0.58422726
363024801836700	0.2258526	0.59181005	-0.50802505	0.58366257
363024807298314	0.22668026	0.5921133	-0.5077643	0.5832609
363024820290346	0.22771084	0.5924667	-0.5074887	0.5827402
363024831772689	0.22914277	0.5928771	-0.50723517	0.5819818
363024838725919	0.2308495	0.5933217	-0.5070241	0.58103746
363024846265554	0.23194842	0.59361976	-0.5069033	0.58040035
363024856072846	0.23344748	0.5940802	-0.5067196	0.57948804
363024865667221	0.23501447	0.59466434	-0.5064475	0.5784925
363024875201439	0.23659874	0.595312	-0.5060946	0.57748866
363024884727585	0.23821312	0.5960361	-0.5056512	0.5764655
363024891033054	0.23992516	0.59681535	-0.5051132	0.57542
363024901480658	0.241124	0.59733224	-0.50474584	0.5747043
363024911474616	0.24330877	0.5981879	-0.5042086	0.5733635
363024920176127	0.24561243	0.5990788	-0.50367886	0.57191503
363024930209773	0.24736087	0.5997821	-0.5032552	0.5707962
363024940259304	0.24973795	0.60076475	-0.5026093	0.5692949
363024949726960	0.25191605	0.6018208	-0.50186163	0.56787753
363024959643106	0.25402644	0.60295653	-0.50099546	0.56649584
363024972619616	0.25607523	0.6040515	-0.5001417	0.5651598
363024978992741	0.2592306	0.6056508	-0.4988786	0.5631224
363024987429096	0.26144826	0.60664994	-0.49811623	0.56169474
363024996990241	0.26349637	0.60743755	-0.497553	0.56038415
363025006330033	0.26647764	0.60848176	-0.4968596	0.5584533
363025015953210	0.26951152	0.60960186	-0.4961118	0.5564371
363025030953210	0.2726798	0.610835	-0.49523535	0.5543179
363025038349408	0.2765758	0.6123563	-0.49422094	0.55160797
363025046478731	0.27903455	0.6132878	-0.49363154	0.54985964
363025053295033	0.2818236	0.6143703	-0.49295616	0.5478312
363025065054564	0.28448087	0.61541045	-0.4922784	0.54589623
363025079366700	0.28859732	0.6170535	-0.49116895	0.5428717
363025083791179	0.29363248	0.61917454	-0.4896791	0.53908926
363025091953106	0.29576463	0.6201041	-0.48896563	0.5375007
363025100479564	0.29769287	0.6209463	-0.48831776	0.53605086
363025115479564	0.3070753	0.6248137	-0.48550186	0.5287728
363025124979304	0.3070753	0.6248137	-0.48550186	0.5287728
363025133543418	0.3100981	0.6259558	-0.48465934	0.52642554
363025143221543	0.31359622	0.6271995	-0.4836974	0.52375096
363025154267481	0.31753293	0.6285591	-0.4825811	0.5207703
363025166472116	0.3220663	0.6300479	-0.4813154	0.51734746
363025174469408	0.3273652	0.6317509	-0.4797973	0.5133395
363025181698575	0.33043033	0.63276446	-0.47884765	0.51100874
363025194382845	0.3333872	0.6337498	-0.47786808	0.5087792
363025203616700	0.33856672	0.63550746	-0.47607657	0.5048307
363025212179512	0.34232396	0.6368323	-0.47470576	0.5019097
363025222153158	0.34587127	0.6380571	-0.47342226	0.49912697
363025233993314	0.35007393	0.6394523	-0.471929	0.49581465
363025240065241	0.35514238	0.64106566	-0.47021636	0.49173698
363025249294668	0.3577475	0.64190346	-0.46933466	0.4895935
363025259910398	0.36157426	0.64323413	-0.46792495	0.4863746
363025270329825	0.36584157	0.6448031	-0.46618578	0.48276252
363025274871595	0.36998996	0.6462992	-0.4644646	0.47924682
363025287273314	0.371821	0.6469035	-0.46375874	0.47769547
363025298538627	0.3768153	0.64845777	-0.46191186	0.47344497
363025308919616	0.38132468	0.64979756	-0.46023017	0.46962002
363025316869773	0.3854323	0.6509874	-0.45862755	0.46617404
363025330077325	0.38852057	0.65189934	-0.457358	0.4635761
363025338949304	0.39360788	0.65328795	-0.4553089	0.45932722
363025347773783	0.39696497	0.654216	-0.45394522	0.4564582
363025355672898	0.40015817	0.6551787	-0.4525029	0.45371294
363025368387220	0.40289825	0.65602845	-0.45119908	0.45135248
363025375814095	0.4072063	0.65735316	-0.44917062	0.4475663
363025387379825	0.40965796	0.6581018	-0.44799873	0.4453982
363025394233575	0.41338322	0.65929765	-0.44613057	0.4420503
363025406750085	0.41556332	0.65998167	-0.44504568	0.4400747
363025414137116	0.41967255	0.66114724	-0.44317305	0.43629923
363025422197325	0.42156082	0.6629842	-0.44087794	0.43401045
363025428893262	0.42499274	0.6641379	-0.43863854	0.4311593
363025441324200	0.42592627	0.6655228	-0.43629375	0.43048117
363025450758731	0.42731267	0.66757786	-0.43276572	0.42948526
363025459383002	0.43095574	0.6671557	-0.43355072	0.4256926
363025469167116	0.4356646	0.6657658	-0.4361241	0.42041415
363025481613627	0.44046292	0.66451246	-0.43825564	0.41514775
363025487668887	0.44458425	0.6641906	-0.43854678	0.41094118
363025498817689	0.4460038	0.6643522	-0.4381534	0.40955874
363025510703262	0.44854566	0.6646861	-0.43768048	0.40673718
363025518455502	0.45127463	0.66491413	-0.43757233	0.40344885
363025529749460	0.45292726	0.6650721	-0.43748373	0.40142742
363025537495606	0.4551045	0.6653643	-0.43729082	0.39868152
363025549021856	0.456505	0.6655634	-0.4372045	0.39683843
363025558205554	0.4584274	0.6658794	-0.43714213	0.39415178
363025567019564	0.45975184	0.6661675	-0.43710628	0.3921573
363025575837481	0.4608417	0.66651803	-0.43702182	0.39037246
363025586945762	0.46177754	0.6669078	-0.43687168	0.3887655
363025594863106	0.46274677	0.6673947	-0.43655995	0.38712442
363025602490918	0.46333608	0.6676984	-0.43629107	0.3861977
363025614570241	0.46391377	0.6679075	-0.4360682	0.38539356
363025621926335	0.4649046	0.66819847	-0.43573877	0.3840655
363025633464356	0.4655123	0.66840875	-0.43544862	0.38329187
363025638018991	0.4664621	0.6687978	-0.43490586	0.38207254
363025650591752	0.46685687	0.6689389	-0.43468952	0.38158947
363025663185658	0.46794966	0.6693355	-0.43417534	0.3801383
363025670646335	0.46908846	0.669725	-0.43371078	0.3785756
363025683132897	0.46975562	0.6699977	-0.43339005	0.37763184
363025691862845	0.47078583	0.6704889	-0.43282107	0.37612692
363025697676439	0.47153285	0.6708574	-0.43237638	0.37504366
363025711232637	0.4721545	0.6709973	-0.43209925	0.37433004
363025719150918	0.47321796	0.6715226	-0.4313144	0.37294775
363025734150918	0.4751044	0.67216706	-0.4303389	0.37050757
363025740988470	0.4751044	0.67216706	-0.4303389	0.37050757
363025746487689	0.47578368	0.6722187	-0.43024144	0.36965433
363025759127897	0.47635803	0.67222214	-0.43014097	0.3690246
363025768318366	0.47744465	0.67232233	-0.42975998	0.36788
363025783318366	0.48088297	0.6723926	-0.42870983	0.36448276
363025798318366	0.48088297	0.6723926	-0.42870983	0.36448276
363025804204408	0.48088297	0.6723926	-0.42870983	0.36448276
363025804287272	0.48088297	0.6723926	-0.42870983	0.36448276
363025809773626	0.48088294	0.67237353	-0.42872342	0.3645021
363025820977064	0.48121378	0.672346	-0.428645	0.36420846
363025834803470	0.48171198	0.6722971	-0.42848858	0.36382383
363025842453158	0.4822624	0.67214525	-0.42844233	0.36342955
363025852852585	0.48253238	0.6720214	-0.42849207	0.36324152
363025865269408	0.48290563	0.6718137	-0.428619	0.36297986
363025872177429	0.4833341	0.6715324	-0.42885303	0.36265352
363025884770345	0.4835411	0.671335	-0.42903462	0.3625281
363025890015293	0.48396826	0.67096066	-0.42942148	0.36219317
363025901560866	0.4841111	0.670824	-0.4295115	0.36214852
363025911972741	0.484441	0.67048186	-0.42968762	0.362132
363025919970918	0.48454106	0.67029953	-0.42964587	0.362385
363025930931491	0.48465365	0.6700442	-0.42985094	0.36246368
363025937677064	0.48503357	0.66952276	-0.4304467	0.36221185
363025948960918	0.48522314	0.6692603	-0.43070963	0.36213043
363025957056074	0.4854008	0.66894543	-0.430955	0.36218205
363025972056074	0.48549512	0.6687678	-0.4310786	0.3622366
363025977388679	0.4856805	0.6684398	-0.43142015	0.36218703
363025982392637	0.48574486	0.66831845	-0.43153426	0.36218873
363025991564876	0.48580843	0.66821504	-0.43160698	0.3622076
363026003661439	0.48589873	0.66802865	-0.43175307	0.3622563
363026011119772	0.48597977	0.6678881	-0.43182305	0.36232325
363026024620710	0.48598108	0.66785556	-0.4317808	0.36243188
363026036058262	0.48595902	0.66778046	-0.43167	0.36273158
363026042866387	0.48598516	0.6677433	-0.4315499	0.3629078
363026053836335	0.4860368	0.66768783	-0.43148917	0.36301273
363026063243470	0.4861801	0.6675673	-0.4314455	0.36309445
363026071876126	0.48629388	0.66746485	-0.43140617	0.36317733
363026083391231	0.48634955	0.66740304	-0.43130985	0.3633305
363026090181231	0.48640373	0.66734767	-0.43115425	0.36354446
363026104733366	0.48644516	0.6673349	-0.43106726	0.3636157
363026110161960	0.48652926	0.6672946	-0.4308951	0.3637809
363026120433053	0.48658752	0.6672812	-0.4308482	0.3637833
363026131774303	0.48672032	0.667273	-0.43077472	0.36370778
363026146774303	0.48684075	0.6673002	-0.4306402	0.36365598
363026150016387	0.4869557	0.6673941	-0.43038964	0.36362633
363026156573626	0.48702154	0.6674462	-0.4302282	0.3636334
363026162556595	0.48702952	0.6674462	-0.43021616	0.36363724
363026176396751	0.48708424	0.667472	-0.430101	0.3636525
363026187068158	0.48722345	0.6675219	-0.42985585	0.3636644
363026197574043	0.48731568	0.66754144	-0.42969579	0.3636941
363026207303991	0.48739007	0.6675769	-0.42950362	0.36375642
363026217399928	0.48745403	0.6676335	-0.42931575	0.36378863
363026226126439	0.4875071	0.66769326	-0.42908496	0.3638802
363026238411856	0.4875463	0.667717	-0.42891353	0.36398622
363026245643105	0.48764834	0.6677516	-0.42866975	0.36407325
363026255695762	0.48771426	0.66776747	-0.42851388	0.36413908
363026264845970	0.48779333	0.6677932	-0.4283198	0.36421424
363026275432012	0.48785844	0.66780555	-0.42816633	0.36428487
363026284453678	0.48792136	0.6678149	-0.42804003	0.36433193
363026291214564	0.48799318	0.66779464	-0.4279408	0.36438948
363026304235814	0.48802406	0.66777986	-0.4278547	0.36447626
363026309931439	0.48797467	0.6678301	-0.4276539	0.36468604
363026322339668	0.48794264	0.6678388	-0.42757338	0.36480743
363026337339668	0.48745218	0.6680048	-0.4268849	0.36596358
363026352339668	0.48745218	0.6680048	-0.4268849	0.36596358
363026357569564	0.48745218	0.6680048	-0.4268849	0.36596358
363026357662637	0.48745218	0.6680048	-0.4268849	0.36596358
363026368701335	0.4874536	0.66799986	-0.42687902	0.3659776
363026379204616	0.48718113	0.6681236	-0.42668325	0.36634248
363026389181751	0.48698068	0.6682107	-0.4265688	0.36658353
363026397070397	0.48681715	0.6682729	-0.42650497	0.3667613
363026408186908	0.48669782	0.6683222	-0.42645416	0.36688897
363026418513835	0.48653913	0.668444	-0.4263601	0.366987
363026426524720	0.4863511	0.6685728	-0.4262435	0.36713687
363026438986595	0.48621312	0.66867226	-0.42616647	0.3672279
363026445801230	0.4860162	0.66879374	-0.42607078	0.36737847
363026457980814	0.48594466	0.6688065	-0.42609534	0.36742145
363026464131439	0.48588338	0.6687859	-0.4262524	0.3673577
363026477387689	0.48584905	0.6687554	-0.42634934	0.3673461
363026484691335	0.48577997	0.66865623	-0.42656258	0.36737055
363026492664616	0.48572317	0.66861266	-0.42662823	0.3674485
363026501496960	0.48569733	0.6685376	-0.4266885	0.36754936
363026509775970	0.48570642	0.66844004	-0.42677534	0.367614
363026521600085	0.48573136	0.66832703	-0.42687422	0.36767185
363026536600085	0.48578814	0.6679806	-0.42719588	0.36785254
363026539234095	0.48578814	0.6679806	-0.42719588	0.36785254
363026551663522	0.48578617	0.66795284	-0.42720842	0.36789098
363026558367637	0.4857301	0.6678584	-0.4272693	0.36806569
363026568786126	0.4856712	0.6678145	-0.42727286	0.36821896
363026575570762	0.48560426	0.6677925	-0.42724553	0.36837906
363026584764460	0.48555338	0.66779846	-0.42718175	0.36850914
363026594184980	0.48550296	0.66778517	-0.42712557	0.36866477
363026603688887	0.4855199	0.6677331	-0.42714572	0.3687135
363026613792949	0.4855942	0.66760254	-0.42725012	0.36873105
363026623914407	0.48567736	0.6674494	-0.4273594	0.3687721
363026633427428	0.48574406	0.6672939	-0.4274577	0.36885163
363026642329095	0.48577827	0.6672027	-0.42751387	0.36890635
363026653807949	0.48580098	0.667119	-0.42758775	0.36894214
363026660834199	0.48579273	0.66705745	-0.42761806	0.36902943
363026668386595	0.48577347	0.66704273	-0.42760664	0.36909455
363026678841699	0.48577178	0.6670378	-0.4275785	0.36913827
363026688457168	0.4857828	0.66699046	-0.42755994	0.3692308
363026697342741	0.4858173	0.66692406	-0.42756733	0.36929676
363026707752845	0.4858691	0.6668599	-0.42758083	0.36932868
363026717201178	0.48599502	0.6666906	-0.42765453	0.36938345
363026732201178	0.48609313	0.6665307	-0.42773587	0.36944872
363026747201178	0.48621356	0.66629505	-0.427842	0.36959258
363026762201178	0.48634836	0.66603637	-0.42797503	0.3697273
363026775611491	0.48654616	0.6656855	-0.42819571	0.36984336
363026779712845	0.48670778	0.6653656	-0.42846316	0.36989656
363026786212480	0.48676765	0.6652529	-0.42855576	0.3699133
363026792343522	0.48688385	0.66503125	-0.4287609	0.36992124
363026804156751	0.48704198	0.66468006	-0.429115	0.36993358
363026810173105	0.48712596	0.6644674	-0.429333	0.36995217
363026818830032	0.48721147	0.6642737	-0.42954496	0.36994135
363026830809355	0.48733112	0.6640162	-0.42981243	0.3699355
363026837745709	0.48731637	0.6638079	-0.43000215	0.3701081
363026843321855	0.48726764	0.6637623	-0.43002832	0.3702238
363026858321855	0.48718494	0.6637458	-0.43004042	0.37034792
363026867933262	0.48698205	0.66370255	-0.430152	0.37056258
363026873628626	0.48687264	0.663675	-0.43023166	0.3706633
363026888628626	0.48680514	0.6636694	-0.4302543	0.37073562
363026891499251	0.4866499	0.66366637	-0.4303214	0.37086707
363026906499251	0.48665544	0.6636594	-0.43030676	0.37088928
363026916134407	0.48650026	0.66372514	-0.43025395	0.37103644
363026921373991	0.48632714	0.663765	-0.4301858	0.371271
363026931214095	0.48632452	0.6637626	-0.43016627	0.37130135
363026939460605	0.4862858	0.66375065	-0.43013483	0.37140986
363026948704199	0.48627836	0.66373265	-0.4300968	0.37149578
363026958308991	0.48625082	0.6637473	-0.43003035	0.37158254
363026967786907	0.48618716	0.6637847	-0.42996243	0.3716777
363026982786907	0.48612827	0.66383547	-0.42989928	0.37173706
363026992418314	0.48607257	0.6639011	-0.4298109	0.37179488
363026996561022	0.4860557	0.66394573	-0.42976424	0.37179136
363027007756699	0.48605838	0.66396487	-0.42970794	0.3718185
363027017863470	0.4860857	0.6640015	-0.42958498	0.37185946
363027028149303	0.48611	0.66404164	-0.4294331	0.3719315
363027036213001	0.48609623	0.6641275	-0.42921415	0.37204906
363027044195032	0.48610127	0.6641294	-0.4291879	0.37206924
363027050748522	0.4860621	0.6642178	-0.4289924	0.372188
363027061292480	0.4860259	0.6642986	-0.42880365	0.37230843
363027071466595	0.48597255	0.66440994	-0.42855746	0.37246308
363027081988470	0.4859613	0.6644615	-0.42837796	0.37259227
363027091234980	0.48597673	0.6644794	-0.42825395	0.3726827
363027103836647	0.48600724	0.66448045	-0.4281901	0.3727144
363027112563053	0.48606586	0.6644376	-0.42813778	0.37277454
363027122638053	0.48610666	0.6643845	-0.4281131	0.37284404
363027134343209	0.4861394	0.6643514	-0.42808676	0.37289056
363027143367376	0.48614487	0.66435045	-0.4280567	0.3729199
363027149381751	0.48611507	0.6643892	-0.42803678	0.37291262
363027159650084	0.4860795	0.66442823	-0.42803112	0.37289578
363027169269407	0.48598	0.6645376	-0.42799973	0.3728666
363027178227949	0.48585793	0.6646898	-0.42796707	0.37279198
363027183690032	0.4857983	0.6647366	-0.42795217	0.37280306
363027197004251	0.4857115	0.6647883	-0.4279386	0.3728398
363027203380084	0.48561215	0.66486764	-0.4279025	0.37286925
363027213144407	0.48557004	0.66489905	-0.42787042	0.3729047
363027222772688	0.4854558	0.6649843	-0.42776915	0.37301773
363027232481699	0.48535275	0.66504514	-0.42768615	0.37313852
363027242282688	0.48530775	0.66504186	-0.42765066	0.37324336
363027252936855	0.48533326	0.66499853	-0.42769513	0.37323663
363027263200657	0.48539	0.66491216	-0.42778954	0.37320852
363027272970866	0.48543787	0.66483736	-0.4278458	0.37321487
363027282570605	0.48545483	0.6647736	-0.4278672	0.37328207
363027292251595	0.4854904	0.66471153	-0.42786568	0.37334797
363027301672063	0.48551354	0.6646744	-0.4278408	0.3734123
363027316672063	0.48556367	0.66460806	-0.4278429	0.37346283
363027321616074	0.48565724	0.66448945	-0.42787945	0.3735104
363027331602688	0.48570704	0.66443115	-0.42790148	0.37352413
363027340436855	0.48579374	0.66437554	-0.42791307	0.37349698
363027351424355	0.48582467	0.6643658	-0.42788142	0.3735103
363027356365501	0.48582575	0.6643655	-0.42784154	0.37355527
363027365927168	0.48584315	0.6643463	-0.42783344	0.37357622
363027378100449	0.48586035	0.66432786	-0.4278281	0.3735927
363027386094980	0.4858977	0.6642988	-0.42782676	0.37359715
363027396197897	0.48592645	0.6642844	-0.42779282	0.37362438
363027403567428	0.48590553	0.66431063	-0.42771372	0.37369543
363027418567428	0.48583415	0.6643723	-0.42761156	0.3737955
363027424501490	0.4857296	0.6644818	-0.42743787	0.3739353
363027434796490	0.48568493	0.6645114	-0.42737544	0.37401223
363027442584563	0.48563215	0.66453713	-0.42729735	0.37412408
363027452860918	0.48556867	0.6645803	-0.42719397	0.37424803
363027465891543	0.48551	0.6646456	-0.427052	0.3743699
363027472305293	0.48549938	0.66466254	-0.42699865	0.37441468
363027484494407	0.4854837	0.6646873	-0.42692104	0.3744794
363027492185918	0.4854546	0.664702	-0.42684555	0.37457708
363027501245865	0.4854338	0.66473955	-0.42678073	0.37461123
363027511448522	0.48540208	0.6647879	-0.4267057	0.37465212
363027526448522	0.4854042	0.66478264	-0.42668444	0.37468293
363027541448522	0.48543385	0.6647837	-0.42665455	0.37467656
363027556448522	0.48540995	0.66483927	-0.42653543	0.37474456
363027571448522	0.48508966	0.6650975	-0.42586583	0.37546197
363027582481334	0.48508966	0.6650975	-0.42586583	0.37546197
363027582565501	0.48508966	0.6650975	-0.42586583	0.37546197
363027582654355	0.48508966	0.6650975	-0.42586583	0.37546197
363027585912428	0.48509586	0.6650895	-0.42585868	0.37547633
363027597220709	0.48509905	0.66508055	-0.42582545	0.3755258
363027606300917	0.48513034	0.6650512	-0.4258139	0.37555012
363027616181126	0.4851594	0.6650361	-0.42578912	0.37556762
363027625953886	0.48518443	0.66504973	-0.4257063	0.37560508
363027639378938	0.48517224	0.6650693	-0.4256108	0.37569448
363027644843053	0.48517865	0.6650765	-0.42549166	0.37580818
363027659523678	0.4852129	0.6650537	-0.42546183	0.37583804
363027666223678	0.48531163	0.6649728	-0.42543945	0.37587914
363027673100970	0.48535964	0.6649147	-0.42543408	0.37592593
363027684442636	0.48544088	0.66481644	-0.4254748	0.37594873
363027694658053	0.48548204	0.6647701	-0.4254654	0.37598816
363027703701699	0.48548236	0.6647657	-0.42538938	0.37608156
363027714825188	0.4854583	0.6647733	-0.42530626	0.3761933
363027724316959	0.4854459	0.6647726	-0.42517918	0.37635416
363027733435501	0.48543805	0.6647704	-0.42510024	0.3764571
363027742366855	0.4854286	0.6647337	-0.4250381	0.37660435
363027749975970	0.48543677	0.6647029	-0.42496088	0.37673536
363027760527949	0.48545718	0.6646491	-0.42489988	0.37687275
363027769345344	0.48547328	0.66452956	-0.42486256	0.37710494
363027780795969	0.4855159	0.6644081	-0.4248337	0.37729663
363027793564876	0.48555514	0.66428816	-0.42478156	0.37751573
363027799639563	0.48566097	0.66409546	-0.42481062	0.3776858
363027808158626	0.48575392	0.66397744	-0.4248636	0.3777144
363027819186594	0.48588222	0.66383135	-0.4249577	0.3777001
363027829080449	0.4859466	0.66376674	-0.42494482	0.3777454
363027839050397	0.48590246	0.66381586	-0.42478913	0.37789088
363027847292011	0.4857642	0.66395134	-0.4245321	0.37811938
363027857728417	0.4855705	0.66411996	-0.42422056	0.3784216
363027867632688	0.48527563	0.66439277	-0.42375007	0.37884796
363027877186959	0.48482388	0.6647891	-0.42309183	0.37946618
363027886704094	0.48449868	0.66510737	-0.42246553	0.38002142
363027896308261	0.48425478	0.66541547	-0.42178255	0.38055113
363027905868001	0.48400593	0.6657437	-0.4210448	0.38110995
363027915360657	0.4834659	0.66642016	-0.42020416	0.38154072
363027922236490	0.4832432	0.6667127	-0.41968548	0.38188255
363027934193990	0.48343077	0.6666872	-0.41973633	0.3816339
363027940805553	0.4841959	0.66621816	-0.42025292	0.38091388
363027950949355	0.48470542	0.6657745	-0.42064375	0.38060978
363027961523105	0.48566517	0.66503364	-0.4213757	0.37987134
363027972443678	0.48658073	0.66426235	-0.42205402	0.37929562
363027982510553	0.4874787	0.66342527	-0.42267162	0.37891972
363027990737636	0.48839095	0.6626401	-0.4232063	0.3785221
363028000603313	0.4890481	0.66203135	-0.423498	0.37841234
363028009821542	0.48984122	0.6612633	-0.42384502	0.3783409
363028020258626	0.4906067	0.6605537	-0.4241662	0.3782289
363028030166855	0.49145967	0.65970033	-0.4245002	0.37823611
363028039246959	0.49215642	0.65893483	-0.4247706	0.37836075
363028048911699	0.4927085	0.6582331	-0.42502373	0.37857962
363028058044303	0.49332133	0.6573884	-0.42537925	0.37884963
363028068317428	0.49394682	0.65653825	-0.42575353	0.37908855
363028077402844	0.4945703	0.6556511	-0.4261024	0.37941885
363028087029615	0.49503243	0.6549537	-0.42639092	0.37969634
363028097173001	0.49539614	0.65435946	-0.42665395	0.37995103
363028103645136	0.49582225	0.65363526	-0.42704427	0.3802034
363028113337480	0.49604845	0.6532263	-0.4272804	0.38034555
363028123090813	0.49636003	0.6526076	-0.42759728	0.38064513
363028133117844	0.49664947	0.652004	-0.42789984	0.38096187
363028144117896	0.49696228	0.6513956	-0.4282439	0.3812079
363028153836438	0.4973701	0.65064937	-0.42876658	0.38136286
363028164234199	0.49772477	0.6500111	-0.429276	0.38141564
363028172422688	0.49806356	0.649347	-0.42987436	0.38143063
363028182409355	0.49824288	0.6489297	-0.43025136	0.38148156
363028192182896	0.49830383	0.6485813	-0.43057802	0.3816256
363028201531126	0.498276	0.64834225	-0.43082884	0.38178533
363028209317063	0.4981332	0.64825654	-0.4310151	0.38190678
363028219523053	0.49790847	0.6482967	-0.4310839	0.38205397
363028230586751	0.4975147	0.64842993	-0.43109438	0.3823291
363028239363105	0.4971654	0.6485457	-0.4311466	0.382528
363028250556698	0.4969278	0.6485903	-0.431245	0.3826503
363028259989042	0.49657342	0.64862496	-0.43141878	0.38285565
363028264462948	0.496239	0.64859366	-0.43159118	0.3831479
363028274848521	0.4960006	0.6484822	-0.43176466	0.38344967
363028284252376	0.49581483	0.6482101	-0.43206015	0.38381693
363028294135188	0.49567708	0.647778	-0.43245584	0.3842785
363028304692115	0.49558038	0.6471879	-0.43298373	0.38480258
363028312621230	0.49550143	0.6462601	-0.43373996	0.38561106
363028324053365	0.49551412	0.64568305	-0.43418998	0.38605475
363028335209198	0.4957083	0.64481205	-0.43494296	0.38641348
363028348746386	0.496228	0.6434317	-0.436166	0.38666877
363028355627844	0.49684083	0.6420045	-0.43738636	0.38687566
363028365228573	0.49742892	0.640667	-0.4384844	0.38709408
363028374934823	0.49786296	0.6398095	-0.43916774	0.3871797
363028385995709	0.49864417	0.6384032	-0.44019005	0.38733473
363028394490240	0.49938297	0.6370502	-0.4410554	0.38762593
363028400701438	0.5000175	0.6358392	-0.44174853	0.38800675
363028411227688	0.5004267	0.6350434	-0.4421637	0.38830948
363028421642271	0.5009121	0.6339523	-0.44270957	0.3888444
363028431419146	0.5012869	0.63296944	-0.4431311	0.38948154
363028441169615	0.5015795	0.6320779	-0.4434919	0.3901418
363028450740761	0.50193655	0.6311935	-0.44388473	0.39066717
363028457189042	0.502338	0.63031256	-0.44428667	0.39111656
363028467008990	0.5025472	0.6298045	-0.44453132	0.39138794
363028476753625	0.5028568	0.628929	-0.4449593	0.39191148
363028486677063	0.50306964	0.6278572	-0.44545364	0.39279443
363028493809355	0.50308657	0.6273527	-0.44567153	0.39333108
363028508809355	0.5030952	0.62661403	-0.44596672	0.39416206
363028519463469	0.50312686	0.6253951	-0.44648796	0.3954655
363028532256125	0.5031112	0.6245723	-0.4469041	0.39631468
363028539163886	0.5029935	0.6234751	-0.4474732	0.39754766
363028549136542	0.5028266	0.6229226	-0.44771785	0.3983487
363028559966282	0.50246406	0.6221942	-0.44798768	0.39963907
363028569251907	0.50196445	0.6214565	-0.4482755	0.40108934
363028577023573	0.5015528	0.6207447	-0.4486585	0.40227655
363028587677115	0.50131375	0.620031	-0.44915706	0.40311798
363028599470032	0.50113606	0.6188975	-0.45007062	0.40406072
363028606770084	0.50111943	0.61745936	-0.45125183	0.404963
363028617061750	0.50119066	0.6164574	-0.4520852	0.40547156
363028625818573	0.5014328	0.61501706	-0.45330966	0.40599212
363028634014563	0.50168276	0.613762	-0.45443222	0.4063275
363028642238521	0.5019183	0.6125603	-0.45552734	0.40662372
363028653088261	0.5021636	0.6114251	-0.45656696	0.40686354
363028658327323	0.5024367	0.61002856	-0.45786017	0.40716895
363028669239250	0.50252974	0.60939556	-0.45845705	0.40733057
363028679197584	0.5027077	0.6081741	-0.4596733	0.40756562
363028692204667	0.50285757	0.6071205	-0.4607568	0.40772808
363028699483938	0.5029878	0.6058707	-0.46204415	0.40796962
363028712064302	0.5029992	0.6052848	-0.46261108	0.40818265
363028721356907	0.50290275	0.604477	-0.46335986	0.40864903
363028731816750	0.5027331	0.6039994	-0.46377155	0.40909663
363028740977844	0.5023906	0.60357016	-0.46411464	0.40976152
363028749059302	0.5020479	0.603225	-0.464329	0.41044626
363028760172427	0.501749	0.6029219	-0.46448177	0.4110838
363028769518573	0.5013146	0.60260993	-0.4645401	0.4120045
363028778621073	0.50088537	0.60237527	-0.46454927	0.41285816
363028789289094	0.50051796	0.6020834	-0.46465322	0.4136119
363028798148625	0.50026995	0.60161537	-0.4649545	0.41425404
363028809730865	0.5001751	0.6010912	-0.4653549	0.41467935
363028817512375	0.5001711	0.6002519	-0.466035	0.41513604
363028822752896	0.5002657	0.59934896	-0.4667386	0.41553602
363028834951125	0.50029325	0.59917307	-0.4668538	0.4156272
363028840173417	0.5005144	0.5980531	-0.46760657	0.41612735
363028851232844	0.5006554	0.59755653	-0.46795154	0.4162832
363028862902427	0.5010443	0.5964681	-0.46874073	0.4164886
363028875017479	0.5015418	0.59529227	-0.46961883	0.4165826
363028882604407	0.50204927	0.594146	-0.47050563	0.41660735
363028893664979	0.50227344	0.59352547	-0.47099772	0.41666552
363028902000657	0.50250703	0.5927783	-0.47161707	0.41674694
363028911325136	0.50261956	0.59231013	-0.47202078	0.41681993
363028924696542	0.5027453	0.59179956	-0.47246993	0.41688442
363028939696542	0.5029169	0.5906637	-0.4734219	0.41720843
363028942543677	0.5029169	0.5906637	-0.4734219	0.41720843
363028948585448	0.5029028	0.5905853	-0.47348428	0.41726556
363028960484615	0.5028591	0.590467	-0.4735863	0.4173697
363028969527011	0.5027802	0.59029484	-0.4737604	0.41751075
363028980924302	0.50277376	0.59012485	-0.47393486	0.41756088
363028988437844	0.5028182	0.58989173	-0.47416925	0.41757047
363028995844042	0.5028284	0.5897867	-0.4742661	0.4175967
363029006709042	0.5028344	0.5897309	-0.4743276	0.41759846
363029012006594	0.5028812	0.589646	-0.47442046	0.4175565
363029027006594	0.5028892	0.58963126	-0.47440347	0.417587
363029031930865	0.50273156	0.58977795	-0.47425145	0.41774234
363029046387688	0.50266474	0.58982944	-0.4741638	0.41784927
363029053899407	0.5024345	0.58996344	-0.4739689	0.41815826
363029064593625	0.5023195	0.59000623	-0.4738895	0.4183257
363029076853417	0.50212014	0.5900574	-0.4738077	0.4185857
363029084218000	0.50187963	0.59006095	-0.47376168	0.4189211
363029096510500	0.5018042	0.58998626	-0.4737938	0.41908026
363029102907479	0.5017342	0.589836	-0.47389603	0.41926008
363029113491698	0.5016888	0.5897304	-0.47396204	0.4193882
363029123673417	0.50162643	0.58957195	-0.4740817	0.4195502
363029138673417	0.5016824	0.5892367	-0.47440144	0.41959292
363029142736073	0.5016824	0.5892367	-0.47440144	0.41959292
363029151808886	0.5016923	0.58920145	-0.47443768	0.41958958
363029160975448	0.50165755	0.5892381	-0.4744316	0.41958654
363029168906386	0.50156987	0.58932304	-0.47439086	0.41961825
363029177247427	0.50150985	0.5893808	-0.47437	0.41963232
363029188899094	0.5014343	0.5894423	-0.47434938	0.41965938
363029193407271	0.5012805	0.5895584	-0.47428918	0.4197484
363029207151177	0.5011863	0.5896278	-0.47426462	0.4197908
363029215827896	0.5008842	0.5899329	-0.4741431	0.41986033
363029228361386	0.5006764	0.5901673	-0.47401512	0.41992304
363029235747011	0.5003748	0.5905655	-0.4738053	0.4199596
363029246920240	0.50020206	0.59078765	-0.47368154	0.4199926
363029258532688	0.49999067	0.5910937	-0.47349492	0.420024
363029265951646	0.49981266	0.59139776	-0.47327268	0.42005828
363029276891281	0.49970165	0.5915708	-0.4730921	0.42015004
363029286263990	0.4995246	0.5917917	-0.47284618	0.42032653
363029295499146	0.49946302	0.5918782	-0.47270584	0.4204357
363029305567063	0.49952158	0.5918452	-0.47265744	0.42046696
363029314967740	0.49961883	0.5917797	-0.47260827	0.42049894
363029324306073	0.49976835	0.59165245	-0.47261876	0.4204886
363029339306073	0.5002098	0.591341	-0.4724887	0.42054772
363029352339458	0.5002098	0.591341	-0.4724887	0.42054772
363029352426386	0.5002098	0.591341	-0.4724887	0.42054772
363029357884511	0.50021565	0.5913275	-0.47248304	0.42056638
363029370306125	0.50020367	0.59133047	-0.47240517	0.42066365
363029374940083	0.5001513	0.5913874	-0.4721946	0.42088243
363029386204667	0.5001331	0.5913965	-0.47212255	0.420972
363029393742636	0.50013113	0.5913867	-0.47201276	0.42111132
363029404699719	0.50018984	0.591363	-0.47198668	0.42110386
363029416298990	0.50029546	0.5912713	-0.4719894	0.4211044
363029428549094	0.50035185	0.5912302	-0.4719676	0.4211194
363029438920188	0.50035673	0.59129	-0.47187752	0.42113066
363029448034511	0.500301	0.5913958	-0.47178108	0.42115617
363029456180500	0.5002568	0.59146035	-0.4717218	0.42118454
363029464356281	0.5002035	0.59149647	-0.47165704	0.42126966
363029471953104	0.50009817	0.5915175	-0.4716158	0.42141122
363029483496333	0.50004303	0.5915242	-0.47160003	0.42148492
363029490186125	0.49995598	0.59152097	-0.47164768	0.42153943
363029499175813	0.49989504	0.59151065	-0.47171554	0.4215502
363029508219615	0.49983087	0.5914986	-0.4717841	0.42156643
363029518004979	0.49975848	0.59152913	-0.47179246	0.42160013
363029531551438	0.4996568	0.5916092	-0.4717644	0.42163977
363029537319823	0.49957433	0.5916632	-0.47176692	0.4216589
363029547199875	0.49954715	0.591675	-0.47179022	0.42164847
363029556969042	0.4994989	0.59170634	-0.47178632	0.42166597
363029566737219	0.49940273	0.5918046	-0.47173458	0.42169988
363029575675917	0.49927253	0.5919656	-0.4716548	0.4217171
363029590675917	0.49915865	0.5920991	-0.47160062	0.4217254
363029605675917	0.49878767	0.59289795	-0.47108668	0.42161623
363029620675917	0.49878767	0.59289795	-0.47108668	0.42161623
363029623785552	0.49878767	0.59289795	-0.47108668	0.42161623
363029628291385	0.4987809	0.59295446	-0.4710229	0.42161608
363029639111750	0.4987655	0.59303135	-0.47093377	0.4216258
363029648875604	0.49877873	0.59317696	-0.47079974	0.42155504
363029659211958	0.49880815	0.59334594	-0.4706991	0.42139453
363029663072063	0.49881056	0.5933873	-0.47065103	0.42138714
363029672018885	0.4988148	0.59342587	-0.47060597	0.42137837
