1537158517116	0.7155932	0.4456222	-0.52063346	0.13523328
1537158517116	0.7155932	0.4456222	-0.52063346	0.13523328
1537158517116	0.7155932	0.4456222	-0.52063346	0.13523328
1537158517116	0.7155932	0.4456222	-0.52063346	0.13523328
1537158517116	0.7155932	0.4456222	-0.52063346	0.13523328
1537158517116	0.7155932	0.4456222	-0.52063346	0.13523328
1537158517116	0.7155932	0.4456222	-0.52063346	0.13523328
1537158517116	0.7155932	0.4456222	-0.52063346	0.13523328
1537158517117	0.71557146	0.44572827	-0.52061194	0.13508187
1537158517117	0.71557146	0.44572827	-0.52061194	0.13508187
1537158517146	0.71560144	0.44569594	-0.5206058	0.13505334
1537158517146	0.7158733	0.44607997	-0.52013534	0.13415438
1537158517146	0.7158733	0.44607997	-0.52013534	0.13415438
1537158517148	0.7159278	0.44609848	-0.5200937	0.13396329
1537158517152	0.71600163	0.44604144	-0.5200602	0.13388881
1537158517162	0.7161032	0.44600773	-0.5199639	0.13383201
1537158517172	0.71617246	0.4461462	-0.51978236	0.13370495
1537158517178	0.71633905	0.44621146	-0.5195075	0.13366278
1537158517191	0.7163933	0.44636124	-0.5193405	0.1335213
1537158517199	0.71648633	0.44651425	-0.51911366	0.13339171
1537158517207	0.716594	0.4465076	-0.5190178	0.13320912
1537158517217	0.7166446	0.44655493	-0.51893663	0.13309437
1537158517234	0.7167254	0.4466973	-0.5187263	0.13300125
1537158517245	0.71684	0.44682652	-0.5184924	0.1328614
1537158517253	0.7169587	0.44691887	-0.5182806	0.13273636
1537158517275	0.71728677	0.44688755	-0.5179735	0.13226765
1537158517276	0.71728677	0.44688755	-0.5179735	0.13226765
1537158517286	0.71738577	0.44684175	-0.517916	0.13210988
1537158517292	0.7175217	0.4466613	-0.5179703	0.13176918
1537158517304	0.7176974	0.44631732	-0.51813745	0.13132024
1537158517313	0.7178708	0.44589624	-0.51843774	0.130616
1537158517324	0.7175496	0.44649646	-0.51835483	0.13065925
1537158517332	0.7169386	0.4476107	-0.51821727	0.1307461
1537158517343	0.71662706	0.44824713	-0.51816285	0.13048968
1537158517351	0.7162041	0.44908077	-0.5181864	0.12985013
1537158517363	0.71586835	0.44993138	-0.51804155	0.1293343
1537158517384	0.7154186	0.4510231	-0.5178215	0.12890083
1537158517387	0.714814	0.45258862	-0.5174298	0.12833926
1537158517388	0.7145358	0.4536526	-0.5169752	0.12796354
1537158517396	0.7146503	0.45363444	-0.5168578	0.12786287
1537158517403	0.7146984	0.4540273	-0.5164491	0.12785089
1537158517413	0.71489376	0.45433164	-0.51590526	0.12787282
1537158517422	0.7153549	0.45434165	-0.51524454	0.12792219
1537158517444	0.7157411	0.4543923	-0.5146451	0.12799497
1537158517445	0.71623564	0.454529	-0.5138078	0.12810746
1537158517453	0.71664155	0.4544164	-0.51333237	0.12814304
1537158517463	0.71702635	0.45421523	-0.5129761	0.1281305
1537158517472	0.7174945	0.4539623	-0.512583	0.12797871
1537158517482	0.71783775	0.4537468	-0.51231515	0.12789083
1537158517498	0.71840686	0.45314592	-0.51211715	0.12761809
1537158517507	0.7188324	0.452901	-0.51180756	0.12733339
1537158517517	0.71894646	0.45294473	-0.51167446	0.1270682
1537158517526	0.7190623	0.4525174	-0.51217604	0.1259087
1537158517532	0.7191057	0.45201653	-0.51286733	0.12464037
1537158517541	0.71915925	0.45167038	-0.5133595	0.12355538
1537158517557	0.7189239	0.45210388	-0.5133919	0.12320391
1537158517565	0.71861166	0.4527431	-0.51329905	0.123065315
1537158517586	0.718258	0.45352274	-0.51320255	0.122660995
1537158517586	0.718258	0.45352274	-0.51320255	0.122660995
1537158517591	0.71818733	0.45363924	-0.5131744	0.12276167
1537158517603	0.7181026	0.45373616	-0.51316375	0.12294422
1537158517609	0.71793324	0.4540865	-0.51295966	0.123489656
1537158517622	0.7178254	0.45417947	-0.51297027	0.12373092
1537158517632	0.7177616	0.45430076	-0.5129079	0.12391387
1537158517637	0.7177559	0.45418578	-0.5130364	0.12383657
1537158517651	0.7177853	0.45402268	-0.51315254	0.12378296
1537158517656	0.71790624	0.45356065	-0.51344746	0.123552375
1537158517669	0.71809036	0.45323482	-0.51353514	0.123312935
1537158517679	0.7183722	0.4526575	-0.5137473	0.12290761
1537158517689	0.7185277	0.45243546	-0.51376075	0.1227606
1537158517700	0.7185941	0.45237926	-0.51372707	0.122719385
1537158517711	0.7187444	0.4521914	-0.5137284	0.1225261
1537158517720	0.71875995	0.4522638	-0.5136715	0.12240624
1537158517731	0.7188882	0.4522556	-0.51350594	0.12237836
1537158517738	0.71898216	0.45238712	-0.5132786	0.122293845
1537158517751	0.71888524	0.45265985	-0.5131758	0.122285955
1537158517758	0.7187409	0.45303106	-0.5130618	0.122237265
1537158517767	0.71865124	0.45323145	-0.51301366	0.122223675
1537158517775	0.71848226	0.45365366	-0.5128523	0.122328065
1537158517782	0.7185876	0.45367372	-0.5127054	0.12225109
1537158517794	0.71881515	0.45351425	-0.5125584	0.12212133
1537158517801	0.7190227	0.45345777	-0.51232785	0.12207671
1537158517815	0.719205	0.45334122	-0.51217955	0.12205794
1537158517821	0.71959084	0.4528958	-0.51206887	0.12190184
1537158517837	0.7198114	0.45259997	-0.5120518	0.121769406
1537158517842	0.7201202	0.45208648	-0.5121262	0.12153844
1537158517863	0.72057503	0.4510199	-0.51254874	0.12102277
1537158517863	0.72057503	0.4510199	-0.51254874	0.12102277
1537158517885	0.7210564	0.45004508	-0.5127445	0.120955504
1537158517885	0.7210564	0.45004508	-0.5127445	0.120955504
1537158517891	0.7212033	0.44988382	-0.5126621	0.12102883
1537158517906	0.72139287	0.44964823	-0.51259804	0.1210462
1537158517913	0.72169614	0.44923043	-0.51247656	0.12130393
1537158517925	0.72190714	0.448953	-0.51243496	0.12125092
1537158517929	0.7221072	0.44872302	-0.5123615	0.12122117
1537158517940	0.7222663	0.4485285	-0.5123333	0.12111237
1537158517950	0.7223771	0.44840512	-0.5123071	0.1210194
1537158517959	0.7223853	0.44837868	-0.5123248	0.120993175
1537158517971	0.72243005	0.44835207	-0.5122725	0.121046394
1537158517976	0.7226168	0.44826186	-0.5120858	0.121055156
1537158517988	0.7226011	0.44835785	-0.5120167	0.12108571
1537158517997	0.7226963	0.44839558	-0.51186967	0.12100008
1537158518007	0.722869	0.4481911	-0.5118893	0.1206422
1537158518016	0.72295916	0.4480858	-0.5119465	0.12024935
1537158518022	0.72306365	0.44799122	-0.5119638	0.119900316
1537158518034	0.72324044	0.44772288	-0.5120297	0.119553424
1537158518041	0.7234472	0.4474191	-0.5121025	0.1191274
1537158518061	0.723474	0.4473247	-0.512201	0.118896104
1537158518065	0.7237036	0.44693765	-0.51234764	0.118320316
1537158518077	0.7237494	0.4468461	-0.512413	0.11810267
1537158518108	0.7243499	0.44579044	-0.51292074	0.11619141
1537158518108	0.7243499	0.44579044	-0.51292074	0.11619141
1537158518108	0.7243499	0.44579044	-0.51292074	0.11619141
1537158518115	0.7243402	0.44576567	-0.5129853	0.116061926
1537158518129	0.724394	0.44555143	-0.51319075	0.11563998
1537158518157	0.72440046	0.44521007	-0.5136304	0.11495982
1537158518157	0.72433203	0.44471335	-0.5144175	0.11378806
1537158518157	0.72433203	0.44471335	-0.5144175	0.11378806
1537158518162	0.7241728	0.44491005	-0.51444167	0.113924325
1537158518179	0.7239951	0.4449926	-0.5146307	0.11387678
1537158518186	0.72389424	0.4448514	-0.51496506	0.11355802
1537158518196	0.7238293	0.4447563	-0.5151683	0.113422215
1537158518201	0.7237084	0.4446493	-0.51547265	0.11323055
1537158518208	0.72361666	0.44462883	-0.51563364	0.11316445
1537158518225	0.7236326	0.44439235	-0.51586205	0.11295067
1537158518244	0.7239687	0.44397083	-0.5157949	0.11276067
1537158518244	0.7239687	0.44397083	-0.5157949	0.11276067
1537158518249	0.7239011	0.44414997	-0.51568425	0.11299479
1537158518257	0.72382677	0.44432953	-0.51560163	0.11314247
1537158518269	0.72383386	0.4443131	-0.515621	0.11307307
1537158518282	0.7238069	0.4443613	-0.5156516	0.11291625
1537158518286	0.72372025	0.44446144	-0.5157436	0.11265717
1537158518304	0.7235782	0.44464448	-0.5157711	0.11272113
1537158518305	0.72344536	0.4447481	-0.51594025	0.1123905
1537158518325	0.72342247	0.44482628	-0.5159059	0.11238621
1537158518329	0.7234866	0.4448037	-0.5158534	0.11230343
1537158518335	0.7233543	0.44508582	-0.5157455	0.11253331
1537158518345	0.72329843	0.44519293	-0.5157119	0.11262301
1537158518355	0.723179	0.4454509	-0.51561594	0.112808935
1537158518365	0.723093	0.4456888	-0.51549226	0.112985864
1537158518376	0.7230385	0.44588545	-0.5153645	0.11314143
1537158518388	0.72296304	0.4460664	-0.5153016	0.11319687
1537158518399	0.7228777	0.44617546	-0.51532173	0.11322094
1537158518405	0.72277355	0.4462732	-0.5153881	0.113197565
1537158518429	0.72268826	0.4463791	-0.51540345	0.11325554
1537158518429	0.72265226	0.44639534	-0.5154194	0.11334766
1537158518432	0.7226515	0.44635063	-0.515451	0.1133858
1537158518444	0.7225569	0.4464225	-0.51550764	0.11344765
1537158518454	0.72253156	0.44633067	-0.5156357	0.113388054
1537158518462	0.7223694	0.44651535	-0.5156736	0.11352178
1537158518469	0.7223287	0.44660777	-0.5156221	0.113651544
1537158518479	0.72227436	0.44675854	-0.51553714	0.11378925
1537158518489	0.7221333	0.44708508	-0.5153958	0.114042245
1537158518499	0.72200394	0.44729146	-0.5153616	0.11420652
1537158518508	0.7218491	0.4474391	-0.5154421	0.114244565
1537158518519	0.7216406	0.4476401	-0.515542	0.114323035
1537158518531	0.7214325	0.44783828	-0.51564574	0.11439155
1537158518541	0.7211204	0.44816768	-0.5157647	0.114533395
1537158518548	0.7210158	0.4482105	-0.5158698	0.11455046
1537158518559	0.72086936	0.44828096	-0.5159939	0.11463789
1537158518570	0.7207736	0.4483218	-0.5160813	0.11468781
1537158518577	0.72058827	0.4483688	-0.51628	0.1147745
1537158518589	0.72055507	0.44827276	-0.51641256	0.11476038
1537158518600	0.7204812	0.44821742	-0.51655	0.114821754
1537158518606	0.72035223	0.44823873	-0.516697	0.11488703
1537158518618	0.7203172	0.44818097	-0.5168105	0.11482149
1537158518629	0.7202671	0.44808906	-0.51698667	0.11470123
1537158518638	0.7201397	0.44805974	-0.517222	0.114554636
1537158518646	0.71999085	0.44808406	-0.51743466	0.11443528
1537158518657	0.71994466	0.44799376	-0.5176153	0.114261605
1537158518666	0.71982414	0.44801793	-0.5177917	0.11412689
1537158518673	0.7196517	0.4481672	-0.5179115	0.114084974
1537158518686	0.7195011	0.44833264	-0.5179877	0.114039056
1537158518691	0.7194649	0.44819593	-0.518245	0.11363502
1537158518703	0.7194258	0.44824332	-0.51831543	0.11337371
1537158518711	0.7192165	0.4485747	-0.5183783	0.1131034
1537158518722	0.71908444	0.44876832	-0.5184585	0.112806804
1537158518733	0.71887755	0.44899306	-0.51867366	0.11224057
1537158518740	0.71854883	0.44933537	-0.5189739	0.11158603
1537158518752	0.71846014	0.44945785	-0.5191197	0.11098411
1537158518764	0.7183165	0.44976568	-0.5192205	0.11019297
1537158518776	0.7183339	0.4499324	-0.5192056	0.10946619
1537158518780	0.7184663	0.4501425	-0.51894987	0.1089449
1537158518791	0.71857935	0.45023835	-0.51873064	0.10884725
1537158518800	0.7186808	0.4505352	-0.51839125	0.10856523
1537158518809	0.71894795	0.45059046	-0.51802915	0.10829557
1537158518820	0.7192702	0.45058906	-0.51764375	0.10800393
1537158518830	0.719518	0.45067272	-0.5172677	0.107806236
1537158518838	0.7198049	0.45067498	-0.51693046	0.107498966
1537158518851	0.72016585	0.4505487	-0.51661366	0.10713295
1537158518860	0.7207483	0.4502124	-0.5162436	0.106411114
1537158518871	0.72132593	0.4499392	-0.5157797	0.10590072
1537158518879	0.7219138	0.44980526	-0.5151562	0.1054978
1537158518890	0.7225004	0.44965976	-0.5145299	0.105158314
1537158518899	0.72325593	0.4494796	-0.5137278	0.104655825
1537158518909	0.72406083	0.4492147	-0.5129315	0.10413213
1537158518915	0.72502667	0.4489052	-0.51197743	0.10343934
1537158518928	0.7257321	0.44882584	-0.5111161	0.103096336
1537158518931	0.72692513	0.4483938	-0.5099618	0.10228356
1537158518945	0.7273938	0.44844618	-0.5093008	0.102014445
1537158518954	0.72876483	0.44798347	-0.50797766	0.10085394
1537158518965	0.7298008	0.44774008	-0.5068556	0.10008571
1537158518977	0.73096335	0.4475275	-0.5055487	0.09915818
1537158518983	0.7323695	0.44710702	-0.5041103	0.09799577
1537158518996	0.7331201	0.44709837	-0.5031252	0.09748455
1537158519005	0.73475426	0.44666326	-0.5013758	0.09617985
1537158519014	0.73616177	0.44609323	-0.50003827	0.09501844
1537158519025	0.7373104	0.44601774	-0.49856114	0.09422538
1537158519031	0.73875695	0.44597465	-0.49664992	0.09318631
1537158519042	0.7394929	0.44620857	-0.49542746	0.09273566
1537158519054	0.7408195	0.44615737	-0.4936689	0.091767184
1537158519061	0.7423674	0.44615388	-0.49156308	0.09057139
1537158519073	0.7433552	0.44619158	-0.4901683	0.089840725
1537158519082	0.74502426	0.44605774	-0.4879873	0.08854207
1537158519092	0.746258	0.44618487	-0.48615685	0.087576
1537158519101	0.74739176	0.44648188	-0.4843006	0.08667493
1537158519126	0.75103056	0.44634736	-0.47927913	0.08377763
1537158519126	0.75103056	0.44634736	-0.47927913	0.08377763
1537158519130	0.7519808	0.44656187	-0.47770923	0.08307444
1537158519144	0.75265974	0.44684386	-0.47645777	0.08259447
1537158519150	0.7548125	0.44690672	-0.47326428	0.080953285
1537158519162	0.7571112	0.4468301	-0.4699679	0.079092756
1537158519169	0.7575648	0.447197	-0.4689467	0.0787368
1537158519179	0.7581226	0.44762737	-0.4677009	0.0783321
1537158519186	0.7596987	0.44760808	-0.46537003	0.07704327
1537158519198	0.7607282	0.44769	-0.4637431	0.07621536
1537158519206	0.7628215	0.44739994	-0.46086454	0.07443376
1537158519220	0.7641488	0.4473013	-0.45893672	0.07331594
1537158519226	0.76645046	0.44696873	-0.4557213	0.07135015
1537158519239	0.7674481	0.44701928	-0.4541056	0.0706083
1537158519246	0.7699353	0.44617763	-0.45101145	0.06865691
1537158519258	0.771022	0.4462127	-0.44923767	0.06785907
1537158519266	0.77328193	0.4456886	-0.44615307	0.06591099
1537158519277	0.77472585	0.44532335	-0.44422013	0.06446368
1537158519284	0.7770651	0.44429561	-0.4415294	0.061831407
1537158519296	0.7782433	0.44400787	-0.4399361	0.060420647
1537158519306	0.78066474	0.4429393	-0.43708193	0.057677325
1537158519314	0.7826396	0.4423044	-0.43444788	0.05565282
1537158519326	0.7841916	0.4420178	-0.4321123	0.054247383
1537158519335	0.78632224	0.44166178	-0.42882192	0.052382957
1537158519345	0.78749216	0.44192272	-0.42650545	0.051513873
1537158519354	0.7889618	0.4422196	-0.4235946	0.05048439
1537158519366	0.7901597	0.44263348	-0.421008	0.049755808
1537158519376	0.7917884	0.44284412	-0.4178387	0.048693277
1537158519380	0.79321194	0.44296172	-0.41510722	0.047810283
1537158519388	0.79349005	0.44365713	-0.41383088	0.047813483
1537158519400	0.79456097	0.4438255	-0.41167802	0.047042888
1537158519408	0.7962539	0.443575	-0.40884	0.045506544
1537158519429	0.79961544	0.44272783	-0.40353703	0.042012304
1537158519429	0.79961544	0.44272783	-0.40353703	0.042012304
1537158519440	0.7996254	0.44324663	-0.40296242	0.041869875
1537158519453	0.80129	0.44270167	-0.4004488	0.039877243
1537158519461	0.80306846	0.44207078	-0.39779884	0.037559222
1537158519473	0.8043224	0.4412027	-0.39637744	0.035923444
1537158519485	0.8057142	0.44086933	-0.39409214	0.033914957
1537158519493	0.8069799	0.4406724	-0.39186546	0.032137245
1537158519508	0.8076662	0.4408571	-0.3903244	0.031101523
1537158519508	0.80913526	0.4408928	-0.38737905	0.029173836
1537158519524	0.8085593	0.44181347	-0.3875103	0.029470703
1537158519533	0.8099373	0.44204354	-0.38448802	0.027715042
1537158519541	0.8104647	0.44270644	-0.3826642	0.026946764
1537158519547	0.8110599	0.44347516	-0.3805613	0.026165532
1537158519556	0.8110288	0.4442412	-0.37974206	0.02604121
1537158519569	0.8113778	0.44511828	-0.37798822	0.025705762
1537158519576	0.8121417	0.44584924	-0.3755169	0.025127377
1537158519584	0.8122485	0.446433	-0.3746069	0.024890792
1537158519595	0.81251055	0.44697696	-0.37341815	0.024434974
1537158519604	0.8128588	0.44753152	-0.3720365	0.02376838
1537158519612	0.81302845	0.4478826	-0.37128416	0.023110244
1537158519624	0.81305325	0.44828096	-0.37078172	0.02257593
1537158519634	0.81340665	0.44866934	-0.36958593	0.021721762
1537158519643	0.81343627	0.4491167	-0.36900878	0.021169666
1537158519654	0.8134501	0.4494836	-0.36856434	0.020584896
1537158519661	0.8136305	0.4497009	-0.3679432	0.01980756
1537158519672	0.81419605	0.44918507	-0.36737984	0.018700859
1537158519682	0.81331927	0.44952652	-0.3688858	0.019000333
1537158519693	0.81323075	0.44954923	-0.3690875	0.018324045
1537158519700	0.81329846	0.44955087	-0.36898	0.017424744
1537158519710	0.81298226	0.44984967	-0.36932623	0.017127058
1537158519727	0.8129178	0.4498386	-0.3695107	0.016483648
1537158519735	0.8126684	0.45007443	-0.36979046	0.016064974
1537158519746	0.8122572	0.45038927	-0.37030703	0.016141215
1537158519751	0.8118385	0.45071766	-0.3708165	0.016340792
1537158519765	0.8112245	0.451224	-0.37152007	0.016869856
1537158519776	0.81071824	0.45129856	-0.37251076	0.017360425
1537158519780	0.81000596	0.4515087	-0.37377185	0.018026764
1537158519806	0.8093705	0.45158258	-0.37503263	0.01852227
1537158519806	0.8084945	0.45139837	-0.37710226	0.01923538
1537158519812	0.80749387	0.45107955	-0.3795763	0.020069065
1537158519823	0.8064365	0.45109782	-0.38174567	0.021006329
1537158519828	0.805791	0.4516029	-0.38248122	0.021536304
1537158519842	0.8050093	0.4518412	-0.38380268	0.022252098
1537158519846	0.8038222	0.4519067	-0.3861349	0.023450809
1537158519859	0.8030339	0.4523604	-0.38720015	0.024141409
1537158519867	0.80170757	0.4525008	-0.38970184	0.025309207
1537158519878	0.8006008	0.4529227	-0.39141163	0.026385574
1537158519888	0.79928184	0.45312062	-0.39376906	0.027859518
1537158519898	0.79809916	0.45335516	-0.39579654	0.029186923
1537158519910	0.7971014	0.45290008	-0.39823058	0.030387646
1537158519916	0.79521316	0.452999	-0.40171257	0.032480095
1537158519927	0.79433155	0.45369798	-0.40259808	0.033321746
1537158519938	0.79252803	0.45402455	-0.40559867	0.035367187
1537158519947	0.790584	0.45447934	-0.4086727	0.037579503
1537158519955	0.78870285	0.45495275	-0.41156694	0.039729167
1537158519966	0.786997	0.45529222	-0.41425627	0.041669115
1537158519976	0.7848402	0.455648	-0.41769168	0.044096205
1537158519982	0.7827018	0.45588621	-0.42116952	0.046495873
1537158519994	0.78127736	0.456272	-0.4232044	0.04816403
1537158520004	0.7785477	0.4567098	-0.4273452	0.051534098
1537158520012	0.7762102	0.45708576	-0.43081406	0.054492697
1537158520021	0.774166	0.45752797	-0.43367258	0.05712576
1537158520035	0.77169394	0.4582088	-0.43690875	0.06036502
1537158520039	0.76772374	0.45917976	-0.44210672	0.06554198
1537158520054	0.76678437	0.45973584	-0.44296852	0.06681055
1537158520058	0.76263756	0.46081865	-0.44813728	0.07213342
1537158520074	0.76040155	0.46142212	-0.45082766	0.07505747
1537158520082	0.7557861	0.4625151	-0.4564338	0.080840476
1537158520087	0.7536271	0.4630191	-0.45898038	0.083645605
1537158520099	0.75211865	0.46338972	-0.46070725	0.0856533
1537158520111	0.7483222	0.46423575	-0.4650977	0.090461746
1537158520122	0.74410796	0.46533105	-0.4696571	0.09587825
1537158520129	0.7399535	0.46669564	-0.47373614	0.10118349
1537158520141	0.73760015	0.4671002	-0.4763539	0.104165494
1537158520149	0.7335439	0.468051	-0.48058486	0.10899456
1537158520160	0.73049897	0.46874222	-0.48371905	0.112552226
1537158520172	0.72601527	0.46965718	-0.48834458	0.11765851
1537158520179	0.72203475	0.47028124	-0.4925388	0.122094035
1537158520191	0.7192478	0.47075057	-0.49537084	0.12523659
1537158520202	0.71464795	0.47166017	-0.49987617	0.13014945
1537158520205	0.7102466	0.47235948	-0.5042738	0.13466349
1537158520217	0.7082131	0.4722449	-0.5066912	0.13668574
1537158520227	0.70382816	0.4726627	-0.51127833	0.14074995
1537158520235	0.6995724	0.4729296	-0.5158012	0.14451742
1537158520246	0.69628775	0.47286865	-0.51947165	0.1474035
1537158520255	0.69168645	0.47326103	-0.52407235	0.15146628
1537158520264	0.6870612	0.4736923	-0.5285752	0.15546979
1537158520272	0.6835743	0.47374445	-0.53216803	0.15839669
1537158520280	0.6791592	0.47417316	-0.5363111	0.16208996
1537158520291	0.67570865	0.47430167	-0.53968656	0.16490677
1537158520299	0.67088413	0.47473347	-0.54413104	0.16871318
1537158520311	0.6665301	0.47493973	-0.54829913	0.17186628
1537158520321	0.66001207	0.47589675	-0.5538444	0.17652974
1537158520332	0.6548623	0.47629228	-0.5585301	0.17984794
1537158520343	0.64910895	0.4768742	-0.56359696	0.1833224
1537158520352	0.6426662	0.47752568	-0.5692013	0.1869742
1537158520361	0.6368224	0.4791666	-0.57310516	0.19080666
1537158520373	0.63284993	0.47876385	-0.5772149	0.19263738
1537158520379	0.6262899	0.47894302	-0.5830581	0.196005
1537158520391	0.62428385	0.47800425	-0.58579385	0.1965383
1537158520401	0.6182487	0.47804365	-0.59116817	0.19940667
1537158520409	0.6132446	0.47772723	-0.59593874	0.20140722
1537158520418	0.6091495	0.47712708	-0.60018325	0.2026495
1537158520429	0.60151064	0.47709885	-0.60691035	0.20547904
1537158520438	0.6020777	0.47553656	-0.60799646	0.20422472
1537158520449	0.597766	0.47468117	-0.61254334	0.20529088
1537158520459	0.59379774	0.4738806	-0.6166402	0.20638855
1537158520468	0.5897843	0.47327104	-0.6205147	0.20767872
1537158520479	0.58651185	0.4724007	-0.6240171	0.20843254
1537158520484	0.58259827	0.47172147	-0.62783486	0.20947912
1537158520495	0.5821001	0.4703688	-0.6295279	0.20882352
1537158520504	0.5783957	0.46949637	-0.63335073	0.2095194
1537158520515	0.57664794	0.4684009	-0.6357639	0.2094806
1537158520524	0.57373387	0.46765366	-0.6386897	0.21024972
1537158520535	0.57254744	0.46687937	-0.6402082	0.21058618
1537158520542	0.57020336	0.4662538	-0.6425212	0.2112865
1537158520554	0.56966764	0.4655206	-0.6435586	0.21119107
1537158520564	0.56582725	0.4670032	-0.64507425	0.21360426
1537158520576	0.56424266	0.46645507	-0.64684325	0.21364418
1537158520583	0.5626042	0.46578965	-0.6487981	0.21348917
1537158520594	0.5626699	0.46453294	-0.649993	0.21241693
1537158520606	0.5609762	0.46371397	-0.6521537	0.21206318
1537158520613	0.55929005	0.46309397	-0.6541301	0.21178432
1537158520623	0.5593634	0.46190444	-0.65530455	0.2105535
1537158520634	0.5582176	0.4613546	-0.6568745	0.20990682
1537158520642	0.55726033	0.4607901	-0.6583646	0.20902067
1537158520652	0.5570237	0.4599995	-0.6594871	0.20785038
1537158520663	0.556372	0.45931786	-0.66084635	0.20678373
1537158520671	0.5559791	0.45841122	-0.66216063	0.20564441
1537158520705	0.5544189	0.45562077	-0.6664123	0.202297
1537158520705	0.5544189	0.45562077	-0.6664123	0.202297
1537158520705	0.5544189	0.45562077	-0.6664123	0.202297
1537158520710	0.55585515	0.45415708	-0.66674376	0.20054738
1537158520723	0.5565609	0.45313796	-0.66724527	0.19922319
1537158520727	0.55663866	0.45245206	-0.66793865	0.19823857
1537158520742	0.5575046	0.4514828	-0.6682646	0.19691187
1537158520746	0.55740774	0.45113632	-0.6688159	0.19610687
1537158520757	0.5582455	0.45018682	-0.6691454	0.19477755
1537158520767	0.55886805	0.449333	-0.6696065	0.19337429
1537158520780	0.5593551	0.4487797	-0.6699125	0.19218759
1537158520787	0.5596301	0.44851473	-0.6701957	0.19101417
1537158520796	0.5592692	0.44907922	-0.67014325	0.19092937
1537158520807	0.55977666	0.44854623	-0.6704698	0.1895434
1537158520817	0.56042594	0.44808325	-0.6706026	0.18824536
1537158520827	0.5613734	0.44737434	-0.6706597	0.18690008
1537158520835	0.56214744	0.44708952	-0.6704982	0.1858316
1537158520846	0.56325614	0.4462213	-0.67053574	0.18442069
1537158520853	0.56428784	0.4457401	-0.6702999	0.18328401
1537158520865	0.56527734	0.44503465	-0.67025733	0.18210126
1537158520874	0.5665423	0.44439295	-0.66994077	0.1808981
1537158520884	0.56774974	0.44364586	-0.6697441	0.17967048
1537158520895	0.56899446	0.4428418	-0.6695538	0.17842159
1537158520902	0.5701606	0.4422952	-0.66919893	0.17738302
1537158520911	0.5711379	0.44164675	-0.6690698	0.17633855
1537158520920	0.5722748	0.44078302	-0.6689903	0.17511111
1537158520928	0.5735012	0.43992501	-0.668769	0.17409906
1537158520946	0.57472	0.43905365	-0.6685468	0.17313007
1537158520950	0.5763078	0.4382019	-0.6679598	0.17227337
1537158520963	0.5772296	0.43740225	-0.667922	0.17136393
1537158520984	0.57864916	0.4366351	-0.6673798	0.17064336
1537158520985	0.58010095	0.43598926	-0.6666569	0.17019057
1537158520989	0.58129317	0.4353872	-0.6661384	0.16969348
1537158521013	0.5835769	0.43368283	-0.6657556	0.16771027
1537158521013	0.5835769	0.43368283	-0.6657556	0.16771027
1537158521020	0.5842886	0.4335674	-0.6652492	0.16753972
1537158521031	0.58531994	0.43289483	-0.66500264	0.1666557
1537158521042	0.5868643	0.4320137	-0.66445786	0.1656812
1537158521052	0.5885213	0.43104824	-0.66389406	0.16457449
1537158521059	0.590221	0.43000433	-0.6633461	0.16342466
1537158521074	0.59141755	0.4293568	-0.66288906	0.16265328
1537158521080	0.594111	0.42811635	-0.6615766	0.16144606
1537158521091	0.5957191	0.42739266	-0.66076607	0.1607563
1537158521097	0.59842575	0.42620504	-0.65935737	0.15963635
1537158521107	0.60046446	0.42535403	-0.6582494	0.15882118
1537158521122	0.60339755	0.42426243	-0.65651864	0.15778536
1537158521129	0.60602885	0.42330667	-0.6549408	0.15682212
1537158521137	0.60807765	0.4226134	-0.65366435	0.15608452
1537158521151	0.6102366	0.4220176	-0.65222853	0.15527584
1537158521157	0.6138262	0.4208519	-0.649974	0.15373705
1537158521187	0.622536	0.41817862	-0.6442369	0.15011446
1537158521187	0.622536	0.41817862	-0.6442369	0.15011446
1537158521187	0.622536	0.41817862	-0.6442369	0.15011446
1537158521194	0.62260413	0.41826704	-0.6441062	0.1501471
1537158521202	0.6248357	0.41734478	-0.64278823	0.14908735
1537158521212	0.6268526	0.41663727	-0.6414706	0.14827272
1537158521224	0.62935954	0.41574466	-0.6398447	0.14717953
1537158521247	0.63634276	0.41323933	-0.6353048	0.14383693
1537158521247	0.63634276	0.41323933	-0.6353048	0.14383693
1537158521254	0.63836414	0.41241294	-0.63407713	0.14266379
1537158521264	0.64033526	0.41182724	-0.63267297	0.1417532
1537158521272	0.64286125	0.41085842	-0.63103837	0.14041181
1537158521284	0.6451319	0.41010106	-0.6294652	0.13926789
1537158521310	0.6484388	0.40888903	-0.62721705	0.13760708
1537158521311	0.65261316	0.4073813	-0.6243161	0.13552152
1537158521312	0.65599394	0.40636203	-0.6217658	0.13397482
1537158521321	0.65580493	0.40687257	-0.62155706	0.13431865
1537158521330	0.65796345	0.40657187	-0.619656	0.13345365
1537158521340	0.66042465	0.40622386	-0.6174928	0.13237925
1537158521349	0.66251534	0.40620118	-0.6154465	0.13152868
1537158521359	0.66452616	0.406241	-0.6134374	0.13064396
1537158521371	0.66682243	0.40614787	-0.61124444	0.1295067
1537158521378	0.6696414	0.40601555	-0.60854876	0.12806393
1537158521385	0.67120355	0.4061592	-0.6068779	0.12735717
1537158521396	0.6725409	0.40652594	-0.60522926	0.12697639
1537158521405	0.6754667	0.40643525	-0.6022907	0.12570253
1537158521414	0.6778967	0.40637076	-0.59980935	0.124690585
1537158521424	0.68002367	0.4063814	-0.5975708	0.12381909
1537158521436	0.68238306	0.406501	-0.59499717	0.122836
1537158521447	0.68510675	0.40633592	-0.59225386	0.12147157
1537158521456	0.6889165	0.40504032	-0.58922875	0.11893624
1537158521465	0.6910809	0.4050347	-0.5868937	0.1179404
1537158521477	0.6936766	0.40471366	-0.5843233	0.11655912
1537158521484	0.69672143	0.40463075	-0.5810342	0.11511939
1537158521495	0.69818723	0.40490913	-0.5791714	0.114645764
1537158521506	0.70116246	0.4046558	-0.5760398	0.11315106
1537158521512	0.70394194	0.4043684	-0.5731324	0.11167433
1537158521524	0.70523554	0.40485114	-0.5712664	0.11132495
1537158521535	0.7080282	0.4049903	-0.56795734	0.11001574
1537158521544	0.71042347	0.40525717	-0.56497955	0.10891845
1537158521556	0.7125214	0.40574786	-0.562148	0.10803644
1537158521563	0.71523434	0.40600976	-0.5587649	0.10666633
1537158521576	0.7159575	0.40674174	-0.5573305	0.10653106
1537158521582	0.7189018	0.40663347	-0.5539615	0.10467173
1537158521591	0.7195222	0.4072509	-0.5527447	0.10444136
1537158521599	0.7211145	0.40760016	-0.5505864	0.103492804
1537158521609	0.7225246	0.4079273	-0.5486582	0.10260554
1537158521620	0.7243086	0.40814215	-0.5463528	0.10146716
1537158521628	0.72619677	0.40823755	-0.5440061	0.10018871
1537158521637	0.72750163	0.4085249	-0.5421965	0.099356346
1537158521648	0.7287704	0.40881902	-0.5404158	0.09854718
1537158521659	0.7305525	0.4090234	-0.53806794	0.09734424
1537158521669	0.73224455	0.40925097	-0.53579164	0.09622303
1537158521678	0.7335961	0.4095843	-0.5338474	0.09531216
1537158521689	0.735171	0.40878835	-0.53255415	0.09381836
1537158521701	0.7359585	0.4093812	-0.53109324	0.09333914
1537158521711	0.737106	0.40979078	-0.5293159	0.0925794
1537158521722	0.73797846	0.41016674	-0.52790576	0.09201433
1537158521729	0.738777	0.41066965	-0.5264658	0.09161241
1537158521742	0.7388617	0.4114313	-0.52572554	0.09176237
1537158521750	0.73981214	0.41188934	-0.52410793	0.091302946
1537158521758	0.73995084	0.41259137	-0.5233726	0.09122703
1537158521771	0.74005073	0.4132328	-0.52272534	0.09122421
1537158521781	0.7407929	0.4136592	-0.5214195	0.0907394
1537158521787	0.74080104	0.4143115	-0.520877	0.09081376
1537158521799	0.7405029	0.41520685	-0.52052176	0.09119157
1537158521808	0.74090415	0.41556767	-0.5196927	0.09101689
1537158521815	0.7408806	0.41609472	-0.5192815	0.091147676
1537158521826	0.7407222	0.4167723	-0.5189173	0.09141344
1537158521831	0.7407112	0.41724914	-0.5185239	0.09155966
1537158521845	0.74041545	0.4178259	-0.51843834	0.09180548
1537158521855	0.74055415	0.41794905	-0.5181617	0.091688246
1537158521865	0.7404551	0.41833684	-0.5179686	0.091810115
1537158521871	0.74029624	0.41878206	-0.51780623	0.09197811
1537158521880	0.740165	0.4191274	-0.5176989	0.09206514
1537158521896	0.73977417	0.41981408	-0.51763153	0.09245574
1537158521903	0.7398977	0.419922	-0.5174131	0.09219855
1537158521914	0.7402772	0.4193326	-0.51744413	0.091659196
1537158521923	0.7401276	0.4198159	-0.51724494	0.09177942
1537158521936	0.7398745	0.42036313	-0.51712066	0.09201556
1537158521945	0.7396761	0.4208743	-0.51695573	0.092200615
1537158521952	0.7393952	0.421433	-0.51684517	0.09252128
1537158521960	0.73900276	0.42209414	-0.51678205	0.0929939
1537158521982	0.7380302	0.42375454	-0.51657957	0.09428203
1537158521982	0.7380302	0.42375454	-0.51657957	0.09428203
1537158521992	0.73753905	0.42455626	-0.5164915	0.094998896
1537158522003	0.7370912	0.4252869	-0.5163869	0.09577193
1537158522010	0.7365939	0.4259916	-0.5163901	0.09644684
1537158522022	0.7360418	0.4266777	-0.5165167	0.09694937
1537158522030	0.7355397	0.4271817	-0.51676923	0.09719464
1537158522038	0.73499805	0.4277614	-0.51700497	0.097488
1537158522050	0.7345895	0.42810637	-0.51727045	0.097645365
1537158522058	0.73421484	0.42824933	-0.5176811	0.09765946
1537158522069	0.7337624	0.42865086	-0.5179283	0.0979873
1537158522074	0.7333317	0.42884368	-0.5183281	0.098253354
1537158522086	0.7329548	0.42922238	-0.51846766	0.098675326
1537158522099	0.73247826	0.42943528	-0.51888174	0.09910938
1537158522106	0.732192	0.42932293	-0.5193321	0.09935295
1537158522119	0.73182344	0.42955008	-0.5195894	0.099739775
1537158522126	0.7319837	0.42865515	-0.52016795	0.09939813
1537158522138	0.7315873	0.4289475	-0.52039254	0.09987878
1537158522148	0.7311866	0.42911062	-0.52071846	0.100411646
1537158522156	0.73075026	0.4294129	-0.5209719	0.1009801
1537158522168	0.7302573	0.42988828	-0.5211435	0.101636305
1537158522179	0.7297651	0.43015766	-0.52147686	0.10231893
1537158522227	0.72667557	0.4332177	-0.5222341	0.1074085
1537158522227	0.72667557	0.4332177	-0.5222341	0.1074085
1537158522227	0.72667557	0.4332177	-0.5222341	0.1074085
1537158522227	0.72667557	0.4332177	-0.5222341	0.1074085
1537158522227	0.72667557	0.4332177	-0.5222341	0.1074085
1537158522232	0.7260946	0.43410623	-0.52218866	0.10797044
1537158522246	0.7255202	0.43479893	-0.5222742	0.10862776
1537158522254	0.72461516	0.4358212	-0.5224431	0.109755
1537158522261	0.72403866	0.436514	-0.52253276	0.110377595
1537158522270	0.7235019	0.43724284	-0.5225342	0.111003615
1537158522282	0.72291493	0.43807468	-0.52249855	0.11171333
1537158522286	0.7223834	0.439063	-0.52227336	0.11232377
1537158522301	0.7221598	0.43944398	-0.5222071	0.11257887
1537158522311	0.72193	0.43970796	-0.52226967	0.11273115
1537158522317	0.72150797	0.4404185	-0.52208054	0.113532655
1537158522330	0.7211827	0.44109792	-0.52183366	0.11409616
1537158522339	0.72092164	0.44168922	-0.5215492	0.11475675
1537158522351	0.7208954	0.44188756	-0.5213603	0.11501614
1537158522359	0.7206124	0.44242224	-0.5211935	0.11548941
1537158522369	0.72038364	0.4429098	-0.52099365	0.115948275
1537158522382	0.72018135	0.44336674	-0.5207698	0.116463326
1537158522389	0.7199656	0.44386604	-0.5205066	0.11707054
1537158522400	0.71983707	0.44419956	-0.5203219	0.117416285
1537158522409	0.71970963	0.44453672	-0.52009976	0.1179044
1537158522417	0.7196121	0.44484463	-0.5198846	0.1182865
1537158522429	0.7194673	0.44523743	-0.51964796	0.11872903
1537158522438	0.71937525	0.4455244	-0.5194444	0.11909991
1537158522445	0.71930176	0.4457602	-0.5192915	0.119328186
1537158522458	0.7192386	0.44597656	-0.5191416	0.11955303
1537158522466	0.71903807	0.44644028	-0.5189201	0.11998894
1537158522479	0.7188579	0.44683143	-0.5187519	0.12033873
1537158522486	0.71869063	0.4472675	-0.51851887	0.120722
1537158522493	0.71859854	0.44758183	-0.51829016	0.12108708
1537158522505	0.7184583	0.4479584	-0.51805896	0.12151537
1537158522509	0.7181991	0.44859785	-0.5176971	0.12222856
1537158522523	0.7180901	0.44881675	-0.51760525	0.12245398
1537158522529	0.718152	0.44885913	-0.5174184	0.12272589
1537158522542	0.71810937	0.44897607	-0.5173399	0.12287755
1537158522554	0.71810037	0.44911012	-0.5171886	0.12307698
1537158522560	0.7180764	0.4492372	-0.5170671	0.1232636
1537158522573	0.7180801	0.44926056	-0.5170261	0.123329096
1537158522582	0.71807545	0.44932267	-0.5169291	0.12353604
1537158522594	0.7180991	0.4493317	-0.5168549	0.12367644
1537158522602	0.7180562	0.44945052	-0.5167557	0.12390737
1537158522612	0.71806943	0.4494419	-0.5167358	0.12394503
1537158522622	0.71800065	0.44958737	-0.51665807	0.12413971
1537158522629	0.7180369	0.44958597	-0.5165852	0.124238744
1537158522640	0.7180277	0.4496292	-0.5165459	0.124299
1537158522651	0.718071	0.44959038	-0.5165018	0.124372676
1537158522658	0.7181108	0.44953308	-0.5164909	0.124395296
1537158522666	0.7181553	0.44944975	-0.51649845	0.124408044
1537158522676	0.71823543	0.44936183	-0.5164548	0.124443956
1537158522687	0.71825397	0.4493402	-0.516408	0.124609284
1537158522695	0.7182168	0.44943714	-0.51630956	0.12488141
1537158522705	0.7182533	0.44943354	-0.51621914	0.12505852
1537158522714	0.71832126	0.44940686	-0.51611036	0.1252128
1537158522728	0.71841496	0.44935194	-0.5159912	0.12536342
1537158522736	0.71858764	0.44920185	-0.51583934	0.12553671
1537158522747	0.71867394	0.4491921	-0.5156545	0.12583588
1537158522752	0.7188671	0.4490335	-0.51543015	0.12621775
1537158522762	0.7189872	0.44891918	-0.5153403	0.12630646
1537158522777	0.719158	0.4487097	-0.5152339	0.12651339
1537158522784	0.7196268	0.44822097	-0.51495135	0.12672949
1537158522797	0.7198984	0.4480167	-0.51470166	0.12692332
1537158522804	0.7202966	0.44763693	-0.5144043	0.12720947
1537158522817	0.7206706	0.4472725	-0.5141604	0.12735924
1537158522824	0.7210807	0.44686294	-0.5138895	0.12756893
1537158522836	0.7213413	0.44650516	-0.5138034	0.12769495
1537158522842	0.7216947	0.4459742	-0.51373595	0.1278248
1537158522857	0.72180474	0.44573075	-0.51383483	0.12765531
1537158522863	0.72223914	0.44467157	-0.51431334	0.12696303
1537158522874	0.7223438	0.44421822	-0.51465464	0.12657128
1537158522885	0.72260827	0.44355953	-0.51498294	0.12603511
1537158522892	0.72287595	0.44284537	-0.5153777	0.12539612
1537158522912	0.7237395	0.44112328	-0.51598656	0.12397344
1537158522913	0.7237395	0.44112328	-0.51598656	0.12397344
1537158522916	0.7237687	0.44108546	-0.5159676	0.12401598
1537158522929	0.7236994	0.44114456	-0.5160088	0.12403938
1537158522938	0.7238089	0.4408915	-0.5161191	0.123841085
1537158522950	0.72367245	0.44099295	-0.51621306	0.12388528
1537158522956	0.7235055	0.44113094	-0.5162941	0.12403176
1537158522970	0.72337043	0.44122234	-0.5164106	0.124009125
1537158522982	0.72333723	0.44113734	-0.5165784	0.12380629
1537158522987	0.72325057	0.44116423	-0.51669836	0.12371567
1537158523000	0.7230546	0.44139174	-0.51676154	0.123786636
1537158523007	0.7228197	0.44165915	-0.5168614	0.12378753
1537158523019	0.72263235	0.44180945	-0.5170092	0.123727396
1537158523030	0.72238845	0.44205913	-0.51713425	0.123737276
1537158523039	0.7221156	0.44232813	-0.51728135	0.12375417
1537158523044	0.72185385	0.44259408	-0.51741624	0.123765856
1537158523054	0.72149855	0.44301686	-0.5175012	0.12397014
1537158523063	0.7211525	0.44345722	-0.51756215	0.12415452
1537158523080	0.72090745	0.44377235	-0.51760215	0.124284334
1537158523085	0.72070783	0.44402614	-0.5176528	0.12432472
1537158523097	0.72059184	0.44414705	-0.5176893	0.12441304
1537158523108	0.7204231	0.4443173	-0.51775694	0.12450137
1537158523116	0.72029024	0.44446325	-0.5177914	0.12460547
1537158523122	0.7202865	0.44445664	-0.5177963	0.124630556
1537158523144	0.72034746	0.44437212	-0.51778233	0.12463792
1537158523145	0.72034746	0.44437212	-0.51778233	0.12463792
1537158523149	0.7204012	0.44431832	-0.5177595	0.12461359
1537158523159	0.7203893	0.44439146	-0.517688	0.124718376
1537158523169	0.720332	0.44452366	-0.5176348	0.1247989
1537158523196	0.7203758	0.44450262	-0.5175906	0.12480432
1537158523201	0.7204936	0.4444639	-0.5174609	0.124800265
1537158523202	0.7204936	0.4444639	-0.5174609	0.124800265
1537158523211	0.7205407	0.4444411	-0.5174113	0.12481483
1537158523221	0.7205861	0.44446388	-0.51732063	0.12484804
1537158523233	0.72056645	0.44457674	-0.5172368	0.124906525
1537158523242	0.7205376	0.4446886	-0.5171822	0.124900706
1537158523251	0.7205292	0.4447982	-0.51708883	0.124945685
1537158523261	0.72053564	0.44491565	-0.51696074	0.12502041
1537158523272	0.7205022	0.44510624	-0.5168167	0.12513043
1537158523279	0.720525	0.4452595	-0.5166357	0.12520126
1537158523292	0.7205144	0.44543236	-0.51646054	0.12536974
1537158523302	0.72049403	0.44571063	-0.5162012	0.12556581
1537158523316	0.72048086	0.44589722	-0.5160391	0.12564558
1537158523317	0.720467	0.44600987	-0.51595867	0.12565506
1537158523328	0.7203605	0.44617504	-0.5159519	0.1257074
1537158523339	0.7203598	0.44615883	-0.5159842	0.12563592
1537158523348	0.72041285	0.44604516	-0.5160343	0.12552994
1537158523357	0.7203934	0.4460296	-0.5160696	0.12555096
1537158523366	0.72042835	0.4459099	-0.51613367	0.12551312
1537158523378	0.72042686	0.44582686	-0.5162104	0.12550132
1537158523381	0.72040284	0.44568235	-0.5163801	0.12545417
1537158523396	0.7203136	0.44582522	-0.5163648	0.12552127
1537158523404	0.7202131	0.44572145	-0.51659685	0.12551191
1537158523413	0.72004586	0.44589186	-0.5166483	0.12565464
1537158523432	0.7199255	0.44596633	-0.51672715	0.12575488
1537158523438	0.71990544	0.44590345	-0.51680773	0.12576239
1537158523445	0.71973777	0.4460089	-0.51689374	0.12599407
1537158523455	0.7196575	0.44603327	-0.51695824	0.12610157
1537158523464	0.71956694	0.44600996	-0.5170733	0.12622972
1537158523470	0.7194456	0.44598448	-0.51722234	0.12640008
1537158523495	0.7192685	0.4459835	-0.5174385	0.12652671
1537158523496	0.7190467	0.44577724	-0.5179382	0.12647003
1537158523504	0.7189296	0.44533563	-0.51853645	0.12623982
1537158523511	0.7187668	0.4454608	-0.51861703	0.12639354
1537158523533	0.71860707	0.4454272	-0.51885307	0.12645216
1537158523533	0.7184422	0.44510913	-0.5193767	0.12635924
1537158523553	0.71833795	0.4449397	-0.51966685	0.12635563
1537158523567	0.71803874	0.44421747	-0.52070713	0.12631413
1537158523567	0.71803874	0.44421747	-0.52070713	0.12631413
1537158523573	0.7179613	0.44423044	-0.52079374	0.126352
1537158523576	0.7177979	0.4441441	-0.52107525	0.12642336
1537158523584	0.7176634	0.44406888	-0.5213148	0.12646367
1537158523595	0.7174947	0.44383663	-0.52174497	0.12646177
1537158523604	0.717227	0.443593	-0.5223176	0.1264717
1537158523616	0.71705055	0.44327542	-0.5228484	0.1263922
1537158523624	0.71681273	0.44294322	-0.52347463	0.12631415
1537158523634	0.7166472	0.44278538	-0.5238319	0.12632608
1537158523646	0.71647936	0.44251812	-0.5242897	0.12631483
1537158523658	0.7160018	0.4423408	-0.52505666	0.12645769
1537158523669	0.71572065	0.44198737	-0.52566016	0.12677756
1537158523673	0.7155699	0.44162032	-0.5262405	0.12649973
1537158523686	0.7152609	0.44150856	-0.52675766	0.12648441
1537158523691	0.715046	0.4409116	-0.52757657	0.12636958
1537158523705	0.71492	0.44078803	-0.5278149	0.12651786
1537158523712	0.71467143	0.44050464	-0.5283396	0.12671924
1537158523723	0.7144834	0.44046152	-0.52858305	0.12691453
1537158523734	0.714288	0.44032958	-0.5289244	0.12704921
1537158523741	0.71405125	0.44029474	-0.52920747	0.12732168
1537158523752	0.7137725	0.4405894	-0.5292424	0.12771988
1537158523760	0.713579	0.44065705	-0.52937204	0.12802957
1537158523772	0.71335113	0.44095847	-0.52932787	0.12844439
1537158523778	0.7132477	0.44100416	-0.529358	0.12873702
1537158523795	0.7130532	0.4413131	-0.5292774	0.12908673
1537158523800	0.71296096	0.441409	-0.5292389	0.12942573
1537158523806	0.7127816	0.44175664	-0.5291087	0.12975976
1537158523816	0.7126643	0.44198814	-0.52901953	0.12997875
1537158523826	0.7125534	0.44218764	-0.5289576	0.13016072
1537158523838	0.71236056	0.44250998	-0.5288918	0.13038728
1537158523849	0.7121986	0.44277495	-0.5288459	0.1305584
1537158523858	0.7119979	0.4430816	-0.52880704	0.13077037
1537158523864	0.7119158	0.44313818	-0.5288712	0.13076642
1537158523876	0.7116845	0.44346568	-0.5288542	0.13098304
1537158523893	0.7113635	0.44388512	-0.528867	0.1312542
1537158523898	0.7110336	0.44425416	-0.5289413	0.13149354
1537158523907	0.7108693	0.44439134	-0.5290131	0.13162994
1537158523921	0.71052307	0.44472513	-0.5291168	0.1319549
1537158523925	0.71019125	0.44494978	-0.52929854	0.1322546
1537158523945	0.71001875	0.445021	-0.52944493	0.13235451
1537158523945	0.70956	0.44529352	-0.52973837	0.13272409
1537158523956	0.70921904	0.4455182	-0.529919	0.13307084
1537158523970	0.7089621	0.44565117	-0.530106	0.13324964
1537158523988	0.7081649	0.44570068	-0.5310335	0.13362975
1537158523988	0.7081649	0.44570068	-0.5310335	0.13362975
1537158523997	0.7080135	0.44577563	-0.5311351	0.13377818
1537158524006	0.7077966	0.44576353	-0.5313988	0.1339188
1537158524016	0.70753336	0.4458118	-0.531654	0.13413626
1537158524019	0.7073408	0.4458905	-0.5317892	0.13435373
1537158524030	0.70715785	0.44603136	-0.531858	0.13457656
1537158524041	0.7068434	0.44609496	-0.5321524	0.13485396
1537158524050	0.7067032	0.4461663	-0.5322449	0.13498755
1537158524060	0.70655984	0.4462011	-0.53236145	0.13516358
1537158524075	0.706409	0.44615072	-0.53256744	0.13530694
1537158524083	0.7060977	0.44615784	-0.53291446	0.13554145
1537158524095	0.7059414	0.44607824	-0.53316516	0.1356321
1537158524103	0.7058087	0.4459065	-0.5334481	0.13577452
1537158524112	0.70562553	0.44597033	-0.53357935	0.13600045
1537158524132	0.7053255	0.4460485	-0.5338123	0.13638595
1537158524132	0.7053255	0.4460485	-0.5338123	0.13638595
1537158524151	0.70544976	0.44586802	-0.5337941	0.136405
1537158524151	0.70544976	0.44586802	-0.5337941	0.136405
1537158524166	0.70541954	0.44596794	-0.5337228	0.13651326
1537158524171	0.70537823	0.4459687	-0.53375393	0.1366025
1537158524181	0.7053994	0.44598344	-0.5337018	0.13664894
1537158524192	0.7053397	0.4460678	-0.5336751	0.1367862
1537158524198	0.7052805	0.44609162	-0.5337092	0.13688016
1537158524213	0.7052389	0.4461705	-0.53367794	0.13695969
1537158524219	0.7052319	0.44622487	-0.5336014	0.13711683
1537158524257	0.7052219	0.44637415	-0.5334465	0.13728471
1537158524258	0.7052697	0.44715	-0.5325748	0.13789788
1537158524258	0.7052697	0.44715	-0.5325748	0.13789788
1537158524258	0.7052697	0.44715	-0.5325748	0.13789788
1537158524263	0.7052642	0.4472181	-0.5325249	0.13789734
1537158524287	0.7053827	0.44727734	-0.53232795	0.13785978
1537158524288	0.7055894	0.44745454	-0.5319252	0.13778122
1537158524294	0.70565385	0.44766593	-0.5316575	0.13779786
1537158524303	0.7057733	0.4476084	-0.5315878	0.13764147
1537158524317	0.70586	0.447782	-0.53134453	0.13757196
1537158524325	0.70583004	0.4482411	-0.53097135	0.1376714
1537158524338	0.7058203	0.44848987	-0.5307705	0.13768563
1537158524346	0.70582753	0.4488275	-0.5304986	0.13759634
1537158524364	0.70586157	0.44935077	-0.53002286	0.13754699
1537158524365	0.70586157	0.44935077	-0.53002286	0.13754699
1537158524383	0.70575595	0.4500227	-0.5295499	0.13771386
1537158524383	0.70575595	0.4500227	-0.5295499	0.13771386
1537158524392	0.70562506	0.45023432	-0.52952725	0.13778
1537158524402	0.7055279	0.45062384	-0.52930385	0.13786262
1537158524411	0.7054638	0.45098758	-0.5290521	0.13796736
1537158524422	0.7055448	0.4509922	-0.52897197	0.13784494
1537158524432	0.7054937	0.4512692	-0.5287971	0.13787149
1537158524445	0.7056286	0.45116544	-0.5287614	0.13765766
1537158524451	0.7055696	0.45132044	-0.5287065	0.13766237
1537158524457	0.70546657	0.451435	-0.5287309	0.13772097
1537158524464	0.7055179	0.4513459	-0.52875847	0.13764401
1537158524482	0.7054878	0.45136368	-0.52877545	0.1376748
1537158524486	0.7053716	0.4516088	-0.52866286	0.1378983
1537158524501	0.7053965	0.45153436	-0.52868897	0.13791507
1537158524505	0.7052321	0.45183715	-0.5285869	0.1381553
1537158524514	0.7053072	0.45167983	-0.52864224	0.13807462
1537158524526	0.7052616	0.45172453	-0.52864194	0.13816275
1537158524539	0.70527625	0.4516967	-0.52863085	0.1382208
1537158524547	0.70530534	0.45164222	-0.52861816	0.13829887
1537158524559	0.7052759	0.45166585	-0.5286166	0.13837764
1537158524569	0.7054076	0.45139936	-0.5286842	0.13831758
1537158524578	0.7054149	0.45130816	-0.52873474	0.13838507
1537158524588	0.70533884	0.45130998	-0.52879715	0.13852845
1537158524595	0.70545924	0.45099178	-0.5289304	0.13844275
1537158524605	0.7055793	0.45069343	-0.52904993	0.13834555
1537158524614	0.7056183	0.4504859	-0.52918243	0.138316
1537158524624	0.7056625	0.4502812	-0.5293047	0.13828976
1537158524636	0.70571285	0.45004386	-0.5294603	0.13820885
1537158524642	0.70572805	0.44985333	-0.5296136	0.13816397
1537158524653	0.7057023	0.44983763	-0.5296498	0.13820845
1537158524661	0.70557886	0.4499399	-0.52969396	0.13833605
1537158524672	0.70541155	0.45008162	-0.5297744	0.1384207
1537158524683	0.70533735	0.45010558	-0.52985734	0.1384033
1537158524687	0.70512646	0.45038205	-0.5298775	0.13850096
1537158524699	0.7049962	0.45054218	-0.5299037	0.13854311
1537158524709	0.7047254	0.45091832	-0.52993137	0.13859165
1537158524719	0.70439357	0.45147306	-0.5298428	0.1388112
1537158524729	0.70420337	0.45191652	-0.5296641	0.13901506
1537158524739	0.7040172	0.45247194	-0.5293719	0.13926342
1537158524750	0.70384467	0.45305324	-0.5290457	0.13948554
1537158524758	0.7035245	0.45400986	-0.52854294	0.13989523
1537158524767	0.7035368	0.45440975	-0.52815413	0.14000352
1537158524778	0.7034868	0.45508248	-0.5275818	0.14022775
1537158524787	0.7035105	0.4557311	-0.52695256	0.14036778
1537158524798	0.7036347	0.45602173	-0.52655125	0.14030744
1537158524806	0.7038202	0.45629308	-0.5260926	0.14021555
1537158524817	0.7040474	0.4564478	-0.5256653	0.14017361
1537158524828	0.70427805	0.45650265	-0.52531123	0.14016387
1537158524837	0.7044948	0.45655018	-0.52499974	0.14008747
1537158524847	0.70476085	0.4563875	-0.52480835	0.13999626
1537158524856	0.7049716	0.4562608	-0.5246377	0.13998742
1537158524866	0.70521504	0.45592335	-0.52465236	0.13980561
1537158524873	0.70545375	0.4554469	-0.52480984	0.13956289
1537158524882	0.7057091	0.45497176	-0.52495456	0.13927767
1537158524891	0.70611495	0.45421302	-0.5251849	0.1388272
1537158524902	0.706431	0.45357904	-0.5254258	0.1383801
1537158524910	0.70677143	0.45286775	-0.52570873	0.13789621
