4997660713961	0.75481576	0.43513882	-0.47826353	0.110323995
4997675713961	0.75481576	0.43513882	-0.47826353	0.110323995
4997690713961	0.75481576	0.43513882	-0.47826353	0.110323995
4997705713961	0.75481576	0.43513882	-0.47826353	0.110323995
4997720713961	0.75481576	0.43513882	-0.4782636	0.11032399
4997735713961	0.7545026	0.43415707	-0.4798733	0.10933991
4997750713961	0.7545026	0.43415707	-0.4798733	0.10933991
4997765713961	0.7545026	0.43415707	-0.4798733	0.10933991
4997780713961	0.7545026	0.43415707	-0.4798733	0.10933991
4997795713961	0.7545039	0.43415353	-0.47987443	0.10933895
4997810713961	0.7545611	0.43385118	-0.48010308	0.10914166
4997825713961	0.75453573	0.43379375	-0.4802373	0.10895382
4997840713961	0.7547781	0.43311402	-0.48050562	0.10879641
4997855713961	0.7548113	0.4327606	-0.48086888	0.1083667
4997870713961	0.75510556	0.43183962	-0.48131874	0.107993744
4997885713961	0.755189	0.43152502	-0.48151502	0.10779187
4997900713961	0.75529665	0.43116534	-0.48174512	0.10744784
4997911396825	0.7554604	0.43085787	-0.48181048	0.107238226
4997918090419	0.7554853	0.43086937	-0.48178455	0.107131615
4997927478752	0.75556314	0.43083847	-0.48169985	0.10708778
4997936901200	0.7556658	0.43084735	-0.4815481	0.10701045
4997946665106	0.75576216	0.43088758	-0.48136476	0.10699278
4997956530158	0.7558611	0.4308871	-0.4812108	0.10698862
4997967997086	0.7558164	0.4311836	-0.48101634	0.10698432
4997975505315	0.7558922	0.4313625	-0.4807509	0.10692043
4997985367711	0.7558951	0.43159023	-0.48052624	0.10699178
4997995209481	0.75583625	0.4319759	-0.48026446	0.107025914
4998003896669	0.7558342	0.43218604	-0.48011175	0.106876984
4998013385054	0.7558213	0.43249068	-0.4799138	0.106625244
4998025961044	0.75576377	0.43287537	-0.47971356	0.10637274
4998036154950	0.7557804	0.43312928	-0.47955793	0.1059203
4998046104065	0.7558864	0.43332812	-0.47934607	0.10530958
4998054479065	0.75603646	0.4334752	-0.4790819	0.104826674
4998069479065	0.7562353	0.43348026	-0.4788642	0.10436511
4998080392763	0.7566612	0.43334097	-0.47849876	0.10353033
4998085257033	0.7569654	0.43321705	-0.47822374	0.10309375
4998098038127	0.757101	0.43317407	-0.4780827	0.10293376
4998107272919	0.75739664	0.43306756	-0.47777575	0.10263201
4998116637815	0.757635	0.43290555	-0.4776245	0.10225923
4998127701356	0.75789905	0.4326469	-0.47754055	0.10178835
4998133864690	0.7581751	0.4324609	-0.4773462	0.10143383
4998142612294	0.75831366	0.43237343	-0.47723034	0.101315804
4998152216096	0.75850797	0.43218806	-0.4771239	0.10115329
4998161865679	0.7587547	0.43188468	-0.47706103	0.10089475
4998169409325	0.7590094	0.43157616	-0.47698256	0.1006696
4998179253023	0.7592341	0.43136832	-0.47683415	0.100569725
4998188861408	0.75933087	0.43159604	-0.47645402	0.10066321
4998198984169	0.759341	0.43200606	-0.4760265	0.10085056
4998209119742	0.75935507	0.43231416	-0.4757477	0.10073946
4998219808388	0.75932187	0.4327875	-0.47539064	0.10064312
4998229252710	0.7591859	0.4335928	-0.47483766	0.10081389
4998238735158	0.759092	0.43426028	-0.47434142	0.10098296
4998248587294	0.75903803	0.43487212	-0.47383943	0.10111336
4998258862919	0.7589952	0.43543413	-0.47338465	0.101144865
4998268943804	0.7589885	0.4357911	-0.47312137	0.10089003
4998278983335	0.75896466	0.43608153	-0.47296485	0.10054758
4998290426981	0.758948	0.4363364	-0.47283307	0.10018741
4998297578231	0.7588892	0.43673056	-0.47266322	0.09971474
4998307699846	0.75886196	0.43687665	-0.47264746	0.09935677
4998318481148	0.7588331	0.43705207	-0.47264257	0.09882761
4998326984117	0.7587402	0.43752357	-0.47240937	0.09856936
4998336632554	0.7586521	0.43797776	-0.47212324	0.098602325
4998346263283	0.758581	0.4384045	-0.47185066	0.098556176
4998357247867	0.7585957	0.43856436	-0.47170588	0.09842545
4998365702606	0.7586108	0.43865144	-0.47163507	0.09826041
4998375307710	0.75864285	0.43864697	-0.47163585	0.09802795
4998385107710	0.758686	0.4385649	-0.4717045	0.09773143
4998393890783	0.7586854	0.4385384	-0.47177362	0.09752082
4998402388127	0.75869644	0.43847087	-0.4718682	0.09728061
4998411477085	0.75873536	0.4383225	-0.471995	0.09702989
4998421475679	0.7587688	0.4382093	-0.4720921	0.0968081
4998431135367	0.7588138	0.4380053	-0.47225636	0.09657667
4998440511929	0.7588602	0.43772963	-0.4724748	0.09639214
4998451643440	0.7589648	0.43732452	-0.4727345	0.09613491
4998461992971	0.7591061	0.4368476	-0.47302604	0.09575271
4998471815992	0.7592355	0.4364159	-0.47328344	0.09542303
4998481472137	0.759367	0.43599305	-0.4735201	0.09513467
4998489840419	0.7594633	0.4357629	-0.47360057	0.09501947
4998502525315	0.7596066	0.4355003	-0.47362974	0.09493361
4998509836617	0.759682	0.43539786	-0.4736124	0.094885536
4998518874898	0.7597176	0.4353312	-0.4736218	0.094860084
4998529616200	0.75978315	0.43517548	-0.47367656	0.094775826
4998539871773	0.7598215	0.43508136	-0.47370744	0.09474617
4998549762137	0.75985307	0.43496627	-0.47376457	0.09473675
4998560574950	0.75987554	0.43485066	-0.4738579	0.09461935
4998569855523	0.7599187	0.43471992	-0.473942	0.09445115
4998580185575	0.7599609	0.43451855	-0.47409496	0.09427202
4998589076825	0.7600366	0.434195	-0.47433788	0.09392959
4998598492867	0.7601383	0.43393657	-0.47447193	0.09362433
4998607445627	0.76022196	0.43373236	-0.47457063	0.09338896
4998619166721	0.760349	0.43338132	-0.47473493	0.093150415
4998625321304	0.76057476	0.4328067	-0.47498304	0.09271163
4998638833023	0.7606986	0.4325002	-0.4751098	0.09247688
4998642360054	0.7609151	0.43179336	-0.4754892	0.09204779
4998654610314	0.76104146	0.43143842	-0.47565162	0.091827564
4998664621669	0.7612859	0.43078956	-0.4759164	0.091476575
4998676246773	0.76143587	0.430454	-0.47599173	0.09141443
4998683832762	0.7617225	0.4298604	-0.4760915	0.09130002
4998695891564	0.7618911	0.42950946	-0.4761367	0.091309145
4998705550679	0.76214296	0.42904288	-0.47615215	0.091322064
4998713318283	0.76239383	0.42847642	-0.47627902	0.09122471
4998724173439	0.7625419	0.42795774	-0.47650853	0.091223694
4998734697085	0.7628263	0.42719215	-0.47679672	0.09092772
4998744599533	0.7630395	0.42656383	-0.47703287	0.09084987
4998754347658	0.76319784	0.4261185	-0.4771768	0.0908552
4998761188231	0.7634869	0.42522547	-0.47756925	0.090546094
4998774020523	0.76364636	0.42460832	-0.47790128	0.09034637
4998780331981	0.7639006	0.42363548	-0.47845906	0.08980959
4998790829846	0.76406574	0.42291418	-0.47888827	0.08951719
4998799720991	0.76429605	0.42204046	-0.47935933	0.089151084
4998811408856	0.76448214	0.4213156	-0.47976166	0.08881963
4998826408856	0.76476777	0.42033818	-0.480247	0.08836761
4998834523283	0.765265	0.41894877	-0.48081422	0.087574676
4998839540523	0.76539695	0.41821274	-0.48128766	0.08733718
4998850099585	0.7655102	0.41775012	-0.48153165	0.08721385
4998859563335	0.7655979	0.41723448	-0.4818562	0.087120414
4998867691825	0.76558423	0.41702452	-0.48200545	0.087418936
4998877388700	0.76552916	0.41703925	-0.48204032	0.08763891
4998888125523	0.7654662	0.41672158	-0.48238418	0.08780759
4998894520679	0.7652469	0.41658235	-0.48271888	0.0885384
4998906617814	0.7651074	0.41654494	-0.48295507	0.08863022
4998915374898	0.76488143	0.4164376	-0.48335442	0.08890915
4998928253544	0.76463705	0.4163601	-0.48380095	0.08894502
4998937705210	0.76448935	0.41609764	-0.48430294	0.08870977
4998949101721	0.7643821	0.41597438	-0.4845945	0.08862113
4998954511564	0.7642204	0.41589063	-0.4849272	0.0885876
4998966225523	0.764174	0.41578543	-0.48510882	0.08848829
4998977894533	0.76408404	0.4155668	-0.4854879	0.08821119
4998984415939	0.7640181	0.41524628	-0.48593268	0.087842785
4998995815679	0.764005	0.41502738	-0.4861824	0.08760918
4999006425523	0.763974	0.41455966	-0.4867406	0.08699227
4999012896929	0.7639986	0.414048	-0.48723632	0.08643575
4999024988752	0.7640042	0.41379055	-0.4874936	0.08616806
4999032410783	0.76400393	0.41337487	-0.487935	0.085666284
4999047410783	0.76398623	0.41316617	-0.48818988	0.08537951
4999054090366	0.7639008	0.41290045	-0.48861763	0.08497976
4999063367450	0.7638924	0.4127262	-0.48881015	0.084795274
4999071333960	0.7639129	0.412389	-0.4891386	0.08435686
4999083117502	0.76400375	0.41196635	-0.4894458	0.08381394
4999095130002	0.76424056	0.4111873	-0.4898887	0.08288923
4999102457658	0.7645211	0.41047508	-0.49018845	0.08205536
4999108010679	0.7647358	0.41005048	-0.4902863	0.08159206
4999120700471	0.76490635	0.40975395	-0.49031875	0.08128777
4999126869898	0.76528364	0.40904123	-0.49043936	0.0805935
4999140349168	0.76548404	0.40865043	-0.49051952	0.080186285
4999148972606	0.7658854	0.4078617	-0.49070427	0.07923177
4999156216512	0.7661724	0.4073439	-0.49078745	0.078603595
4999171216512	0.7668785	0.40639296	-0.49069613	0.07719898
4999178150731	0.7668785	0.40639296	-0.49069613	0.07719898
4999192659221	0.7670663	0.40617827	-0.49063534	0.07684757
4999198960471	0.76764154	0.40561482	-0.49036214	0.07581748
4999210382345	0.76791126	0.4054069	-0.49017534	0.07540302
4999225382345	0.76915026	0.4044744	-0.48928067	0.07357282
4999233762137	0.76915026	0.4044744	-0.48928067	0.07357282
4999239488439	0.7695771	0.40415257	-0.48896933	0.072944924
4999253000991	0.76989335	0.40395	-0.48870593	0.07249363
4999257696929	0.7706417	0.40349606	-0.488043	0.071528256
4999272696929	0.77194667	0.40263432	-0.48691162	0.07000812
4999280684481	0.77194667	0.40263432	-0.48691162	0.07000812
4999295684481	0.77253664	0.40224692	-0.48639184	0.06933677
4999306748283	0.77380174	0.40141073	-0.48526993	0.06792181
4999309242970	0.7749586	0.4006585	-0.4842158	0.06668762
4999313505106	0.7751282	0.40057063	-0.48404062	0.06651542
4999326456616	0.7757887	0.40015665	-0.4834116	0.06587761
4999333262658	0.7774667	0.39901534	-0.48188946	0.06414772
4999342838283	0.77834237	0.3983716	-0.48114258	0.06312793
4999349808648	0.77964187	0.39741528	-0.48002627	0.061598808
4999361356043	0.7805975	0.39675054	-0.47916624	0.060468853
4999371435731	0.78220814	0.3956749	-0.47765344	0.05864237
4999379370731	0.7836924	0.39476922	-0.4761606	0.057050586
4999391056095	0.7848855	0.39410442	-0.47489384	0.05578666
4999398858856	0.78661275	0.39311028	-0.47305912	0.05403505
4999408296200	0.78779894	0.3924142	-0.4717977	0.05282853
4999422408023	0.7891629	0.39163053	-0.47031114	0.05152584
4999430884168	0.79148316	0.3903003	-0.46773714	0.049417924
4999440210783	0.7928072	0.38954976	-0.46624565	0.048197467
4999450385210	0.7942965	0.38870758	-0.4645492	0.046835706
4999458773856	0.7958959	0.38777646	-0.4627365	0.045322224
4999470690418	0.7972539	0.38696668	-0.46120873	0.043928996
4999478145470	0.7991215	0.38587773	-0.45906156	0.042019278
4999493145470	0.800332	0.385235	-0.45759517	0.040859636
4999497249897	0.80261344	0.38415012	-0.4546664	0.038973566
4999507975002	0.80325574	0.3838698	-0.453811	0.038469393
4999516573543	0.8050076	0.3831375	-0.4514349	0.03708229
4999526042450	0.8064301	0.38255352	-0.44947717	0.035967648
4999535969481	0.8079446	0.381954	-0.44735897	0.03473471
4999546936877	0.8094698	0.38132855	-0.4452286	0.03344815
4999557632293	0.8112786	0.38057628	-0.44268805	0.031876963
4999568000418	0.81297463	0.3798241	-0.44032046	0.030393673
4999576322085	0.8147514	0.37894535	-0.4378902	0.028859157
4999586915835	0.8162129	0.37818828	-0.43589687	0.027641848
4999593438439	0.818316	0.37710255	-0.43298128	0.026073314
4999604164325	0.81934863	0.37656543	-0.4315332	0.025405573
4999613197189	0.8213415	0.37547988	-0.42875686	0.024094097
4999623816825	0.8230701	0.3744329	-0.426419	0.022862358
4999633991304	0.8250379	0.373114	-0.42385006	0.021204097
4999642502293	0.82699883	0.37172806	-0.42132357	0.01943706
4999656882241	0.8285265	0.37061274	-0.41935912	0.018114023
4999667775314	0.831345	0.36852074	-0.41570336	0.015767097
4999672144481	0.8330579	0.36724046	-0.41345307	0.014346435
4999681059272	0.83411497	0.3664563	-0.41204304	0.0135086
4999694563074	0.8358032	0.36521778	-0.40975815	0.012133191
4999702318647	0.83819395	0.36337742	-0.40655336	0.010104402
4999712396824	0.83951867	0.36233887	-0.40477052	0.00893349
4999723018647	0.8412923	0.36095643	-0.40234885	0.0073049483
4999732400574	0.84302676	0.35956278	-0.39998546	0.0056703715
4999742476512	0.84450215	0.35839754	-0.39793086	0.004281781
4999751159533	0.8460469	0.35721377	-0.39572105	0.0027808847
4999758985731	0.8472806	0.35630563	-0.39390302	0.0015834466
4999770391981	0.84833956	0.35555017	-0.39230567	6.0158054E-4
4999782132918	-0.8499549	-0.35442743	0.38981682	8.9708716E-4
4999787629272	-0.851569	-0.3532778	0.38732266	0.002500726
4999800424220	-0.85218716	-0.35283315	0.3863624	0.0031554392
4999808923595	-0.8538468	-0.35164765	0.38375255	0.004856097
4999820290210	-0.8547251	-0.35103238	0.38234657	0.0056950725
4999832431877	-0.85590154	-0.3502974	0.38036674	0.006744219
4999837304637	-0.8571528	-0.34949312	0.3782625	0.007832482
4999845912241	-0.8575943	-0.34918633	0.3775356	0.008233696
4999855695314	-0.8584275	-0.34862366	0.37614095	0.009043045
4999865891564	-0.85923743	-0.34806818	0.37478322	0.009857135
4999876220001	-0.86001116	-0.34752437	0.37348926	0.010652339
4999884749949	-0.8608031	-0.34690273	0.37221953	0.0113703245
4999898198751	-0.8614037	-0.3464114	0.37127042	0.011875734
4999902482085	-0.8623058	-0.34560046	0.36990267	0.012695894
4999915550314	-0.8625726	-0.3453168	0.3695368	0.012941058
4999923523231	-0.8634046	-0.34447837	0.3683466	0.013713227
4999938523231	-0.86381334	-0.3440025	0.36781624	0.014148389
4999949637345	-0.86453795	-0.34310433	0.36691725	0.015007221
4999957654429	-0.86494243	-0.34258938	0.36642477	0.015498367
4999966799741	-0.8652308	-0.34220174	0.36609027	0.015862677
4999975112397	-0.8654834	-0.34183165	0.36582482	0.016183909
4999984034741	-0.8657139	-0.34144896	0.36562285	0.016489895
4999994147970	-0.8658615	-0.3411477	0.36554554	0.016696587
5000004282554	-0.8659768	-0.34084448	0.36554796	0.016853893
5000012103699	-0.86601764	-0.34063196	0.36564827	0.016877325
5000022241824	-0.8659859	-0.3405022	0.36584684	0.016821057
5000033030626	-0.86588943	-0.3403606	0.36621237	0.016697159
5000041925731	-0.86571085	-0.34028336	0.36671722	0.016450416
5000049574220	-0.86548203	-0.3402211	0.36732414	0.016236434
5000063784897	-0.8652762	-0.34017536	0.36785805	0.016068235
5000070060106	-0.8647541	-0.3402192	0.36906564	0.0155572295
5000079357241	-0.8645067	-0.34026736	0.3696116	0.015284156
5000090188387	-0.8640501	-0.3404023	0.37057438	0.014783292
5000096960418	-0.86347336	-0.3405741	0.37178373	0.014144534
5000106477397	-0.8630951	-0.34067243	0.37258604	0.013745268
5000117447189	-0.8624761	-0.34084788	0.37388107	0.013069496
5000131954168	-0.8617523	-0.34108946	0.3753542	0.012263125
5000136129376	-0.8607838	-0.34145197	0.37727684	0.011130073
5000147911928	-0.8604336	-0.3415674	0.3779824	0.010725811
5000159999064	-0.85937953	-0.34197488	0.38003588	0.009632889
5000167778699	-0.8582129	-0.34240407	0.3823059	0.008505541
5000179909585	-0.85726017	-0.3427414	0.3841546	0.0076598334
5000187727814	-0.85598814	-0.3431737	0.38661766	0.0065452703
5000200262241	-0.85510117	-0.34345743	0.3883377	0.005741901
5000209207397	-0.85350585	-0.34399843	0.39137536	0.0042871092
5000224207397	-0.8501355	-0.34524378	0.39758688	0.0010186365
5000226007866	-0.8501355	-0.34524378	0.39758688	0.0010186365
5000238253387	-0.8496736	-0.34542197	0.3984195	5.422195E-4
5000247271251	0.84766614	0.3463827	-0.40184423	0.0015354384
5000257526356	0.8460798	0.34722888	-0.40443864	0.0032331415
5000264787033	0.84420294	0.34823486	-0.4074625	0.005333161
5000276405210	0.8426591	0.34907597	-0.4099042	0.007072942
5000281966981	0.8403932	0.350324	-0.41342428	0.009639006
5000295976303	0.8392908	0.350883	-0.41515556	0.010855584
5000301786460	0.8361492	0.35247016	-0.4200248	0.014092963
5000315402814	0.8349358	0.35303804	-0.42191386	0.015330152
5000325972449	0.83169645	0.35459733	-0.42684266	0.018634357
5000331983647	0.8295935	0.35561636	-0.42997643	0.020785758
5000338890574	0.827995	0.35640106	-0.43232054	0.02239456
5000349893439	0.826273	0.35724136	-0.43482295	0.024093417
5000359231928	0.8234816	0.3585481	-0.43886963	0.026736414
5000368485053	0.82105386	0.35962343	-0.4423862	0.028916936
5000379457814	0.818792	0.36058277	-0.44565332	0.030872293
5000388829064	0.8156376	0.36197957	-0.4500847	0.03361684
5000399570522	0.81299925	0.36320013	-0.4536807	0.03594002
5000411314012	0.80988115	0.36466917	-0.45783544	0.03867604
5000416627449	0.8063096	0.36638823	-0.46247536	0.0417261
5000428698699	0.80348384	0.36775607	-0.46607175	0.044116337
5000438777345	0.8014035	0.36875936	-0.4686873	0.045838114
5000447746303	0.7972606	0.370783	-0.47378844	0.049194895
5000458838595	0.7942845	0.37223598	-0.4773726	0.05165145
5000468811928	0.7892704	0.3746702	-0.4832776	0.055832658
5000483033178	0.78717273	0.37570193	-0.48568422	0.057603657
5000487847501	0.78184366	0.37841055	-0.49157947	0.06225441
5000502847501	0.78001153	0.3793219	-0.49357483	0.06388102
5000508675730	0.77422994	0.38210204	-0.49982965	0.06882304
5000519402814	0.77188134	0.38324758	-0.502296	0.07084618
5000534402814	0.7615639	0.38790676	-0.5131193	0.07910415
5000538599637	0.7615639	0.38790676	-0.5131193	0.07910415
5000548177032	0.7599115	0.3885557	-0.5148874	0.08031252
5000558746043	0.75560087	0.39012194	-0.51953924	0.08337286
5000566954376	0.7516635	0.39144355	-0.5237869	0.08614717
5000573664480	0.74828494	0.3925605	-0.5273774	0.08853842
5000585380053	0.745632	0.39342898	-0.5301559	0.09045122
5000596747553	0.7408207	0.3949597	-0.5351479	0.09385305
5000601592762	0.73615545	0.39639902	-0.5399269	0.09706746
5000611164116	0.7335064	0.3972142	-0.54260665	0.0988299
5000621659480	0.7296584	0.39845055	-0.54641527	0.10132217
5000631793439	0.72553086	0.3998711	-0.55035603	0.10400201
5000640845991	0.72140324	0.40143585	-0.55411464	0.1066944
5000652056199	0.71777564	0.4027942	-0.55738413	0.108985506
5000662627397	0.7133804	0.40435937	-0.5613851	0.11148458
5000669149168	0.7085305	0.40599737	-0.5658203	0.11400996
5000682278595	0.7068329	0.40659532	-0.5673348	0.11488608
5000694504741	0.70180976	0.4083867	-0.5717101	0.11760496
5000698931147	0.69752896	0.4100753	-0.57521105	0.12009961
5000709219220	0.69605994	0.41075954	-0.5763005	0.12105783
5000720497970	0.6921833	0.4126581	-0.5790855	0.12351347
5000730845053	0.6882969	0.414556	-0.5818519	0.12585382
5000739389324	0.6847335	0.41637793	-0.58429545	0.12793863
5000749460314	0.6818899	0.41789156	-0.5861807	0.12955688
5000759299949	0.6786452	0.4196837	-0.5882535	0.13139302
5000767677189	0.67566776	0.42141238	-0.5900426	0.1331705
5000778797032	0.67288893	0.42316368	-0.59156084	0.1349405
5000788838959	0.66952777	0.42532387	-0.59333664	0.13705444
5000797520626	0.66652554	0.4272702	-0.59489286	0.13887587
5000807924689	0.66408265	0.42891893	-0.59609276	0.14034319
5000816256876	0.6610586	0.43107367	-0.5974552	0.14221218
5000824355157	0.65851605	0.43304956	-0.59843504	0.143876
5000834576095	0.65617853	0.4349838	-0.59920925	0.14548954
5000845707032	0.6532517	0.4374678	-0.60008514	0.147587
5000852479168	0.64996123	0.440288	-0.60099846	0.14999238
5000864749272	0.6482474	0.44180188	-0.6014087	0.1513079
5000872199480	0.6451593	0.4444314	-0.60219824	0.1536476
5000883973803	0.6432974	0.44598097	-0.6026786	0.15507418
5000894478387	0.6405154	0.44810852	-0.60352075	0.15716757
5000902824220	0.6383634	0.4496211	-0.6042654	0.15873347
5000913530939	0.636739	0.45075896	-0.60482323	0.15990214
5000920801043	0.63435066	0.45239526	-0.6056649	0.16157962
5000933617084	0.63333315	0.45317823	-0.6059563	0.1622823
5000944117241	0.63105804	0.4549084	-0.6066068	0.16386724
5000953014689	0.62921846	0.4564322	-0.60701084	0.16520186
5000963313074	0.62774986	0.4576665	-0.6073198	0.16623563
5000972014532	0.6261186	0.45902675	-0.60766363	0.16737653
5000982499741	0.62483096	0.46010628	-0.6079235	0.16827822
5000991972501	0.6233728	0.46133214	-0.60821164	0.16928571
5000999508334	0.62218624	0.46240708	-0.6083688	0.17015083
5001012132761	0.6213014	0.46329516	-0.6084062	0.17083393
5001020562814	0.61981845	0.46475667	-0.60848707	0.1719592
5001028367814	0.6189481	0.46561483	-0.6085389	0.17258798
5001041507189	0.61800355	0.4665741	-0.6085848	0.1732189
5001047005261	0.6168704	0.46764213	-0.6087396	0.17383286
5001057049689	0.61650145	0.468047	-0.60876375	0.1739675
5001067358178	0.6157955	0.46876445	-0.6088458	0.17424886
5001076335261	0.61508995	0.46954778	-0.6088572	0.17459157
5001086871772	0.6146282	0.47016263	-0.6087544	0.17492117
5001098652136	0.61409426	0.4709184	-0.60856694	0.17541508
5001107810314	0.6134835	0.47182792	-0.60828024	0.1761011
5001120352241	0.61309505	0.4724321	-0.6080528	0.17661923
5001125905470	0.612671	0.473083	-0.607775	0.17730312
5001136675366	0.6125263	0.4733434	-0.60763353	0.17759256
5001147357866	0.6122872	0.47376052	-0.6074172	0.17804447
5001154178386	0.61212724	0.47406277	-0.6072419	0.17838712
5001165676824	0.61200136	0.47432414	-0.6071054	0.17858939
5001173967345	0.61182857	0.47465158	-0.6069462	0.17885181
5001186306511	0.61169404	0.47487894	-0.60684466	0.17905338
5001195329741	0.6115183	0.47517022	-0.60671955	0.17930412
5001205762293	0.6113576	0.47537848	-0.60664666	0.17954685
5001216020261	0.6111599	0.47565433	-0.6065363	0.17986143
5001226280053	0.61097825	0.4759098	-0.60640806	0.18023507
5001235386563	0.61079973	0.47616875	-0.60626286	0.18064475
5001245617866	0.6106688	0.47637343	-0.60612464	0.1810112
5001251423334	0.61056435	0.4765155	-0.60601145	0.18136778
5001259767605	0.6105609	0.4765667	-0.6059217	0.18154497
5001269665626	0.6106075	0.4765382	-0.6058756	0.18161675
5001277600626	0.6107391	0.47639138	-0.6058375	0.18168612
5001292600626	0.6108738	0.47623667	-0.6058032	0.18175341
5001299310991	0.611115	0.47596988	-0.6057405	0.18185052
5001310824480	0.6112132	0.47589883	-0.6056787	0.18191215
5001325824480	0.6116304	0.47556958	-0.6053606	0.18242966
5001334192866	0.6116304	0.47556958	-0.6053606	0.18242966
5001342584063	0.6117868	0.47542822	-0.60527915	0.18254358
5001354366407	0.6119248	0.47533032	-0.60518074	0.18266174
5001360572345	0.61209965	0.4752157	-0.6050351	0.18285684
5001375572345	0.6125518	0.47497037	-0.60475695	0.18290006
5001382316459	0.6125518	0.47497037	-0.60475695	0.18290006
5001389903959	0.61273235	0.47486666	-0.6046727	0.18284333
5001397757657	0.6130015	0.47468537	-0.60458416	0.18270458
5001412757657	0.6135464	0.47437564	-0.6043446	0.18247247
5001417851043	0.61378396	0.47434476	-0.6041442	0.18241765
5001430887136	0.61393845	0.47432435	-0.60401183	0.18238902
5001440057553	0.61429733	0.47431275	-0.6036914	0.1822718
5001451355938	0.6145476	0.47427553	-0.60349065	0.18218973
5001457326980	0.6149177	0.47411558	-0.6033025	0.18198057
5001469879115	0.6151311	0.47402307	-0.6032007	0.18183725
5001481253543	0.61559635	0.47391194	-0.60287255	0.18164082
5001486851772	0.6159917	0.4738762	-0.6025313	0.181526
5001501851772	0.616195	0.47386968	-0.6023456	0.18146932
5001516851772	0.616706	0.47389805	-0.6018666	0.18124832
5001526866772	0.6172648	0.47385484	-0.60140926	0.18097715
5001528033282	0.6176832	0.4737185	-0.6011702	0.18070084
5001534205261	0.6177365	0.47370425	-0.60113454	0.18067414
5001539887553	0.6180362	0.47361755	-0.60096145	0.18045245
5001554887553	0.6183164	0.47352123	-0.60081047	0.18024799
5001562221199	0.6190813	0.4732521	-0.60040516	0.17967871
5001576455209	0.6194507	0.47317037	-0.60016644	0.17941837
5001581258699	0.62012434	0.4730689	-0.5996866	0.17896307
5001592850418	0.6204384	0.47304156	-0.5994419	0.17876615
5001600807970	0.6210771	0.4729178	-0.5990185	0.17829406
5001611309480	0.62157106	0.4727494	-0.5987525	0.17791271
5001621854949	0.6222585	0.47250575	-0.59840983	0.17730868
5001632050209	0.6229734	0.47228613	-0.5980283	0.1766698
5001639141824	0.62369233	0.4721154	-0.59759563	0.17605235
5001649731355	0.624211	0.47203052	-0.59725654	0.17559198
5001658903386	0.62500787	0.4718907	-0.5967483	0.17485945
5001670075209	0.6257454	0.47170627	-0.5963199	0.17417984
5001676849428	0.6268301	0.47137293	-0.59574854	0.17313398
5001691013647	0.62749314	0.47118127	-0.59538525	0.17250247
5001695999949	0.62883234	0.47076237	-0.5946703	0.17123103
5001710086251	0.62938523	0.47058782	-0.59437144	0.17071627
5001716457188	0.6308855	0.46997932	-0.5936699	0.1692901
5001728035313	0.6315789	0.4697074	-0.5933313	0.16864467
5001738073855	0.63283706	0.46912703	-0.5928071	0.16738217
5001748020470	0.6340187	0.46850798	-0.5923518	0.166253
5001752955105	0.6352427	0.46788412	-0.59187025	0.1650483
5001763825782	0.6359211	0.46753773	-0.59158146	0.16445109
5001774267032	0.6374739	0.46668795	-0.5909369	0.16316618
5001784934063	0.6390973	0.465893	-0.5901726	0.16184774
5001792685001	0.6406938	0.4651389	-0.5893624	0.16065274
5001804829167	0.6420278	0.46455908	-0.58863175	0.1596808
5001813145782	0.6438847	0.46387354	-0.58751637	0.1582981
5001822471407	0.6451095	0.46345323	-0.5867474	0.15739238
5001835025626	0.6467401	0.46288818	-0.585735	0.15612929
5001848569376	0.64872557	0.46220466	-0.58449566	0.15455389
5001863569376	0.6534665	0.46053243	-0.5815106	0.15078756
5001867980157	0.6534665	0.46053243	-0.5815106	0.15078756
5001875279844	0.65430784	0.46022516	-0.5809811	0.15011714
5001882774428	0.65575165	0.45969033	-0.5800719	0.1489668
5001897774428	0.6602705	0.45800364	-0.5771756	0.14540955
5001906546980	0.6602705	0.45800364	-0.5771756	0.14540955
5001914911407	0.6620342	0.45736876	-0.5759828	0.14411245
5001926227657	0.6638066	0.45672333	-0.574774	0.14282635
5001931004480	0.66618866	0.455861	-0.57313114	0.1410825
5001945674688	0.66741616	0.45541903	-0.57226026	0.14024034
5001953434376	0.6706619	0.45422435	-0.5699536	0.13800646
5001962783959	0.67231834	0.45358962	-0.568784	0.13685529
5001973319636	0.67441016	0.45277253	-0.5673116	0.13537249
5001980217813	0.67677385	0.45188448	-0.5655918	0.13372992
5001989670157	0.678771	0.45113045	-0.56412685	0.13233349
5001996156407	0.68095005	0.45031837	-0.5625152	0.13075589
5002006884063	0.68235785	0.44980508	-0.5614569	0.12972824
5002016735574	0.68493736	0.44884935	-0.5595049	0.12786476
5002024337553	0.6874942	0.44791964	-0.5575204	0.12605873
5002035589636	0.6891426	0.4473142	-0.5562267	0.12491769
5002046551251	0.691862	0.44627708	-0.5541076	0.12299793
5002053136407	0.6946054	0.44524726	-0.5519062	0.12115194
5002068136407	0.6960994	0.44468254	-0.55068594	0.12020014
5002077596667	0.6996681	0.44330055	-0.5477521	0.1179699
5002084842449	0.7014559	0.44258937	-0.5462771	0.11685767
5002097481146	0.7037685	0.44159877	-0.5444193	0.1153608
5002103986771	0.70673645	0.44022074	-0.5421204	0.11329094
5002115659011	0.70836	0.43942082	-0.540888	0.112141
5002126096303	0.7114644	0.43788257	-0.53850263	0.1099642
5002134949480	0.71396774	0.43664327	-0.53655094	0.108193316
5002146302605	0.7161075	0.4355397	-0.53490776	0.10662522
5002155160626	0.7187991	0.4340817	-0.5328796	0.10459586
5002165248542	0.7208988	0.43291768	-0.53129333	0.103027314
5002172916355	0.7232796	0.431588	-0.5294726	0.10127873
5002184909011	0.7250129	0.4306097	-0.52813584	0.10002124
5002190824949	0.7279659	0.4288898	-0.52587163	0.09786929
5002205824949	0.72911656	0.42820773	-0.5249841	0.097051196
5002210761511	0.73230696	0.42632693	-0.52247846	0.094806574
5002219598959	0.7333367	0.4256634	-0.52171093	0.094052
5002231061667	0.7351493	0.42442453	-0.5204232	0.092623636
5002240195521	0.737329	0.42293185	-0.51885694	0.09089609
5002248662553	0.73900926	0.4218211	-0.51758957	0.08962964
5002258530417	0.7404956	0.42085627	-0.5164316	0.08857014
5002268732136	0.7422022	0.41974026	-0.51510274	0.08731057
5002278835938	0.7438743	0.41866833	-0.5137607	0.086127296
5002286882501	0.7455343	0.41764	-0.5123812	0.08497644
5002300652917	0.7467337	0.41688097	-0.5113893	0.08414312
5002306644376	0.748815	0.41550735	-0.5097163	0.082577825
5002316082032	0.74961334	0.41496053	-0.5090845	0.08197962
5002327987761	0.7509287	0.4140986	-0.50800663	0.08098039
5002339683907	0.7523634	0.41311577	-0.5068718	0.07978526
5002345478959	0.75389063	0.41195324	-0.50576025	0.07842241
5002358712865	0.75455666	0.41141054	-0.5053039	0.07780554
5002366944323	0.7559724	0.4102736	-0.50431466	0.07647357
5002377321146	0.7568231	0.4095982	-0.50369996	0.07572548
5002387265417	0.7577864	0.40889832	-0.50293803	0.074936196
5002397217240	0.75864255	0.40833598	-0.5022044	0.074255995
5002405953386	0.759433	0.40779883	-0.5015357	0.07364686
5002416256615	0.7601043	0.4073242	-0.5009852	0.073091075
5002426687657	0.76080054	0.40679002	-0.50045145	0.07247635
5002434143438	0.7616964	0.4059948	-0.49985677	0.07162532
5002449143438	0.7620406	0.40562373	-0.49968725	0.07124636
5002456485417	0.7630526	0.40446305	-0.4992533	0.07004756
5002462790105	0.7634926	0.4039	-0.49910858	0.06953183
5002473194532	0.7639403	0.40329987	-0.49898544	0.06897855
5002484191198	0.7648004	0.40214399	-0.49874038	0.06796023
5002494563021	0.76519054	0.40161693	-0.49863124	0.06748428
5002503745157	0.76578045	0.40086988	-0.49841467	0.066833176
5002508845053	0.7661143	0.40049312	-0.49825382	0.06646389
5002520031980	0.766322	0.40026808	-0.49814346	0.06624986
5002529542657	0.7667199	0.3996892	-0.4980924	0.0655231
5002539889896	0.7670643	0.3990031	-0.49822342	0.06467036
5002548367500	0.76743686	0.39822066	-0.49839592	0.063738674
5002560797865	0.7677041	0.39769167	-0.498472	0.06322448
5002570401875	0.768055	0.3970644	-0.4984957	0.062716395
5002580853178	0.7682844	0.39668277	-0.4984739	0.062496018
5002588843073	0.76849645	0.39633796	-0.49843627	0.062375702
5002598381355	0.7686205	0.39613402	-0.4984134	0.062324356
5002608486563	0.7687542	0.39587748	-0.4984227	0.06223291
5002618779323	0.76888037	0.3956024	-0.4984574	0.062143847
5002628738594	0.7689772	0.39533746	-0.4985287	0.062061723
5002637325261	0.76908326	0.39506298	-0.49859196	0.06198712
5002647004844	0.76914907	0.39488354	-0.49863333	0.061979037
5002657680625	0.7692139	0.39468378	-0.4986809	0.062064335
5002667342865	0.7692703	0.3945278	-0.49870843	0.06213789
5002677016511	0.7693238	0.3943727	-0.49873406	0.062253732
5002687317500	0.76938504	0.39414945	-0.4988025	0.062361848
5002698063230	0.76945055	0.3938352	-0.49895105	0.06235069
5002706482761	0.76951975	0.39350873	-0.49910602	0.062318522
5002715868177	0.7695866	0.39322212	-0.499233	0.062282693
5002730433490	0.7696608	0.3928871	-0.4993925	0.062204298
5002737576459	0.7697303	0.3925836	-0.49952215	0.062216587
5002740668802	0.76976234	0.39243335	-0.499584	0.062272903
5002751514271	0.76978093	0.39233345	-0.49962804	0.062319826
5002761472396	0.76981616	0.39208657	-0.49975088	0.062452383
5002770930573	0.7698438	0.39183244	-0.49989784	0.06253026
5002781346980	0.769888	0.39157864	-0.50002074	0.06259316
5002791318907	0.76989084	0.3913453	-0.50018966	0.06266964
5002802135886	0.76989406	0.39112568	-0.5003488	0.06272996
5002812299584	0.7699083	0.39092484	-0.50047404	0.062806934
5002823039063	0.76989216	0.39080843	-0.5005723	0.062945805
5002831106719	0.76986897	0.39067248	-0.50070244	0.06303895
5002840785105	0.7698524	0.39058328	-0.5007923	0.063080944
5002850803490	0.769859	0.39047918	-0.5008585	0.063117325
5002862685052	0.7698543	0.39038515	-0.5009432	0.06308718
5002871306198	0.7698291	0.39029035	-0.5010584	0.06306346
5002880664115	0.7698081	0.39025873	-0.5011162	0.06305835
5002892191042	0.76978517	0.39023376	-0.50117594	0.06301802
5002899456927	0.7697585	0.39020514	-0.501242	0.06299351
5002908884375	0.76973504	0.3902199	-0.5012688	0.062977456
5002920420000	0.76971865	0.39023945	-0.5012774	0.06298819
5002929119532	0.76965344	0.39033967	-0.50129473	0.06302636
5002938654584	0.7696066	0.3904187	-0.50129974	0.06306711
5002948791146	0.7695506	0.39051482	-0.5013033	0.063127026
5002958732240	0.7694743	0.3906629	-0.5012952	0.06320687
5002967852500	0.7694353	0.3907577	-0.50126636	0.06332318
5002977780313	0.76939136	0.39085072	-0.5012498	0.06341427
5002987524323	0.76933914	0.3909475	-0.50124085	0.063521996
5002996022552	0.7692909	0.39103588	-0.50123024	0.063645735
5003005564948	0.7692389	0.3911038	-0.50124365	0.06375175
5003015281615	0.7692016	0.391103	-0.5012912	0.06383284
5003023753125	0.7691568	0.3910989	-0.5013586	0.06386824
5003033315521	0.76910913	0.39106956	-0.50145423	0.063871816
5003042788438	0.76907575	0.3909875	-0.50157386	0.06383646
5003054000157	0.7690417	0.39093333	-0.50166386	0.06387075
5003064024323	0.76899946	0.39089915	-0.5017461	0.06394085
5003074565313	0.76896405	0.39088085	-0.5017985	0.064069815
5003084548750	0.768924	0.39087734	-0.50184125	0.06423504
5003094393750	0.7688853	0.39087337	-0.5018858	0.064375825
5003103216563	0.7688503	0.3908576	-0.50193506	0.06450325
5003112932292	0.7688263	0.390882	-0.50193185	0.064667925
5003122689792	0.76877	0.39096138	-0.50192404	0.06491811
5003132495104	0.7687078	0.39106053	-0.501904	0.065210216
5003141679167	0.7686524	0.39121625	-0.5018167	0.065602
5003149875052	0.76856554	0.39143813	-0.50172025	0.066031024
5003160629740	0.7684924	0.39164835	-0.5016071	0.066494495
5003171129792	0.7683999	0.39195877	-0.5014207	0.06713636
5003180826302	0.7682967	0.39233014	-0.5011926	0.06784614
5003189720365	0.7681619	0.39279908	-0.50091785	0.068684354
5003199593229	0.768007	0.3933731	-0.50057983	0.069590144
5003209436771	0.7678117	0.394189	-0.50007623	0.07073869
5003219535261	0.7676285	0.39503822	-0.49952355	0.07188621
5003229287813	0.767487	0.395909	-0.49885648	0.073226206
5003238083281	0.7673199	0.3969108	-0.4981079	0.074636765
5003246540729	0.76722544	0.39776573	-0.49738064	0.07589708
5003255933594	0.7671308	0.39863995	-0.49661806	0.07724611
5003266713281	0.7670251	0.39964533	-0.49571759	0.07886948
5003275621302	0.7668272	0.40076172	-0.49481797	0.080755174
5003286201406	0.7668158	0.40122527	-0.49424616	0.08205177
5003298068281	0.7669642	0.4011433	-0.49397796	0.08267977
5003305733281	0.7673865	0.40023932	-0.4940743	0.08256617
5003316779427	0.767772	0.39926067	-0.494311	0.08230332
5003325765261	0.7680932	0.39805812	-0.49490407	0.08156395
5003335724219	0.7685451	0.39628816	-0.49588028	0.0799805
5003345468698	0.7689754	0.39432722	-0.49713632	0.077707216
5003356350677	0.7694286	0.39253592	-0.498181	0.07556992
5003367190156	0.7698068	0.39136496	-0.49871805	0.07423782
5003373351302	0.77020234	0.3902087	-0.49915248	0.073297165
5003384043542	0.770404	0.3895692	-0.49943766	0.072633974
5003393868386	0.7707189	0.38887265	-0.49958926	0.07197986
5003403529323	0.7707592	0.38889003	-0.4994607	0.07234486
5003413270938	0.7705963	0.38944545	-0.49916282	0.07314585
5003422900365	0.7703414	0.3902384	-0.49879786	0.0740858
5003432683698	0.76997435	0.39128435	-0.49840015	0.075056784
5003442421979	0.7695435	0.39241007	-0.49805504	0.075883985
5003452169167	0.7691492	0.39341563	-0.49779126	0.07640484
5003459314636	0.76877075	0.3943082	-0.49763927	0.076600574
5003469163490	0.7685341	0.3948814	-0.49755234	0.076587774
5003477375313	0.7682336	0.39555138	-0.4974953	0.07651748
5003487487083	0.7680141	0.39609462	-0.49740478	0.07649757
5003500762604	0.76770484	0.3969598	-0.49714303	0.07681777
5003507439323	0.7672654	0.3983006	-0.49661916	0.07765312
5003518790365	0.7670931	0.3989	-0.49633324	0.078104824
5003525674688	0.7668038	0.39990285	-0.49584973	0.078883134
5003537774896	0.76666236	0.40046492	-0.49553874	0.07936072
5003549989583	0.76640046	0.4013845	-0.49507532	0.08013286
5003558752031	0.7662943	0.40180048	-0.4948433	0.08049568
5003567841615	0.7663019	0.40190923	-0.49473235	0.080564186
5003577927344	0.76634765	0.40186194	-0.49470514	0.08053049
5003587845208	0.7664741	0.4016187	-0.49472642	0.08040941
5003598923542	0.7666582	0.40120682	-0.49481785	0.080147706
5003607542969	0.76688665	0.4005749	-0.49503553	0.07977835
5003617276875	0.7670844	0.39999792	-0.49524158	0.079491295
5003626874063	0.76731896	0.39930332	-0.49548897	0.07917858
5003636629323	0.7675687	0.39851296	-0.49578965	0.07885575
5003646361823	0.7678721	0.39755163	-0.496161	0.0784195
5003656079531	0.76815677	0.39655858	-0.4965849	0.07797347
5003665744375	0.7683868	0.3956549	-0.4970035	0.07763189
5003672639479	0.768575	0.39472556	-0.49749142	0.077371925
5003683301146	0.7686202	0.39431173	-0.49776188	0.07729565
5003694361510	0.7686652	0.39351407	-0.49833935	0.07719053
5003703935260	0.768715	0.39273086	-0.49889463	0.0770977
5003709539427	0.7687553	0.3921615	-0.49929014	0.07703216
5003720289635	0.7687941	0.39179704	-0.49952373	0.07698636
5003731401563	0.7688699	0.3910619	-0.50000805	0.07682144
5003741215313	0.7689552	0.39028707	-0.5005072	0.07665852
5003750986458	0.76902956	0.38960445	-0.5009514	0.076484
5003760350885	0.76907337	0.3888851	-0.50147295	0.0762853
5003770634479	0.76911056	0.38825324	-0.5019318	0.07611097
5003781900313	0.7691437	0.387518	-0.50248235	0.07589137
5003789212760	0.7691881	0.38674328	-0.50304043	0.07569436
5003800631615	0.7692003	0.38628674	-0.503385	0.075611785
5003807613229	0.7692119	0.38562053	-0.503886	0.07555786
5003821971510	0.7692266	0.38515922	-0.50421697	0.07555266
5003827542552	0.76922655	0.38456756	-0.504664	0.075581826
5003841178281	0.76921225	0.38426164	-0.5049164	0.075597584
5003848795000	0.7691641	0.38372582	-0.5053874	0.07566157
5003859476406	0.7691175	0.38349152	-0.5056283	0.0757156
5003874476406	0.7690464	0.38315648	-0.5059833	0.07575978
5003880021875	0.76892596	0.38270065	-0.5065067	0.075791016
5003888839948	0.76888335	0.38255444	-0.5066803	0.07579921
5003898763958	0.76880157	0.38231212	-0.50698537	0.07581261
5003906936302	0.7686881	0.38205066	-0.5073488	0.07585
5003916494635	0.7685932	0.38182864	-0.50765973	0.075848125
5003926693333	0.7684918	0.38159382	-0.5079867	0.07586909
5003934385312	0.7683996	0.38139066	-0.508264	0.075966865
5003949385312	0.76832193	0.38122907	-0.50849015	0.07605139
5003959766771	0.76819485	0.38091084	-0.5088895	0.07625689
5003962748698	0.7681127	0.38076156	-0.5091097	0.07635969
5003973715156	0.7680733	0.38068405	-0.50921845	0.076418914
5003984093698	0.7679597	0.38052318	-0.5094946	0.07651947
5003992766823	0.7678748	0.38034797	-0.5097493	0.07654649
5004002398802	0.76780164	0.38023227	-0.5099396	0.07658906
5004012082812	0.76772267	0.380153	-0.51010275	0.076686315
5004022460729	0.7676381	0.38008142	-0.5102847	0.076677516
5004030191562	0.76756114	0.38001856	-0.5104497	0.076659925
5004043449635	0.7674881	0.37997663	-0.5105968	0.07662072
5004054517083	0.7673631	0.37987724	-0.510879	0.076485366
5004069517083	0.7669888	0.3800214	-0.511302	0.07669641
5004078005989	0.7669888	0.3800214	-0.511302	0.07669641
5004080198698	0.7668928	0.3800753	-0.51139224	0.07678663
5004093083750	0.76683575	0.38012555	-0.51142836	0.07686751
5004100575729	0.76662487	0.38029402	-0.51158315	0.07710829
5004110225625	0.76653767	0.38032025	-0.5116806	0.07719732
5004121268802	0.7664252	0.38033268	-0.51182437	0.07730125
5004131571042	0.7663171	0.38031545	-0.5119774	0.07744358
5004140275937	0.7662426	0.3802949	-0.5120926	0.077520266
5004149939167	0.7661749	0.38027275	-0.51220036	0.0775844
5004159882239	0.7661012	0.3802323	-0.51233274	0.07763874
5004169217969	0.7660218	0.3801719	-0.51249033	0.0776766
5004176171510	0.7659284	0.380112	-0.51266825	0.07771715
5004187932552	0.76588154	0.38007492	-0.5127618	0.077743426
5004197407604	0.76579785	0.38003317	-0.51290643	0.07781607
5004208228021	0.7656702	0.3800528	-0.51305896	0.07797273
5004219018906	0.76554024	0.38009748	-0.51319236	0.078150555
5004223996979	0.7653749	0.3801575	-0.51335776	0.07839315
5004234981510	0.765313	0.3801912	-0.51340795	0.0785051
5004246016823	0.7651549	0.38028577	-0.5135365	0.07874665
5004254122604	0.7650093	0.3803383	-0.5136811	0.07896559
5004263825469	0.7649262	0.3803414	-0.51378447	0.07908149
5004274791614	0.7648729	0.38026783	-0.51390946	0.07913885
5004285060937	0.76483405	0.3801056	-0.51408577	0.0791494
5004296280208	0.7648116	0.37994227	-0.51424277	0.079129085
5004302768541	0.7648039	0.37975416	-0.5143925	0.07913453
5004312804531	0.7648085	0.3796893	-0.51442945	0.07916072
5004320680677	0.7648189	0.3796279	-0.51444876	0.07922918
5004333049479	0.7648564	0.379533	-0.5144649	0.07921751
5004344005260	0.76492274	0.3793964	-0.5144792	0.07913668
5004353629271	0.7649966	0.37928733	-0.5144544	0.07910885
5004361621198	0.765084	0.37921226	-0.5143835	0.07908301
5004373398229	0.76517564	0.3791639	-0.51428735	0.07905444
5004382329010	0.7652974	0.3791456	-0.5141253	0.07901722
5004391312239	0.7653502	0.37924558	-0.51396996	0.07903688
5004399789583	0.7653794	0.37939802	-0.5138101	0.07906231
5004410089166	0.7653796	0.3796408	-0.5136208	0.079124525
5004420898802	0.76535153	0.37995705	-0.5134077	0.0792606
5004428648021	0.76530796	0.38031134	-0.5131885	0.079401806
5004443104948	0.76526576	0.38061565	-0.5130035	0.079545625
5004451169010	0.7651934	0.38111943	-0.5126886	0.079859026
5004462974271	0.7651668	0.38131282	-0.51256996	0.07995248
5004470422239	0.7651237	0.3816185	-0.5123854	0.0800886
5004485422239	0.7651067	0.38175452	-0.512298	0.08016281
5004500422239	0.7650781	0.3819696	-0.51217026	0.08022786
5004515422239	0.7650796	0.38209948	-0.5120665	0.080255985
5004530422239	0.7650773	0.38217053	-0.51202303	0.08021855
5004545422239	0.76509094	0.3821876	-0.5120113	0.08008081
5004560422239	0.76512986	0.38221216	-0.51194394	0.08002223
5004575422239	0.7651134	0.38231924	-0.51189137	0.08000424
5004590422239	0.76499265	0.38265353	-0.51182735	0.07996995
5004601721250	0.76499265	0.38265353	-0.51182735	0.07996995
5004608158906	0.76488763	0.38285747	-0.5118266	0.0800039
5004612471510	0.7647938	0.38303947	-0.51182586	0.08003468
5004617545781	0.76475894	0.3831243	-0.5118105	0.08006012
5004623537812	0.76470995	0.38323072	-0.51180047	0.0800829
5004628842864	0.76467174	0.38332638	-0.5117827	0.080103
5004635395468	0.7646403	0.38342312	-0.51175225	0.08013534
5004641855468	0.7645842	0.38357764	-0.5117124	0.08018576
5004648046406	0.7645271	0.3837531	-0.5116457	0.08031594
5004654391510	0.76443225	0.3840222	-0.51155305	0.08052204
5004661352760	0.7643405	0.38428873	-0.51145434	0.080748364
5004666544531	0.7642205	0.38453135	-0.5114194	0.080950595
5004671672083	0.7641365	0.38467315	-0.511423	0.08104735
5004683042031	0.76406574	0.3847786	-0.5114352	0.08113661
5004694863802	0.7639227	0.38496208	-0.5114902	0.081265956
5004702146250	0.763791	0.38507465	-0.5115906	0.08133831
5004710878645	0.7637192	0.3851265	-0.51164883	0.081401184
5004718701823	0.76363575	0.38519672	-0.51171017	0.0814647
5004729247291	0.7635545	0.38522634	-0.5117977	0.08153824
5004737020468	0.7634881	0.3852223	-0.5118879	0.081612706
5004748556041	0.7634585	0.3851815	-0.5119601	0.08162784
5004758409010	0.7634493	0.3850836	-0.51205015	0.08161155
5004768921510	0.76342756	0.38502264	-0.51213485	0.08157194
5004777368385	0.76343644	0.38489807	-0.5122229	0.08152364
5004788954062	0.7634539	0.38481298	-0.51226383	0.08150466
5004799066979	0.7634379	0.3847702	-0.5123147	0.08153549
5004811048281	0.7634286	0.38474673	-0.5123391	0.08158131
5004817260677	0.763402	0.38476548	-0.5123508	0.08166842
5004832260677	0.76338685	0.38480356	-0.51233757	0.08171209
5004840412187	0.7633113	0.3849743	-0.51229614	0.08187451
5004850598958	0.7632875	0.385043	-0.5122709	0.0819315
5004862669218	0.7632809	0.38504013	-0.5122764	0.08197164
5004869445208	0.7632898	0.38497436	-0.51231873	0.081931725
