179998261404037	0.21511358	0.87748235	-0.327475	0.27660662
179998307009402	0.21511358	0.87748235	-0.327475	0.27660662
179998319846798	0.21511358	0.87748235	-0.327475	0.27660662
179998381461277	0.21511358	0.87748235	-0.327475	0.27660662
179998394846798	0.21511358	0.87748235	-0.327475	0.27660662
179998409846798	0.24170436	0.84262705	-0.21598402	0.4300111
179998424846798	0.2591031	0.7758993	-0.0963665	0.5670621
179998439846798	0.27098885	0.7811754	-0.08246245	0.5563543
179998454846798	0.2692462	0.7932584	-0.08684983	0.53917044
179998469049610	0.26614204	0.79392636	-0.08310188	0.54031795
179998482665704	0.2644618	0.7939447	-0.08010294	0.5415675
179998495261589	0.2630144	0.7937688	-0.07750805	0.5429061
179998502431329	0.2626791	0.79383045	-0.07704719	0.5430439
179998514838569	0.26294068	0.79393923	-0.077295944	0.54272294
179998522169975	0.2631991	0.79410124	-0.077686034	0.5423048
179998534915183	0.26341182	0.79430896	-0.07812067	0.5418346
179998542021016	0.26353896	0.7945904	-0.07856879	0.54129505
179998551087110	0.2635534	0.79493064	-0.07901509	0.5407232
179998561174246	0.26356155	0.79525876	-0.07946663	0.5401704
179998570739714	0.26358947	0.7956214	-0.08009089	0.53953004
179998581685548	0.26349235	0.7961461	-0.08097795	0.53867036
179998589303048	0.2632681	0.7967434	-0.08199762	0.53774184
179998595786173	0.26307458	0.79722375	-0.08291253	0.5369838
179998607627891	0.26279104	0.7977159	-0.08380444	0.5362527
179998612764975	0.2623049	0.79830813	-0.08478493	0.5354547
179998561461277	0.26165128	0.79898834	-0.08582739	0.5345933
179998568961277	0.26092124	0.7996615	-0.08679543	0.53378665
179998576461277	0.2599677	0.8005091	-0.088010035	0.5327817
179998583961277	0.25890684	0.80143166	-0.08931469	0.53169304
179998591461277	0.25786623	0.8023129	-0.0905867	0.53065354
179998598961277	0.25686336	0.8031707	-0.091854274	0.5296234
179998606461277	0.25605896	0.80385906	-0.09292105	0.5287817
179998613961277	0.25526243	0.8045943	-0.094134636	0.52783316
179998621461277	0.2545521	0.80528617	-0.09532559	0.5269066
179998628961277	0.25377747	0.80603385	-0.09646496	0.52592856
179998636461277	0.2525849	0.80722845	-0.098080784	0.5243695
179998643961277	0.2516007	0.8080655	-0.099137075	0.5233538
179998651461277	0.25058922	0.8091308	-0.10048197	0.5219347
179998658961277	0.24956506	0.81030554	-0.10202945	0.5203001
179998760450027	0.24846636	0.81155705	-0.10366162	0.51854986
179998767950027	0.24766411	0.81259143	-0.10510632	0.51702064
179998775450027	0.2465789	0.8138306	-0.1067193	0.51525694
179998782950027	0.24563281	0.8148785	-0.108056545	0.5137716
179998790450027	0.24486233	0.81570864	-0.10917817	0.5125837
179998797950027	0.24409333	0.81656677	-0.11039272	0.5113226
179998805450027	0.24313378	0.8176471	-0.11192992	0.50971645
179998812950027	0.24230912	0.81854874	-0.11311582	0.50839853
179998820450027	0.24146181	0.8194556	-0.11429295	0.5070759
179998827950027	0.24054287	0.82044065	-0.11554641	0.50563365
179998835450027	0.23954618	0.8214976	-0.11695671	0.50406384
179998842950027	0.23858543	0.8225374	-0.11836333	0.5024931
179998850450027	0.23769683	0.82354057	-0.11971925	0.5009476
179998857950027	0.23659895	0.824764	-0.121371485	0.4990534
179998865450027	0.2358676	0.8256064	-0.12239791	0.49775428
179998872950027	0.23520297	0.8264394	-0.12355402	0.4963991
179998880450027	0.23421252	0.82765156	-0.12538877	0.49438354
179998887950027	0.23315129	0.8289566	-0.1273869	0.4921829
179998895450027	0.23254116	0.8298165	-0.12859268	0.4907067
179998902950027	0.23197262	0.83063096	-0.12966785	0.4893131
179998910450027	0.23137872	0.83141714	-0.13074698	0.48796996
179998917950027	0.23069528	0.83229285	-0.13208733	0.4864372
179998925450027	0.22991496	0.8332567	-0.13364369	0.4847286
179998932950027	0.22922386	0.83410466	-0.13492292	0.4832409
179998940450027	0.22855562	0.8348628	-0.13609655	0.48191708
179998947950027	0.2277653	0.83568347	-0.13746743	0.48047766
179998955450027	0.22654738	0.8368043	-0.13947342	0.47852066
179998962950027	0.2256005	0.8376502	-0.14093886	0.47705638
179998970450027	0.22456709	0.83849144	-0.142425	0.47562274
179998977950027	0.22332318	0.8394866	-0.1442126	0.47391117
179998985450027	0.2219465	0.8405818	-0.14612591	0.47202677
179998992950027	0.22063428	0.8416367	-0.1478527	0.47022113
179999000450027	0.21933168	0.8426662	-0.14948906	0.46846598
179999007950027	0.21793164	0.8437592	-0.15127464	0.46657515
179999015450027	0.21690014	0.8445251	-0.1524121	0.46529812
179999022950027	0.21587121	0.84531975	-0.15358242	0.46394694
179999030450027	0.21495885	0.846056	-0.15463792	0.462676
179999037950027	0.21410781	0.8467809	-0.15559952	0.46142042
179999045450027	0.21314533	0.84760094	-0.15672772	0.45997623
179999052950027	0.21198195	0.8486615	-0.1582775	0.45802373
179999060450027	0.210832	0.8497451	-0.15981258	0.45600796
179999067950027	0.2097533	0.8507634	-0.1611939	0.4541166
179999075450027	0.20865703	0.85183465	-0.16276173	0.4520495
179999082950027	0.20765904	0.85283387	-0.1644298	0.45001668
179999090450027	0.20675707	0.8537781	-0.16611992	0.44801638
179999097950027	0.2059984	0.8545929	-0.16757391	0.44626725
179999200555547	0.20511134	0.8555112	-0.16928104	0.44426796
179999208055547	0.20428821	0.8562216	-0.17061776	0.44276467
179999215555547	0.20373565	0.856814	-0.17181489	0.4414082
179999223055547	0.20316432	0.85743606	-0.1731053	0.43995714
179999230555547	0.20256536	0.858047	-0.17438193	0.4385359
179999238055547	0.20191054	0.8586817	-0.1756356	0.43709275
179999245555547	0.20126086	0.8592726	-0.17684126	0.4357428
179999253055547	0.20022926	0.8601201	-0.17859058	0.43382832
179999260555547	0.19927378	0.8608618	-0.18010345	0.43216854
179999268055547	0.19835411	0.86152387	-0.18152374	0.43067566
179999275555547	0.19736043	0.8622126	-0.1829941	0.4291288
179999283055547	0.19648486	0.8627705	-0.18418072	0.4278998
179999290555547	0.19564967	0.8632668	-0.18523501	0.42682508
179999298055547	0.19478701	0.86377096	-0.1862789	0.425744
179999305555547	0.19391544	0.8642566	-0.18731205	0.4247018
179999313055547	0.19303161	0.864741	-0.18837495	0.42364696
179999320555547	0.19214521	0.8652413	-0.1894538	0.42254585
179999328055547	0.19123767	0.8657594	-0.19049071	0.4214287
179999335555547	0.19033034	0.8662744	-0.19151096	0.42031738
179999343055547	0.18932028	0.866874	-0.19275123	0.41896814
179999350555547	0.18815696	0.8676009	-0.19424982	0.41729203
179999358055547	0.18719564	0.8681973	-0.19546857	0.41591263
179999365555547	0.18631527	0.868755	-0.19667415	0.41457304
179999373055547	0.18536	0.86938477	-0.19808614	0.41300583
179999380555547	0.18423897	0.87014174	-0.19983295	0.4110669
179999388055547	0.18331614	0.87078875	-0.2012572	0.40941143
179999395555547	0.18254454	0.87132835	-0.20247585	0.40800482
179999403055547	0.18161018	0.8719549	-0.20403613	0.40630257
179999410555547	0.18090631	0.87243307	-0.20524746	0.40497768
179999418055547	0.18021454	0.8729357	-0.20641969	0.4036051
179999425555547	0.1796753	0.8733167	-0.20732962	0.4025533
179999433055547	0.17915472	0.87366223	-0.20825057	0.401559
179999440555547	0.17867054	0.873988	-0.20919298	0.40057495
179999448055547	0.17815511	0.8743168	-0.21015893	0.39957988
179999455555547	0.17726746	0.8748955	-0.2116559	0.39791444
179999463055547	0.17667516	0.8752741	-0.21264821	0.39681476
179999470555547	0.17610845	0.8756438	-0.21360828	0.39573377
179999478055547	0.17551197	0.8760339	-0.21455814	0.39461997
179999485555547	0.1748024	0.87643975	-0.21554565	0.39349407
179999493055547	0.17416756	0.87680644	-0.2162988	0.39254433
179999500555547	0.17352839	0.8771609	-0.21684201	0.3917349
179999508055547	0.17261264	0.8776475	-0.21727552	0.39080828
179999515555547	0.17137109	0.87831706	-0.21773869	0.38959086
179999523055547	0.17010115	0.8789677	-0.2181263	0.38846132
179999530555547	0.16877922	0.8796276	-0.21861254	0.3872694
179999633241329	0.1676866	0.88012874	-0.21871305	0.38654792
179999640109610	0.16716343	0.880417	-0.21953574	0.3856506
179999646520964	0.16621692	0.88084525	-0.21969892	0.3849885
179999654020964	0.16526738	0.8812714	-0.22013116	0.38417408
179999661520964	0.16420804	0.88172454	-0.22079435	0.38320696
179999669020964	0.16316588	0.8821644	-0.22172424	0.38210106
179999676520964	0.16247971	0.8824602	-0.22226217	0.38139716
179999684020964	0.1617323	0.8828245	-0.22273499	0.38059524
179999691520964	0.1608864	0.88327724	-0.22327664	0.37958437
179999699020964	0.16025247	0.8836397	-0.22358623	0.3788263
179999706520964	0.15970817	0.88399523	-0.2240196	0.3779694
179999714020964	0.1591373	0.8843918	-0.22468926	0.37688354
179999721520964	0.15856299	0.88483936	-0.22548716	0.37559628
179999729020964	0.15824808	0.88514966	-0.22606325	0.37465048
179999736520964	0.15795727	0.88548034	-0.22668049	0.3736175
179999744020964	0.15763186	0.88587254	-0.22728789	0.37245443
179999751520964	0.15716673	0.88639504	-0.22800443	0.37096676
179999759020964	0.15681449	0.8868895	-0.22856721	0.36958534
179999766520964	0.1564412	0.88741803	-0.22912323	0.36812776
179999774020964	0.15614839	0.8879205	-0.22952239	0.36678925
179999781520964	0.15581827	0.8885053	-0.22989802	0.36527526
179999789020964	0.15549709	0.8890753	-0.23030736	0.3637642
179999796520964	0.1553086	0.8895773	-0.23076299	0.36232558
179999804020964	0.15521005	0.8900057	-0.23127306	0.3609882
179999811520964	0.15513907	0.8904199	-0.23174867	0.35968992
179999819020964	0.15498938	0.8908815	-0.23229496	0.35825622
179999826520964	0.1547721	0.8913855	-0.23279457	0.35676903
179999834020964	0.15461689	0.89182794	-0.23307401	0.35554618
179999841520964	0.15447979	0.8922126	-0.23325118	0.35452285
179999849020964	0.15435597	0.8925841	-0.23354107	0.3534496
179999856520964	0.15432176	0.89288527	-0.23410046	0.35233185
179999864020964	0.15451941	0.8930265	-0.23485114	0.3513866
179999871520964	0.15498394	0.8929489	-0.23615897	0.3505013
179999879020964	0.15568973	0.8926272	-0.23827244	0.34957668
179999957906901	0.15643503	0.892241	-0.24095775	0.34838703
179999894020964	0.15719728	0.89186025	-0.2431776	0.34747523
179999975814922	0.15762578	0.8916175	-0.24492392	0.34667674
179999984742995	0.15799378	0.89133906	-0.24640898	0.34617248
179999996150808	0.1584065	0.89094925	-0.24824409	0.34567598
180000001629037	0.15893288	0.8903848	-0.25069484	0.34511945
180000013379714	0.15932661	0.8897706	-0.25382382	0.3442337
180000018042891	0.15957727	0.889249	-0.25666898	0.34335464
180000032215860	0.1595295	0.8888617	-0.2592234	0.34245953
180000041564662	0.15932903	0.88850707	-0.26166126	0.34161782
180000048095755	0.1591366	0.8881474	-0.26399484	0.3408468
180000059674089	0.15898086	0.8877922	-0.26622415	0.34011003
180000071059037	0.15880553	0.88747036	-0.26835117	0.33935958
180000081289558	0.15834595	0.8875815	-0.2691286	0.33866704
180000091604297	0.15781754	0.8874492	-0.27135745	0.3374802
180000100779922	0.15742736	0.8873204	-0.27325216	0.3364707
180000110135130	0.15715389	0.88719684	-0.27487153	0.3356039
180000120199349	0.15689819	0.88710713	-0.27631268	0.3347762
180000130475287	0.15657188	0.8870766	-0.27764192	0.33390924
180000140857266	0.15622398	0.8870233	-0.27902544	0.3330593
180000148219818	0.15587397	0.88687813	-0.2807231	0.33218226
180000158642370	0.15543082	0.88671714	-0.28272396	0.3311211
180000166154193	0.15504354	0.8865221	-0.28463945	0.3301823
180000175597474	0.1546824	0.8863547	-0.28637564	0.32929906
180000183556120	0.15430693	0.8862547	-0.2878183	0.32848537
180000194214401	0.15388873	0.8862477	-0.28883174	0.3278102
180000176059037	0.15335375	0.88633126	-0.28949693	0.32724783
180000211936432	0.15269263	0.8864884	-0.289864	0.32680592
180000222202735	0.15194307	0.88668674	-0.29013908	0.3263727
180000232966589	0.15133311	0.88682306	-0.29039523	0.32605818
180000241361016	0.1508342	0.88691545	-0.29076588	0.32570735
180000252200287	0.15042266	0.8869799	-0.2912811	0.32526147
180000262016589	0.14999916	0.8870556	-0.29186615	0.32472587
180000272424037	0.14957651	0.88715976	-0.29233405	0.32421502
180000283837422	0.149141	0.887298	-0.29261956	0.32377937
180000291199505	0.1487355	0.8874339	-0.2928571	0.32337832
180000302251797	0.14840567	0.88754004	-0.2930997	0.3230186
180000311523047	0.14811939	0.8876065	-0.2933857	0.32270756
180000321774610	0.14789592	0.8876338	-0.29377833	0.3223779
180000329196172	0.14772975	0.8876511	-0.29418364	0.32203668
180000341738516	0.14758162	0.8876681	-0.2945681	0.32170576
180000348559037	0.14735997	0.8877125	-0.29494083	0.32134315
180000363559037	0.14663015	0.8879849	-0.29545522	0.3204509
180000311059037	0.14663015	0.8879849	-0.29545522	0.3204509
180000318559037	0.1462458	0.8881691	-0.29558274	0.319998
180000326059037	0.14593022	0.8883254	-0.29575056	0.31955302
180000333559037	0.14566822	0.88844526	-0.2960059	0.31910253
180000341059037	0.14540547	0.8885567	-0.29628	0.318657
180000348559037	0.14514235	0.8886297	-0.2965749	0.31829897
180000356059037	0.14493077	0.88867116	-0.29699185	0.31789076
180000363559037	0.14475363	0.8887104	-0.2973856	0.31749365
180000371059037	0.1445638	0.88878155	-0.29772368	0.31706333
180000378559037	0.14436306	0.88886124	-0.29804626	0.31662828
180000386059037	0.1441253	0.88894653	-0.2983846	0.31617808
180000393559037	0.14381817	0.88907063	-0.29863858	0.31572908
180000401059037	0.1433178	0.88923687	-0.29908556	0.31506464
180000503837526	0.14242715	0.8894858	-0.30007493	0.3138228
180000511170339	0.1420664	0.8895345	-0.3006534	0.31329426
180000526065703	0.14154045	0.88973826	-0.30097517	0.31264383
180000531689401	0.14154045	0.88973826	-0.30097517	0.31264383
180000539380547	0.14127587	0.8898235	-0.30113402	0.31236807
180000546982214	0.1410466	0.8898927	-0.30135703	0.31205916
180000559129609	0.14080067	0.8899685	-0.30161655	0.3117027
180000566642891	0.14053988	0.89004433	-0.30192366	0.31130636
180000578240443	0.14035696	0.890092	-0.3021468	0.31103638
180000571170339	0.14027774	0.89012915	-0.30225763	0.31085804
180000578670339	0.1402941	0.8901538	-0.3022999	0.31073865
180000586170339	0.14035892	0.8901664	-0.30231693	0.31065685
180000593670339	0.14041516	0.8901393	-0.3024195	0.31060937
180000601170339	0.14045027	0.89009434	-0.30261138	0.31053543
180000608670339	0.14040446	0.89006186	-0.30289114	0.3103764
180000616170339	0.14038247	0.89003986	-0.30314898	0.31019747
180000623670339	0.14040135	0.89002955	-0.30333963	0.31003243
180000631170339	0.14042968	0.8900311	-0.30351806	0.30984014
180000638670339	0.14050452	0.89001566	-0.30368352	0.30968857
180000646170339	0.14058357	0.890007	-0.3038251	0.3095384
180000653670339	0.14061062	0.89002734	-0.30393517	0.30935967
180000661170339	0.14058399	0.8900755	-0.30405456	0.3091159
180000668670339	0.14051796	0.8901143	-0.3042682	0.3088237
180000676170339	0.14043781	0.8901435	-0.30449745	0.30854997
180000683670339	0.14029458	0.8901519	-0.30479175	0.30829996
180000691170339	0.14001802	0.8901643	-0.305304	0.30788293
180000698670339	0.13969253	0.8902065	-0.30579114	0.30742502
180000706170339	0.13942862	0.8902733	-0.3061006	0.30704343
180000713670339	0.13915618	0.8903387	-0.3063796	0.30669862
180000721170339	0.13887908	0.8904101	-0.30667067	0.30632588
180000728670339	0.13855544	0.8904848	-0.30702397	0.30590108
180000736170339	0.13820754	0.8905239	-0.30747473	0.30549163
180000743670339	0.13795602	0.8905542	-0.30770928	0.30528072
180000751170339	0.1377123	0.8905827	-0.3078338	0.30518243
180000758670339	0.13751218	0.89059234	-0.30794892	0.305128
180000766170339	0.13736032	0.89058095	-0.30805567	0.30512202
180000773670339	0.13723226	0.89056766	-0.30819112	0.3050817
180000781170339	0.13711973	0.8905525	-0.30835947	0.30500644
180000788670339	0.1370144	0.89052075	-0.30860263	0.30490065
180000796170339	0.13691789	0.8905018	-0.30882403	0.30477488
180000803670339	0.13679984	0.89053875	-0.30889636	0.30464697
180000811170339	0.13663617	0.89059514	-0.30890298	0.30454853
180000818670339	0.13647372	0.89063495	-0.308952	0.30445534
180000826170339	0.13633898	0.8906376	-0.30905592	0.30440265
180000833670339	0.13625304	0.89060384	-0.3092376	0.30435503
180000841170339	0.13615309	0.89057076	-0.30950508	0.30422488
180000848670339	0.13610585	0.8905544	-0.30966184	0.30413398
180000856170339	0.13602215	0.8905831	-0.3097535	0.30399418
180000958799193	0.13588335	0.8906484	-0.3098352	0.3037817
180000966299193	0.13575734	0.89067733	-0.31000635	0.30357867
180000973799193	0.13559853	0.8907547	-0.31003353	0.30339488
180000981299193	0.13542679	0.89082843	-0.31004664	0.3032415
180000988799193	0.13527025	0.89088744	-0.31008396	0.30309996
180000996299193	0.13512851	0.89091825	-0.3102401	0.3029128
180001003799193	0.1349692	0.89094776	-0.31047133	0.30266005
180001027192057	0.1348112	0.890978	-0.3107141	0.30239218
180001033815443	0.13463108	0.89105606	-0.31090984	0.30204073
180001026299193	0.13445055	0.8911657	-0.31100094	0.30170393
180001033799193	0.13426791	0.89127433	-0.31102982	0.30143443
180001041299193	0.13407987	0.891395	-0.3110501	0.30114046
180001048799193	0.13390315	0.89151734	-0.31103194	0.30087546
180001056299193	0.13371503	0.8916307	-0.31105152	0.30060267
180001063799193	0.13350639	0.8917135	-0.3111377	0.30036038
180001071299193	0.1333053	0.89176506	-0.3113128	0.30011544
180001078799193	0.13312712	0.8918074	-0.31149	0.29988486
180001086299193	0.13296063	0.8918746	-0.3116356	0.2996072
180001093799193	0.13283151	0.8919441	-0.31175643	0.29933172
180001101299193	0.13268957	0.8920317	-0.3118165	0.29907113
180001108799193	0.13253629	0.89219147	-0.31170383	0.2987798
180001116299193	0.13251252	0.8922094	-0.31176403	0.29867387
180001123799193	0.13244836	0.8922718	-0.3117719	0.2985078
180001131299193	0.13224436	0.8924231	-0.31154576	0.2983817
180001138799193	0.1320543	0.8924716	-0.31155175	0.29831472
180001146299193	0.13195314	0.89246386	-0.3116726	0.2982561
180001153799193	0.13188691	0.8924698	-0.3117705	0.29816568
180001161299193	0.13182981	0.8924768	-0.31191698	0.29801652
180001168799193	0.13180622	0.8925199	-0.31195557	0.29785743
180001176299193	0.13177504	0.8925831	-0.31194222	0.2976958
180001183799193	0.13175307	0.89262503	-0.31197527	0.29754514
180001191299193	0.13173565	0.8926758	-0.3120542	0.29731768
180001198799193	0.13167773	0.8927219	-0.31217104	0.29708216
180001206299193	0.13159707	0.8927697	-0.31231377	0.2968244
180001213799193	0.1314958	0.89283556	-0.31248358	0.29649237
180001221299193	0.13142994	0.89289385	-0.31262085	0.2962009
180001228799193	0.13141207	0.89294624	-0.31274065	0.29592443
180001236299193	0.1313843	0.8930127	-0.3128057	0.29566735
180001243799193	0.13137762	0.8930699	-0.31286916	0.29543036
180001251299193	0.13138439	0.8931321	-0.31286612	0.29524216
180001258799193	0.13137962	0.89320385	-0.31285205	0.29504237
180001266299193	0.13137431	0.89326334	-0.31286734	0.2948483
180001273799193	0.13134173	0.8933295	-0.3128931	0.29463482
180001378285495	0.13127603	0.89340246	-0.31292558	0.2944082
180001378469036	0.13120195	0.8934106	-0.31303918	0.29429606
180001385969036	0.131125	0.8934148	-0.3131649	0.29418358
180001395636484	0.13107908	0.8934628	-0.31325525	0.29396233
180001404753620	0.13104615	0.8935043	-0.31334305	0.29375675
180001414638411	0.13099809	0.89352137	-0.31351665	0.29354146
180001415969036	0.13096994	0.8935291	-0.3136823	0.29335308
180001423469036	0.13092843	0.893549	-0.31378403	0.29320213
180001430969036	0.13084382	0.89357626	-0.31386507	0.29307014
180001438469036	0.13073088	0.8936249	-0.31395012	0.29288128
180001445969036	0.13063484	0.89369476	-0.31400362	0.2926533
180001469490963	0.13052145	0.89378375	-0.31406826	0.2923627
180001460969036	0.13041377	0.8938712	-0.3141115	0.29209697
180001490073567	0.13030389	0.89398915	-0.31407273	0.29182664
180001500411640	0.13020617	0.8940967	-0.31401378	0.29160386
180001483469036	0.13010503	0.89421135	-0.31394655	0.2913697
180001490969036	0.13002352	0.8943467	-0.31384435	0.29110074
180001498469036	0.1299466	0.8944949	-0.31370795	0.2908267
180001505969036	0.12989277	0.89461064	-0.31367952	0.29052514
180001513469036	0.12987208	0.89472836	-0.31365907	0.29019362
180001559219297	0.12987557	0.8948501	-0.31359035	0.28989103
180001568667369	0.12988688	0.89500743	-0.31342936	0.2895744
180001578306328	0.12987742	0.89517176	-0.31325445	0.28925985
180001587919505	0.12985063	0.89534295	-0.3130883	0.28892133
180001597475442	0.12980029	0.8955174	-0.31292784	0.2885773
180001558469036	0.1297398	0.89570785	-0.31270877	0.2882504
180001565969036	0.12964088	0.89591163	-0.3125217	0.28786424
180001573469036	0.12953542	0.8961126	-0.31235656	0.28746536
180001580969036	0.12943874	0.8963552	-0.31216252	0.28696275
180001588469036	0.12935439	0.89659494	-0.3119358	0.286498
180001595969036	0.12927422	0.8968398	-0.31170258	0.28602105
180001603469036	0.12922496	0.89705336	-0.31148297	0.28561282
180001610969036	0.12919989	0.89726603	-0.31122336	0.2852386
180001618469036	0.12917428	0.8974735	-0.310975	0.28486854
180001625969036	0.12914893	0.8976715	-0.31077376	0.28447506
180001633469036	0.12916738	0.8978518	-0.31059873	0.2840887
180001640969036	0.12919144	0.8980428	-0.31037354	0.28372008
180001648469036	0.12921701	0.898236	-0.31016427	0.28332543
180001655969036	0.1292813	0.8984176	-0.30994272	0.28296238
180001663469036	0.12939756	0.8986036	-0.30965632	0.2826322
180001670969036	0.12950228	0.89879125	-0.30937475	0.28229535
180001678469036	0.12958355	0.8989939	-0.30910486	0.28190863
180001685969036	0.12966813	0.8991911	-0.30885497	0.28151423
180001693469036	0.12977387	0.8993856	-0.30860534	0.28111762
180001700969036	0.12986374	0.8995973	-0.30833817	0.28069162
180001708469036	0.12998106	0.89981484	-0.30806643	0.2802379
180001715969036	0.13015279	0.900041	-0.30780384	0.27972004
180001723469036	0.13034292	0.900271	-0.30754983	0.27917042
180001824413046	0.13057142	0.90050495	-0.30732143	0.27855968
180001831913046	0.1305325	0.9005589	-0.30729824	0.27842954
180001839413046	0.13079223	0.9007979	-0.30701244	0.27784872
180001846913046	0.13103582	0.90104383	-0.30670035	0.27728102
180001854413046	0.13125087	0.90131396	-0.30634236	0.2766963
180001861913046	0.13140588	0.9015912	-0.3059659	0.27613544
180001869413046	0.13154401	0.90185547	-0.30558184	0.27563128
180001876913046	0.13168062	0.90210235	-0.3052123	0.2751676
180001884413046	0.13179818	0.9023515	-0.30482513	0.27472273
180001891913046	0.13195826	0.902592	-0.3044714	0.27424797
180001899413046	0.13212384	0.9028419	-0.3041422	0.27371037
180001906913046	0.13232738	0.9030751	-0.30381778	0.27320257
180001914413046	0.13254558	0.9032911	-0.30355385	0.2726755
180001921913046	0.13278033	0.9035033	-0.30326796	0.2721761
180001929413046	0.13301247	0.9037016	-0.30303046	0.27166843
180001936913046	0.1332451	0.90392035	-0.30275634	0.27113175
180001944413046	0.13353138	0.9041311	-0.30249667	0.27057746
180001951913046	0.13384475	0.9043175	-0.30228078	0.27004027
180001959413046	0.13416716	0.90451413	-0.30201948	0.26951367
180001966913046	0.13449621	0.90476066	-0.30158475	0.2690086
180001974413046	0.13479151	0.90502447	-0.3011016	0.2685142
180001981913046	0.13506603	0.90528953	-0.30062902	0.26801184
180001989413046	0.13531075	0.9055306	-0.30024078	0.2675086
180001996913046	0.13556705	0.90574723	-0.29990473	0.2670219
180002004413046	0.13581431	0.9059885	-0.29952732	0.26650116
180002011913046	0.13606128	0.9062248	-0.29914317	0.2660028
180002019413046	0.13630924	0.90645903	-0.29881105	0.26545036
180002026913046	0.13654765	0.90668964	-0.2985396	0.2648448
180002034413046	0.13677394	0.9069104	-0.2983355	0.26420155
180002041913046	0.13701557	0.90711796	-0.29812032	0.26360604
180002049413046	0.137269	0.9073449	-0.2978178	0.2630346
180002056913046	0.13752174	0.9075771	-0.2974945	0.26246646
180002143011380	0.1380078	0.90804565	-0.29681045	0.26136318
180002079413046	0.1380078	0.90804565	-0.29681045	0.26136318
180002086913046	0.13840106	0.9084958	-0.29612827	0.26036268
180002168221796	0.13854912	0.9087122	-0.29589763	0.25979012
180002178831432	0.13868158	0.908907	-0.29572704	0.25923154
180002109413046	0.1388113	0.90910625	-0.29553658	0.2586804
180002116913046	0.13891858	0.9093132	-0.29528806	0.2581785
180002124413046	0.13900359	0.9095334	-0.29500017	0.2576858
180002234450650	0.13908415	0.9097651	-0.29471892	0.25714582
180002241856796	0.13905151	0.909802	-0.2947153	0.25703654
180002242356848	0.13914439	0.91004807	-0.29438812	0.2564901
180002251196067	0.13913114	0.91010594	-0.2943293	0.25635898
180002260456953	0.13926263	0.91032535	-0.29400986	0.25587475
180002266983932	0.13942318	0.9105225	-0.2937116	0.2554283
180002272356848	0.13960005	0.9107188	-0.29338706	0.2550042
180002279856848	0.13976061	0.91091704	-0.29306006	0.2545838
180002287356848	0.13989483	0.9111168	-0.29272714	0.2541781
180002294856848	0.14001715	0.9113291	-0.29239827	0.25372785
180002302356848	0.14013952	0.91153777	-0.29207548	0.253282
180002309856848	0.14026637	0.9117552	-0.2917299	0.2528271
180002317356848	0.14039293	0.9119627	-0.29141557	0.2523704
180002324856848	0.140498	0.9121579	-0.29115295	0.2519092
180002332356848	0.14065634	0.9123492	-0.29087394	0.25145033
180002339856848	0.14083792	0.9125381	-0.29055744	0.25102836
180002347356848	0.14101443	0.91271096	-0.29030168	0.25059637
180002354856848	0.1411897	0.91287965	-0.29008043	0.2501395
180002362356848	0.141355	0.9130426	-0.28983983	0.2497297
180002369856848	0.14149585	0.91322196	-0.2895859	0.2492883
180002377356848	0.14163229	0.9134234	-0.28925592	0.24885555
180002384856848	0.14175916	0.91361755	-0.28893888	0.24843849
180002392356848	0.14186786	0.9138134	-0.288618	0.24802871
180002399856848	0.14194353	0.9140027	-0.2883075	0.24764864
180002407356848	0.14199401	0.9142187	-0.28794223	0.24724707
180002414856848	0.14203228	0.9144199	-0.28760323	0.24687548
180002422356848	0.14206985	0.9146138	-0.287248	0.24654926
180002429856848	0.14211129	0.9148094	-0.2868993	0.2462051
180002437356848	0.14214483	0.9149959	-0.28657693	0.24586828
180002444856848	0.14216688	0.9151557	-0.28630298	0.24557938
180002452356848	0.14218722	0.9153033	-0.2860346	0.24533018
180002459856848	0.14221084	0.9154337	-0.2857786	0.24512807
180002467356848	0.14222246	0.91555756	-0.285558	0.24491572
180002474856848	0.14224415	0.91568714	-0.28530857	0.24470969
180002482356848	0.14225869	0.9158193	-0.28503928	0.24452001
180002489856848	0.14227653	0.9159437	-0.28481042	0.2443107
180002497356848	0.14233002	0.91604847	-0.28462642	0.24410087
180002504856848	0.14240782	0.9161218	-0.28449586	0.24393283
180002512356848	0.14250803	0.91617095	-0.28441072	0.24378875
180002519856848	0.14260224	0.9162169	-0.28428036	0.24371263
180002527356848	0.14264248	0.91628367	-0.2840527	0.24370399
180002534856848	0.14267728	0.916351	-0.2838322	0.24368672
180002542356848	0.14270473	0.91638446	-0.28373334	0.24366046
180002549856848	0.14272438	0.9164001	-0.28369293	0.24363713
180002557356848	0.1427147	0.9164135	-0.2836246	0.24367188
180002564856848	0.14268188	0.9164236	-0.28356844	0.24371825
180002572356848	0.14264701	0.9164408	-0.2835079	0.24374455
180002579856848	0.1425523	0.9164803	-0.2833532	0.24383104
180002587356848	0.14243832	0.9165139	-0.28319535	0.24395514
180002594856848	0.142349	0.9165141	-0.28307778	0.2441426
180002695806900	0.14227714	0.9164731	-0.28302887	0.24439529
180002703306900	0.14227164	0.91642326	-0.28312662	0.24447213
180002710806900	0.14222057	0.9162704	-0.28338727	0.24477266
180002718306900	0.14218365	0.91608226	-0.28368974	0.24514778
180002725806900	0.14216352	0.9158823	-0.28400677	0.24553895
180002733306900	0.14214046	0.9156608	-0.2843706	0.2459569
180002740806900	0.14210989	0.9154237	-0.28477556	0.24638835
180002748306900	0.14202142	0.9151805	-0.28519094	0.24686186
180002755806900	0.14193644	0.9149024	-0.28568026	0.24737501
180002763306900	0.14185476	0.9145941	-0.28620437	0.24795541
180002770806900	0.1417273	0.91427696	-0.28667942	0.24864817
180002778306900	0.14156777	0.91392744	-0.28719163	0.24943192
180002785806900	0.14140229	0.91353965	-0.28775597	0.25029433
180002793306900	0.1411859	0.9131346	-0.28830057	0.25126582
180002800806900	0.1409374	0.9126983	-0.2888948	0.25230578
180002808306900	0.14066452	0.9122418	-0.28953412	0.25337428
180002815806900	0.14038174	0.9117523	-0.29017842	0.2545531
180002823306900	0.14010283	0.9112486	-0.29079896	0.25579897
180002830806900	0.13985024	0.9107058	-0.29147106	0.25710225
180002838306900	0.1396092	0.9101391	-0.29221195	0.2583959
180002845806900	0.13935378	0.90954965	-0.29299176	0.25972238
180002853306900	0.13909131	0.90892476	-0.2938621	0.2610643
180002860806900	0.13880636	0.908273	-0.29481208	0.2624095
180002868306900	0.13849951	0.90759134	-0.29582676	0.26378483
180002875806900	0.13818903	0.9068912	-0.29684058	0.2652128
180002883306900	0.1378386	0.90617174	-0.29787683	0.26668873
180002890806900	0.13746208	0.9054236	-0.29895595	0.2682121
180002898306900	0.1370806	0.90466934	-0.29998547	0.26979825
180002905806900	0.13663466	0.9039253	-0.30096442	0.27142322
180002913306900	0.13612498	0.903164	-0.30201247	0.27304435
180002920806900	0.13557845	0.9023564	-0.30319253	0.2746739
180002928306900	0.13500172	0.9015036	-0.30448538	0.27632305
180002935806900	0.13439687	0.9006337	-0.30583027	0.27796468
180002943306900	0.13376953	0.8997533	-0.30716604	0.27964082
180002950806900	0.13312094	0.8988592	-0.30849263	0.2813598
180002958306900	0.13242699	0.89795357	-0.30983144	0.28310242
180002965806900	0.13175671	0.89702404	-0.31112584	0.28493625
180002973306900	0.13112034	0.89610434	-0.31230497	0.2868276
180002980806900	0.13045083	0.89519316	-0.31341657	0.28875932
180002988306900	0.12937663	0.8937795	-0.31552804	0.2913108
180002995806900	0.12878248	0.89277375	-0.3169522	0.29310665
180003003306900	0.12776639	0.8920226	-0.3175854	0.29514572
180003010806900	0.12686789	0.8910602	-0.31866366	0.29727045
180003018306900	0.12627791	0.89001644	-0.31993333	0.29927814
180003121262681	0.12564251	0.8889895	-0.3212095	0.3012245
180003128762681	0.12568437	0.8889859	-0.32115188	0.30127928
180003136262681	0.12507574	0.8880264	-0.32222176	0.3032131
180003143762681	0.12447231	0.8871473	-0.32301295	0.30518672
180003151262681	0.123858154	0.88628966	-0.3237855	0.307104
180003158762681	0.12316988	0.8853242	-0.32483464	0.30905133
180003166262681	0.122436464	0.8843123	-0.3261128	0.31088868
180003173762681	0.12169231	0.88326734	-0.32744598	0.31274426
180003181262681	0.12092769	0.88219684	-0.3287567	0.31468144
180003188762681	0.1201694	0.88114786	-0.32999995	0.31660387
180003196262681	0.11934609	0.8801226	-0.33119866	0.31850934
180003203762681	0.11852914	0.87909186	-0.33243316	0.3203693
180003211262681	0.11771777	0.878052	-0.3336509	0.3222488
180003218762681	0.11690089	0.877049	-0.33478466	0.32409635
180003226262681	0.116099894	0.8760612	-0.3358772	0.32592073
180003233762681	0.11531642	0.87508565	-0.33700174	0.32765415
180003241262681	0.114536524	0.8741276	-0.3381699	0.32927707
180003248762681	0.11378655	0.8731854	-0.33931348	0.33085698
180003256262681	0.11300392	0.87229407	-0.34038612	0.3323711
180003263762681	0.11220692	0.8714177	-0.34144953	0.3338459
180003271262681	0.111404486	0.8705841	-0.34242365	0.3352887
180003278762681	0.11058795	0.86978865	-0.34330037	0.33672383
180003286262681	0.109752625	0.86903375	-0.34409335	0.3381341
180003293762681	0.10891073	0.8682914	-0.34489968	0.33948883
180003301262681	0.10806444	0.8675698	-0.3456743	0.34081364
180003308762681	0.10723331	0.866854	-0.3464466	0.34211093
180003316262681	0.10637524	0.86616665	-0.34713954	0.3434149
180003323762681	0.10547964	0.86552477	-0.3477471	0.34469238
180003331262681	0.10455242	0.8648959	-0.34835505	0.34593758
180003338762681	0.10358177	0.8642788	-0.34890875	0.34721112
180003346262681	0.10258909	0.8637102	-0.3493339	0.34849104
180003353762681	0.10157688	0.8632034	-0.3496683	0.34970587
180003361262681	0.10055067	0.86274844	-0.34995952	0.35083184
180003368762681	0.09951758	0.86228687	-0.35033193	0.35188806
180003376262681	0.098525666	0.86183614	-0.35073885	0.35286456
180003383762681	0.09759054	0.8613895	-0.3511771	0.35377818
180003391262681	0.09670381	0.86099803	-0.3515052	0.3546475
180003398762681	0.095858224	0.8606407	-0.35176176	0.35548913
180003406262681	0.095034264	0.8603325	-0.35189542	0.3563231
180003413762681	0.094260514	0.8600589	-0.35193887	0.35714525
180003421262681	0.09350419	0.859787	-0.35202786	0.35791013
180003428762681	0.09282789	0.85951936	-0.35215586	0.35860243
180003534049035	0.09218987	0.8593174	-0.35221347	0.35919422
180003535040962	0.09216056	0.8592476	-0.35232577	0.35925853
180003540732525	0.09206817	0.8591673	-0.3523947	0.35940647
180003550447942	0.091586135	0.8591018	-0.3522743	0.35980427
180003556850442	0.09095706	0.85906243	-0.35201573	0.3603104
180003567451796	0.090370595	0.85905933	-0.35174406	0.36073038
180003570732525	0.08988784	0.8590557	-0.35153076	0.36106738
180003578232525	0.0894741	0.85906565	-0.3513387	0.3613333
180003585732525	0.089112654	0.8590547	-0.35120744	0.36157644
180003593232525	0.08882894	0.8590422	-0.35109872	0.36178115
180003600732525	0.08858064	0.85904926	-0.35097003	0.3619502
180003608232525	0.088368714	0.8590645	-0.3508421	0.36208996
180003615732525	0.08817129	0.8590724	-0.35069692	0.3622597
180003623232525	0.087992206	0.85908717	-0.35056666	0.36239436
180003630732525	0.087817885	0.8591171	-0.35043684	0.3624912
180003638232525	0.08766593	0.859144	-0.35031298	0.36258408
180003645732525	0.08755371	0.8591874	-0.35023585	0.36258262
180003653232525	0.08747314	0.8592337	-0.3501579	0.36256796
180003660732525	0.08741447	0.8592909	-0.3500274	0.3625724
180003668232525	0.08732874	0.85940176	-0.34982276	0.36252788
180003675732525	0.08725446	0.8595143	-0.34960237	0.36249152
180003683232525	0.087197594	0.8596263	-0.34936032	0.36247316
180003690732525	0.08713581	0.8596743	-0.34917453	0.36255285
180003698232525	0.08710194	0.8597818	-0.34898454	0.3624892
180003705732525	0.08710164	0.8598822	-0.3487894	0.362439
180003713232525	0.08709703	0.85993916	-0.34863353	0.36245465
180003720732525	0.08708789	0.86003125	-0.3484699	0.36239585
180003728232525	0.08708796	0.86015695	-0.3483585	0.3622044
180003735732525	0.08714038	0.86029494	-0.34824124	0.3619769
180003743232525	0.08725529	0.8604259	-0.34814143	0.36173385
180003750732525	0.08738973	0.8605719	-0.34801388	0.3614768
180003758232525	0.087550886	0.8607384	-0.34782022	0.36122757
180003765732525	0.08775761	0.86089545	-0.34763274	0.3609836
180003840688150	0.08820843	0.8612278	-0.34727037	0.36042926
180003780732525	0.08820843	0.8612278	-0.34727037	0.36042926
180003788232525	0.08847412	0.86137897	-0.34713092	0.36013734
180003795732525	0.08874917	0.86154693	-0.34695908	0.3598333
180003803232525	0.08903611	0.861712	-0.34680083	0.35951957
180003810732525	0.08932611	0.86186886	-0.3466403	0.35922614
180003818232525	0.08962177	0.86205596	-0.34641078	0.3589249
180003825732525	0.089908764	0.8622556	-0.3461756	0.35860044
180003833232525	0.090191826	0.8624491	-0.34600043	0.3582329
180003840732525	0.09049253	0.86259776	-0.34594753	0.35785007
180003848232525	0.09080071	0.86277103	-0.3458801	0.35741898
180003855732525	0.09111169	0.862948	-0.3458027	0.35698733
180003951569608	0.0914742	0.8631241	-0.34571946	0.35654917
180003960278723	0.091839574	0.8633294	-0.34557635	0.35609683
180003971726796	0.09219531	0.86355656	-0.34539548	0.35562903
180003978819921	0.09219694	0.86350995	-0.34544584	0.3556932
180003986319921	0.092560925	0.86374545	-0.345243	0.35522315
180003993819921	0.09292137	0.86401004	-0.3450335	0.354689
180004001319921	0.09328227	0.8642454	-0.34491068	0.3541396
180004008819921	0.09365589	0.86447763	-0.3448054	0.35357645
180004016319921	0.09405159	0.86473286	-0.34466267	0.352986
180004023819921	0.09444208	0.865	-0.34452838	0.3523577
180004031319921	0.09485351	0.86526245	-0.34441316	0.3517148
180004038819921	0.09530267	0.86549425	-0.34434676	0.35108742
180004046319921	0.09578069	0.86568975	-0.34435073	0.3504712
180004053819921	0.09628935	0.8658789	-0.34430316	0.34991065
180004061319921	0.09679038	0.8661014	-0.34419513	0.34932762
180004068819921	0.09723899	0.8663394	-0.3440546	0.34875068
180004076319921	0.097643845	0.86658216	-0.34393218	0.34815496
180004083819921	0.09802542	0.86682844	-0.34382465	0.34753996
180004091319921	0.09837248	0.8670759	-0.3437124	0.34693518
180004098819921	0.098698385	0.8673165	-0.3436092	0.34634304
180004106319921	0.09906969	0.8675855	-0.34341702	0.34575358
180004113819921	0.09941086	0.8678982	-0.3431105	0.34517434
180004121319921	0.09971506	0.8682659	-0.34271222	0.34455732
180004128819921	0.099984065	0.8686512	-0.34228677	0.3439305
180004136319921	0.10024554	0.86906713	-0.34184012	0.343247
180004143819921	0.10052594	0.8694743	-0.3414286	0.3425427
180004151319921	0.100838184	0.86986065	-0.34109542	0.34180123
180004158819921	0.101177685	0.87020266	-0.3408822	0.34104228
180004166319921	0.10160267	0.87055075	-0.3406661	0.3402426
180004173819921	0.102118395	0.8709166	-0.34046453	0.3393522
180004181319921	0.102704294	0.87128836	-0.34021166	0.33847383
180004188819921	0.10333567	0.8717131	-0.33983162	0.33756852
180004196319921	0.103929974	0.8721542	-0.33937967	0.3367005
180004203819921	0.10449453	0.87258655	-0.3389457	0.33584145
180004211319921	0.105031796	0.87298083	-0.33855787	0.33503962
180004218819921	0.10556373	0.87333053	-0.33822536	0.33429584
180004226319921	0.106069535	0.87363327	-0.33798403	0.33358836
180004233819921	0.106566034	0.87392634	-0.33774844	0.3329
180004241319921	0.107059665	0.87423915	-0.33746946	0.3322026
180004248819921	0.10753775	0.87453467	-0.33723694	0.33150586
180004256319921	0.1080399	0.87484235	-0.33697343	0.33079797
180004263819921	0.10857391	0.87516564	-0.33669707	0.33004832
180004271319921	0.10910386	0.8754929	-0.33641264	0.3292949
180004278819921	0.10961322	0.8758041	-0.33616132	0.32855415
180004286319921	0.11014151	0.87609434	-0.33596358	0.32780495
180004392637056	0.11066572	0.87638444	-0.33575356	0.32706708
180004392815025	0.11066467	0.87627906	-0.33588186	0.32721847
180004398069816	0.110686086	0.8762261	-0.3359378	0.32729518
180004408545858	0.11108656	0.87643397	-0.3357609	0.32678422
180004417796848	0.111643165	0.87676436	-0.33546156	0.3260148
180004424251535	0.11218269	0.8771134	-0.3351032	0.32525867
180004428069816	0.1127025	0.8774394	-0.3347556	0.3245565
180004435569816	0.113188095	0.87775916	-0.33444518	0.32384226
180004443069816	0.113641635	0.87806976	-0.33410004	0.32319707
180004450569816	0.11402435	0.878379	-0.3337293	0.3226046
180004458069816	0.114333816	0.8786858	-0.3333665	0.32203388
180004465569816	0.11464967	0.8789977	-0.33299044	0.32145926
180004473069816	0.11495452	0.8793005	-0.3326207	0.32090434
180004480569816	0.115242705	0.879602	-0.33227473	0.32033262
180004488069816	0.11553529	0.8798992	-0.33192658	0.31977162
180004495569816	0.11579818	0.88018274	-0.33157957	0.31925583
180004503069816	0.11605991	0.8804598	-0.33125806	0.3187298
180004510569816	0.116341904	0.88072103	-0.3309622	0.31821224
180004518069816	0.11664442	0.88093907	-0.33069614	0.31777465
180004525569816	0.11698374	0.88113284	-0.33044004	0.31737828
180004533069816	0.11734064	0.8813347	-0.3301823	0.3169541
180004540569816	0.11768787	0.88154954	-0.32995057	0.31646916
180004548069816	0.11805747	0.88174784	-0.32976657	0.31597027
180004555569816	0.11845948	0.8819333	-0.32956052	0.3155172
180004563069816	0.11881509	0.8821403	-0.32933375	0.315041
180004570569816	0.11912234	0.8823615	-0.3290741	0.31457642
180004578069816	0.11940346	0.88257307	-0.32879937	0.3141636
180004585569816	0.1196224	0.8827656	-0.32854894	0.3138009
180004593069816	0.11978906	0.88294405	-0.32832217	0.3134724
180004600569816	0.11993297	0.8831191	-0.32809132	0.31316602
180004608069816	0.1200662	0.88328314	-0.3279099	0.31284192
180004615569816	0.12022665	0.88343275	-0.32774362	0.31253216
180004623069816	0.12039187	0.88358617	-0.3275366	0.31225166
180004630569816	0.12059587	0.88370883	-0.3273217	0.31205118
180004638069816	0.12080857	0.88378793	-0.32716483	0.31190935
180004645569816	0.12103854	0.8838245	-0.32707727	0.31180832
180004653069816	0.12125082	0.8838773	-0.32697824	0.3116801
180004660569816	0.12143907	0.8839509	-0.32685402	0.31152827
180004668069816	0.12162337	0.88400215	-0.32674104	0.3114297
180004675569816	0.12182424	0.88405645	-0.32662004	0.31132352
180004683069816	0.12203053	0.8841153	-0.32649928	0.3112026
180004690569816	0.12220553	0.8841672	-0.3263917	0.31109932
180004698069816	0.122357905	0.88419795	-0.32627392	0.31107533
180004705569816	0.12249914	0.88422227	-0.32619444	0.31103387
180004713069816	0.122629456	0.8842527	-0.32614452	0.3109483
180004720569816	0.12275235	0.8842601	-0.32616884	0.31085372
180004822320285	0.12287017	0.88426304	-0.3262271	0.3107374
180004829820285	0.122861296	0.8842693	-0.32623124	0.31071874
180004837320285	0.12296685	0.8843002	-0.326233	0.31058717
180004844820285	0.12306516	0.8843558	-0.32624745	0.3103747
180004852320285	0.12315628	0.8844085	-0.32627514	0.31015947
180004859820285	0.12324307	0.8844683	-0.32628277	0.30994597
180004867320285	0.12337739	0.884514	-0.32627317	0.3097723
180004874820285	0.12351644	0.8845483	-0.3262873	0.309604
180004882320285	0.123635404	0.88458633	-0.32628873	0.30944622
180004906576274	0.123763286	0.8846272	-0.3262806	0.30928686
180004897320285	0.1238842	0.8846499	-0.3262986	0.30915475
180004904820285	0.124020666	0.8846702	-0.32631195	0.30902767
180004912320285	0.124136806	0.8846857	-0.32632843	0.30891937
180004919820285	0.12427225	0.88468915	-0.32638136	0.308799
180004927320285	0.12444843	0.8846817	-0.32640105	0.3087286
180004934820285	0.12460378	0.8846705	-0.32642028	0.30867735
180004942320285	0.124747835	0.88465255	-0.32646874	0.30861968
180004949820285	0.1248983	0.8846231	-0.32647637	0.30863503
180004957320285	0.12499228	0.8846064	-0.32644764	0.3086752
180004964820285	0.12507692	0.88461477	-0.3264052	0.3086618
180004972320285	0.12515841	0.8846132	-0.32640457	0.30863377
180004979820285	0.12524216	0.8846214	-0.32640207	0.3085794
180004987320285	0.12528071	0.8846432	-0.32640615	0.30849665
180004994820285	0.1253191	0.88464975	-0.32643914	0.3084274
180005002320285	0.12536776	0.8846429	-0.32646602	0.30839884
180005009820285	0.12541957	0.88461757	-0.32653016	0.30838254
180005017320285	0.12545379	0.8846064	-0.3265626	0.30836648
180005024820285	0.12547606	0.88461703	-0.32653376	0.30835715
180005032320285	0.12551317	0.8846535	-0.32646677	0.30830863
180005039820285	0.12556662	0.8846944	-0.32643622	0.3082017
180005047320285	0.12562929	0.8847314	-0.32643858	0.30806738
180005054820285	0.12569234	0.8847524	-0.32644174	0.307978
180005062320285	0.12575662	0.8847766	-0.32643715	0.30788714
180005069820285	0.1258	0.8847922	-0.32646513	0.30779496
180005077320285	0.12583423	0.88480544	-0.32651025	0.30769497
180005084820285	0.12585653	0.8848444	-0.3265403	0.30754185
180005092320285	0.12587558	0.88487685	-0.32659724	0.30738032
180005099820285	0.12593661	0.8849054	-0.32667014	0.3071957
180005107320285	0.12604122	0.8849293	-0.32673296	0.30701703
180005114820285	0.12616745	0.88494563	-0.32674494	0.30690494
180005122320285	0.12634061	0.884944	-0.3267679	0.30681437
180005129820285	0.12652482	0.8849535	-0.326693	0.30679065
180005137320285	0.12664711	0.8849747	-0.32659066	0.30678788
180005144820285	0.1267013	0.8850051	-0.3265142	0.3067596
180005152320285	0.12676954	0.8850275	-0.3264418	0.30674338
180005159820285	0.12683333	0.8850365	-0.3264042	0.30673105
180005261087785	0.1268655	0.8850583	-0.3263876	0.30667263
180005268587785	0.12682636	0.88508004	-0.32642257	0.30658922
180005276087785	0.12684289	0.8850981	-0.32643574	0.30651608
180005283587785	0.12684646	0.88512576	-0.3264159	0.30645552
180005291087785	0.12680055	0.8851554	-0.32642177	0.3063831
180005298587785	0.12673378	0.8851891	-0.3263913	0.3063456
180005306087785	0.12664679	0.88522995	-0.32635128	0.306306
180005313587785	0.12656085	0.8852834	-0.32631707	0.30622348
180005321087785	0.1264928	0.885328	-0.3262884	0.30615354
180005328587785	0.12644175	0.88536346	-0.3262692	0.30609256
180005336087785	0.12638605	0.88540095	-0.32623333	0.30604497
180005343587785	0.12632908	0.88544184	-0.32619816	0.3059877
180005351087785	0.12629025	0.8854791	-0.32614484	0.30595273
180005358587785	0.12624967	0.8855098	-0.32610735	0.30592057
180005366087785	0.1262336	0.8855124	-0.32613346	0.305892
180005373587785	0.12625639	0.885515	-0.3261515	0.30585593
180005381087785	0.12625526	0.8855427	-0.3261411	0.3057872
180005388587785	0.12625585	0.8855863	-0.32611436	0.30568907
180005396087785	0.1262584	0.885659	-0.3260239	0.30557394
180005403587785	0.12622696	0.885744	-0.3259105	0.3054615
180005411087785	0.12617168	0.88580513	-0.32587656	0.30534318
180005418587785	0.12613599	0.88584137	-0.3258918	0.30523682
180005426087785	0.12608609	0.88587284	-0.3259142	0.30514184
180005433587785	0.12602153	0.8858978	-0.32595688	0.3050504
180005441087785	0.12597099	0.8859331	-0.32600516	0.3049173
180005448587785	0.12595673	0.88598746	-0.32601392	0.30475593
180005456087785	0.12596206	0.88604486	-0.326002	0.30459914
180005463587785	0.12599136	0.88607305	-0.3260002	0.30450732
180005471087785	0.12601627	0.8860908	-0.32599756	0.3044481
180005478587785	0.12599991	0.88610953	-0.32602227	0.30437395
180005486087785	0.12596689	0.8861214	-0.32605904	0.30431342
180005493587785	0.12592392	0.886142	-0.32607466	0.30425492
180005501087785	0.1258459	0.88616884	-0.32604346	0.30424225
180005508587785	0.12576433	0.88619363	-0.32601526	0.30423397
180005516087785	0.1256655	0.8862167	-0.32603678	0.3041845
180005523587785	0.12557164	0.88624555	-0.3260797	0.30409318
180005531087785	0.12551178	0.8862667	-0.32611462	0.30401877
180005538587785	0.1254654	0.8862845	-0.3261133	0.3039876
180005546087785	0.12543762	0.88628215	-0.32611752	0.30400127
180005553587785	0.12541497	0.8862539	-0.32615095	0.3040572
180005561087785	0.12536673	0.8862184	-0.32625046	0.30407363
180005568587785	0.12531441	0.88619155	-0.3263478	0.304069
180005576087785	0.12524885	0.8861797	-0.32640353	0.3040711
180005583587785	0.12521912	0.88617325	-0.32644895	0.30405322
180005591087785	0.12522887	0.8861916	-0.32648295	0.30395916
180005598587785	0.12528041	0.8861989	-0.32653353	0.30386207
180005702473097	0.1253304	0.8862011	-0.32660022	0.3037637
180005709973097	0.12533657	0.8862251	-0.3265608	0.30373347
180005717473097	0.12538925	0.8862025	-0.32665864	0.30367205
180005724973097	0.12542449	0.8861826	-0.32679483	0.30356953
180005732473097	0.12546402	0.8861647	-0.3269416	0.30344695
180005739973097	0.12549289	0.8861638	-0.3270688	0.30330077
180005747473097	0.1255554	0.8861639	-0.32716256	0.30317342
180005754973097	0.12563139	0.8861567	-0.32726043	0.3030573
180005762473097	0.12568644	0.88613915	-0.32736126	0.30297682
180005769973097	0.12573208	0.88611495	-0.32744637	0.30293673
180005777473097	0.1257223	0.8861061	-0.3274856	0.30292448
180005784973097	0.12565847	0.8860962	-0.32754102	0.3029198
180005792473097	0.12558654	0.88606447	-0.32769865	0.3028721
180005799973097	0.1254951	0.886016	-0.32791528	0.30281729
180005807473097	0.12542436	0.88595307	-0.32814273	0.30278397
