179971947544360	0.2646888	0.9072928	-0.2207469	0.24089558
179972011337485	0.2646888	0.9072928	-0.2207469	0.24089558
179972020671600	0.2646888	0.9072928	-0.2207469	0.24089558
179972081039516	0.2646888	0.9072928	-0.2207469	0.24089558
179972095671600	0.26498967	0.90705293	-0.2217369	0.2405581
179972110671600	0.21036594	0.9217107	-0.3158829	0.08008469
179972125671600	0.23320907	0.9182097	-0.26228765	0.18360204
179972140671600	0.23888916	0.9194937	-0.27390936	0.14978997
179972155671600	0.23734587	0.9217283	-0.27877238	0.12794463
179972170063006	0.23743394	0.9227741	-0.2743785	0.12972885
179972183837485	0.23805343	0.9232304	-0.27127308	0.13186039
179972156039516	0.23931618	0.9230619	-0.27010986	0.13313587
179972163539516	0.24067357	0.92263234	-0.27001417	0.13385908
179972171039516	0.2419314	0.92220324	-0.27011192	0.13435034
179972178539516	0.24310683	0.92180824	-0.27027515	0.13461079
179972186039516	0.24415343	0.9214239	-0.27056304	0.13476944
179972193539516	0.24526751	0.9209371	-0.2711752	0.13484396
179972201039516	0.24641985	0.92024356	-0.2724201	0.13496798
179972208539516	0.24767578	0.91937333	-0.27426574	0.13486212
179972216039516	0.24851422	0.9186342	-0.27596885	0.1348818
179972223539516	0.24940452	0.9180232	-0.27702585	0.13523115
179972231039516	0.25008672	0.91748047	-0.2780986	0.13545302
179972238539516	0.25078923	0.916729	-0.27984548	0.1356444
179972246039516	0.25152165	0.91576815	-0.28220403	0.13589144
179972253539516	0.25203854	0.9147399	-0.285301	0.13539213
179972261039516	0.2522888	0.91347206	-0.2894682	0.134638
179972268539516	0.2526508	0.9119004	-0.29440102	0.13391538
179972276039516	0.25297362	0.91033363	-0.2991736	0.13338758
179972380311026	0.25334007	0.90882784	-0.30323383	0.13379094
179972380587172	0.25334007	0.90882784	-0.30323383	0.13379094
179972380676964	0.25334007	0.90882784	-0.30323383	0.13379094
179972391589047	0.25345236	0.90879846	-0.30310777	0.1340629
179972401936599	0.25346747	0.9081074	-0.30537176	0.13357852
179972411901808	0.2534861	0.90773624	-0.30644646	0.13360518
179972410704308	0.25376523	0.9073113	-0.30734056	0.13390747
179972418204308	0.25401655	0.9068894	-0.30837864	0.13390286
179972425704308	0.25423825	0.9065999	-0.3090255	0.13395114
179972433204308	0.2544726	0.90653664	-0.30890226	0.13421784
179972440704308	0.25477713	0.90664	-0.3081283	0.13472031
179972448204308	0.25526243	0.9067638	-0.3069893	0.13556655
179972455704308	0.25580296	0.90687466	-0.30587152	0.13633043
179972463204308	0.25632977	0.9069668	-0.30489883	0.13690507
179972470704308	0.25686127	0.90700567	-0.30414295	0.13733193
179972478204308	0.2573211	0.9069965	-0.3035888	0.13775736
179972485704308	0.25776392	0.9068908	-0.3033034	0.13825314
179972493204308	0.25818074	0.90674496	-0.30322343	0.13860716
179972500704308	0.25861022	0.9065498	-0.30325767	0.13900723
179972508204308	0.2591083	0.9062321	-0.30339646	0.13984601
179972515704308	0.25947103	0.9060081	-0.30350053	0.14039765
179972523204308	0.25973704	0.905818	-0.30362138	0.14087099
179972530704308	0.25998345	0.90562767	-0.3037284	0.14140847
179972538204308	0.2601331	0.90554535	-0.30361342	0.14190619
179972545704308	0.26017642	0.9055124	-0.30341244	0.14246567
179972553204308	0.2601179	0.905531	-0.30324027	0.14282075
179972560704308	0.26011813	0.9054579	-0.30323005	0.14330438
179972568204308	0.26019168	0.9052686	-0.30339625	0.14401376
179972575704308	0.260209	0.9051034	-0.30358285	0.14462538
179972583204308	0.26022038	0.9049652	-0.3036577	0.14531107
179972590704308	0.26019543	0.9048601	-0.30369535	0.14593063
179972598204308	0.2601234	0.90479994	-0.30365768	0.14650883
179972605704308	0.2600467	0.9047839	-0.30348605	0.1470989
179972613204308	0.25999665	0.90478283	-0.3031659	0.14785217
179972620704308	0.2599738	0.9047545	-0.30292273	0.14856179
179972628204308	0.25997183	0.9046831	-0.30283475	0.14917879
179972635704308	0.26001903	0.9045179	-0.3029175	0.14992824
179972643204308	0.2600883	0.9043249	-0.30308133	0.1506395
179972650704308	0.26016572	0.9041505	-0.30326906	0.1511741
179972658204308	0.26027852	0.903987	-0.3034398	0.15161474
179972665704308	0.26044965	0.9038497	-0.30346513	0.15208729
179972673204308	0.2606763	0.9037011	-0.30338916	0.15273222
179972680704308	0.26098216	0.9034984	-0.30327016	0.15364312
179972688204308	0.26117638	0.9033231	-0.30324945	0.15438303
179972695704308	0.26134336	0.90313023	-0.3033832	0.15496467
179972703204308	0.26148754	0.90292114	-0.3036047	0.15550552
179972710704308	0.26164007	0.90268654	-0.30383337	0.15616265
179972812122485	0.26184487	0.90247136	-0.30394092	0.15685275
179972819622485	0.26203182	0.9023361	-0.30385727	0.15747893
179972827122485	0.2622783	0.9022	-0.3035774	0.15838636
179972834622485	0.26245716	0.9021342	-0.30323115	0.15912612
179972842122485	0.26251414	0.90211207	-0.30293986	0.159711
179972849622485	0.26249743	0.9020627	-0.30282015	0.16024369
179972857122485	0.26245818	0.90192515	-0.3029484	0.16083826
179972864622485	0.26243994	0.9016745	-0.30330327	0.16160306
179972872122485	0.26241937	0.9014114	-0.30368984	0.16237617
179972879622485	0.26244035	0.901093	-0.30414447	0.16325696
179972887122485	0.2624029	0.9009046	-0.30445683	0.1637731
179972894622485	0.2623983	0.9007523	-0.3045836	0.16438173
179972902122485	0.26245743	0.9005912	-0.30462784	0.16508645
179972909622485	0.26254198	0.900457	-0.3045945	0.16574441
179972917122485	0.26268142	0.90028536	-0.30457887	0.16648248
179972924622485	0.2628461	0.9000701	-0.30465168	0.16725232
179972932122485	0.26299804	0.89987653	-0.3047794	0.16782096
179972939622485	0.2632272	0.899608	-0.30491975	0.16864389
179972947122485	0.2634219	0.8993786	-0.30508992	0.16925466
179972954622485	0.26377082	0.8990803	-0.3051619	0.17016406
179972962122485	0.2640962	0.8988499	-0.30508846	0.17100602
179972969622485	0.2643134	0.89867115	-0.30503848	0.17169793
179972977122485	0.26446423	0.8984939	-0.30507156	0.17233329
179972984622485	0.26458162	0.89831305	-0.30513126	0.17298907
179972992122485	0.26462293	0.8981994	-0.30514023	0.17349933
179972999622485	0.26470754	0.8980596	-0.3051526	0.17407131
179973007122485	0.26483968	0.89789	-0.30513114	0.1747818
179973014622485	0.26498616	0.8977123	-0.30508742	0.175547
179973022122485	0.26510808	0.8975296	-0.3051468	0.17619269
179973029622485	0.26529944	0.89725834	-0.30527112	0.1770684
179973037122485	0.26542693	0.89703304	-0.3054654	0.17768285
179973044622485	0.26553422	0.8967968	-0.30574796	0.17822789
179973052122485	0.26564083	0.89658254	-0.30597192	0.17876215
179973059622485	0.265726	0.89640653	-0.3061489	0.17921452
179973067122485	0.26583704	0.8962355	-0.30632946	0.17959628
179973074622485	0.26602572	0.8960559	-0.30641073	0.18007381
179973082122485	0.26624367	0.8958953	-0.30643457	0.18050972
179973089622485	0.266516	0.89571804	-0.3064632	0.18093883
179973097122485	0.26677212	0.89555776	-0.306535	0.18123281
179973104622485	0.26702127	0.8954226	-0.30655414	0.18150096
179973112122485	0.2673097	0.89522207	-0.30658227	0.18201745
179973119622485	0.26754174	0.8950516	-0.306663	0.18237813
179973127122485	0.2677456	0.8948975	-0.30673286	0.18271758
179973134622485	0.26794875	0.89475703	-0.30679256	0.18300723
179973142122485	0.26815012	0.8946268	-0.30683234	0.18328208
179973149622485	0.26834255	0.8944768	-0.3069058	0.18360972
179973252141339	0.2685554	0.89431995	-0.30696517	0.1839628
179973259641339	0.2687253	0.89417285	-0.306898	0.18454055
179973267141339	0.2689487	0.89400506	-0.30686036	0.18509027
179973274641339	0.2690865	0.89388424	-0.30681536	0.18554762
179973282141339	0.26915497	0.893783	-0.30680647	0.18594971
179973289641339	0.26916263	0.8937128	-0.3068239	0.18624742
179973297141339	0.26914135	0.8936694	-0.30679584	0.18653204
179973304641339	0.26914114	0.8936128	-0.3067606	0.18686143
179973312141339	0.26916602	0.8935701	-0.30668426	0.18715464
179973319641339	0.2692475	0.8934711	-0.30665946	0.18755022
179973327141339	0.2693148	0.8933539	-0.30670395	0.18793909
179973334641339	0.26939532	0.8932351	-0.3067515	0.18831044
179973342141339	0.2694715	0.89313483	-0.3067999	0.18859786
179973349641339	0.2695743	0.89303154	-0.30683136	0.18888904
179973357141339	0.2696922	0.8929412	-0.30680612	0.18918785
179973364641339	0.26981616	0.89286345	-0.3067231	0.1895128
179973372141339	0.26998776	0.8927681	-0.30653676	0.19001853
179973379641339	0.27013505	0.8926997	-0.3063529	0.19042668
179973387141339	0.27025902	0.89264154	-0.30616254	0.190829
179973394641339	0.27033678	0.89261055	-0.30599418	0.19113351
179973402141339	0.2704124	0.89256924	-0.3058994	0.19137123
179973409641339	0.27053386	0.8925041	-0.3057988	0.19166355
179973417141339	0.27062872	0.8924833	-0.30565894	0.19184957
179973424641339	0.27074274	0.89245707	-0.30550808	0.1920511
179973432141339	0.27091113	0.8924036	-0.30534178	0.19232611
179973439641339	0.2711086	0.8923532	-0.3051497	0.19258662
179973447141339	0.27126423	0.8923395	-0.30496678	0.19272086
179973454641339	0.2714437	0.8923269	-0.30472487	0.19290899
179973462141339	0.27157256	0.89232314	-0.3045122	0.19308059
179973527198630	0.27164537	0.89232916	-0.30427897	0.19331802
179973540669724	0.27166945	0.8923771	-0.30403367	0.19344851
179973549484932	0.2716392	0.89245564	-0.3037832	0.19352213
179973492141339	0.27164754	0.892503	-0.30355382	0.19365197
179973499641339	0.2716729	0.8925614	-0.30332068	0.19371285
179973507141339	0.2717313	0.8926042	-0.3031233	0.19374244
179973514641339	0.2718227	0.8926555	-0.30288073	0.19375724
179973522141339	0.27192917	0.8927228	-0.30256864	0.1937854
179973529641339	0.2720351	0.89279974	-0.30224013	0.19379543
179973537141339	0.27216008	0.8928715	-0.30192146	0.19378541
179973544641339	0.27227673	0.89301795	-0.30150178	0.19360057
179973552141339	0.27250862	0.8930334	-0.30125245	0.19359119
179973559641339	0.27270928	0.8930703	-0.30106115	0.19343583
179973567141339	0.27286464	0.8931538	-0.30075666	0.19330475
179973574641339	0.27305174	0.89322466	-0.30045754	0.19317815
179973582141339	0.27325228	0.8932812	-0.30017114	0.1930784
179973589641339	0.27336025	0.893399	-0.29988492	0.19282492
179973691230401	0.27354035	0.893451	-0.29971626	0.19259143
179973698730401	0.27360922	0.893447	-0.2995916	0.1927053
179973706230401	0.27367046	0.89360297	-0.29914373	0.19259146
179973713730401	0.27381456	0.89371735	-0.2987588	0.19245312
179973721230401	0.27389932	0.89384705	-0.29837435	0.19232622
179973728730401	0.27402905	0.8939614	-0.29800603	0.19218142
179973736230401	0.2741674	0.89407533	-0.29766008	0.19198944
179973743730401	0.27428776	0.8942075	-0.29725227	0.19183461
179973751230401	0.2743937	0.89434165	-0.296867	0.19165343
179973758730401	0.2745066	0.8944578	-0.29652864	0.19147418
179973766230401	0.27462006	0.8945826	-0.29615608	0.19130434
179973773730401	0.27474245	0.8947166	-0.2957705	0.19109854
179973781230401	0.27485138	0.8948826	-0.2953477	0.19081819
179973788730401	0.27492732	0.8950568	-0.29497102	0.19047482
179973796230401	0.27501377	0.89523625	-0.29459324	0.19009048
179973803730401	0.27512595	0.8954126	-0.29423067	0.18965836
179973811230401	0.27524814	0.8956033	-0.29384053	0.18918549
179973818730401	0.27539748	0.8957809	-0.2934475	0.188736
179973826230401	0.27557808	0.895945	-0.29308563	0.18825558
179973833730401	0.27578238	0.89609754	-0.2927463	0.18775791
179973841230401	0.27602315	0.8962233	-0.29242748	0.18730009
179973848730401	0.2762899	0.8963303	-0.2921311	0.1868561
179973856230401	0.27655718	0.8964458	-0.29183182	0.18637407
179973863730401	0.27685407	0.8965629	-0.29147875	0.18592227
179973871230401	0.2771507	0.8966945	-0.29108068	0.18546893
179973878730401	0.27744508	0.89682746	-0.2906712	0.18502723
179973886230401	0.27769917	0.8969783	-0.29028833	0.18451503
179973893730401	0.277947	0.8971174	-0.28991306	0.18405537
179973901230401	0.2781642	0.89724886	-0.28958008	0.18361032
179973908730401	0.27839017	0.8973768	-0.28925967	0.18314674
179973916230401	0.278617	0.8975027	-0.2889365	0.18269435
179973923730401	0.27887422	0.897633	-0.28853095	0.18230218
179973931230401	0.2791215	0.8977883	-0.2880939	0.18184985
179973938730401	0.27936992	0.89794046	-0.28767923	0.18137307
179973946230401	0.279623	0.8980951	-0.28724477	0.18090491
179973953730401	0.2798635	0.8982567	-0.2867887	0.18045393
179973961230401	0.2801091	0.89841723	-0.28633577	0.179992
179973968730401	0.2803492	0.89857084	-0.28593892	0.17948245
179973976230401	0.28060758	0.8987145	-0.28556153	0.1789589
179973983730401	0.28088018	0.89884716	-0.28520513	0.17843273
179973991230401	0.2811731	0.8989868	-0.28481674	0.17788704
179973998730401	0.28145415	0.8991183	-0.28446963	0.17733292
179974006230401	0.28174284	0.89925116	-0.28408918	0.17681016
179974013730401	0.28202054	0.89939517	-0.2836641	0.17631641
179974021230401	0.28227264	0.8995595	-0.2832112	0.17580183
179974028730401	0.28250954	0.8997296	-0.28276658	0.17526568
179974128758630	0.28273964	0.8998896	-0.28238064	0.17469448
179974136258630	0.28274944	0.8998789	-0.28237906	0.17473625
179974143758630	0.28299195	0.90004957	-0.281949	0.17415848
179974151258630	0.28327006	0.90022224	-0.28146276	0.17359927
179974158758630	0.2835454	0.9004059	-0.28096604	0.1730017
179974166258630	0.283842	0.9005824	-0.28044736	0.17243645
179974173758630	0.28415826	0.90075004	-0.2799135	0.17190671
179974181258630	0.2845005	0.90089744	-0.27935153	0.17148226
179974188758630	0.28483516	0.9010541	-0.278792	0.17101337
179974196258630	0.28519464	0.9011835	-0.27826282	0.1705933
179974203758630	0.28555414	0.90131253	-0.27773973	0.17016262
179974211258630	0.28589934	0.90143865	-0.27723598	0.16973563
179974218758630	0.28628436	0.9015623	-0.27665293	0.16938092
179974226258630	0.286669	0.90168875	-0.27605337	0.16903508
179974233758630	0.28705448	0.9018038	-0.27545178	0.16874862
179974241258630	0.2874303	0.9019266	-0.27482212	0.16847882
179974248758630	0.28778797	0.90205866	-0.2741677	0.16822718
179974256258630	0.28813142	0.9021908	-0.27350304	0.16801217
179974263758630	0.2884347	0.9023161	-0.27292034	0.1677663
179974271258630	0.28873348	0.9024247	-0.27240497	0.16750644
179974278758630	0.28901747	0.90254086	-0.27187085	0.16725755
179974286258630	0.28932834	0.90264535	-0.27134842	0.16700506
179974293758630	0.2896464	0.9027562	-0.27085423	0.16665567
179974301258630	0.28998947	0.9028753	-0.270335	0.16625707
179974308758630	0.2903241	0.9029999	-0.26981872	0.16583444
179974316258630	0.29063588	0.9031492	-0.26925927	0.1653838
179974323758630	0.2909217	0.9033067	-0.2687213	0.16489506
179974331258630	0.29123816	0.9034369	-0.2682642	0.16436727
179974402742953	0.2915704	0.9035576	-0.26781335	0.16384915
179974408553890	0.29190475	0.90368545	-0.2673335	0.16333137
179974353758630	0.2922304	0.9038113	-0.26687443	0.16280267
179974361258630	0.29254782	0.90394753	-0.26638693	0.16227339
179974368758630	0.29283157	0.9040928	-0.26591542	0.16172527
179974376258630	0.29309028	0.90424937	-0.26542154	0.16119143
179974383758630	0.29332727	0.9044113	-0.26488647	0.16073082
179974391258630	0.2935413	0.9045725	-0.26433864	0.1603346
179974398758630	0.29374275	0.9047364	-0.26379183	0.1599416
179974406258630	0.2939074	0.90490776	-0.26324144	0.1595759
179974413758630	0.2940383	0.905068	-0.26275256	0.15923144
179974421258630	0.2941837	0.90521	-0.26232216	0.15886469
179974428758630	0.2943372	0.9053506	-0.2618733	0.15851901
179974436258630	0.29450297	0.90548754	-0.2613943	0.15821996
179974443758630	0.29467434	0.9056307	-0.2608867	0.15791862
179974544783838	0.2948531	0.9057971	-0.26028007	0.15763108
179974549403578	0.29490083	0.90580654	-0.26015335	0.15769699
179974556903578	0.29501742	0.9058995	-0.25978345	0.15755463
179974564403578	0.29520592	0.90601295	-0.25932154	0.15731002
179974571903578	0.29538298	0.9061089	-0.25892025	0.15708593
179974579403578	0.2955209	0.906207	-0.25856388	0.15684731
179974586903578	0.29565585	0.90631515	-0.25816888	0.15661876
179974594403578	0.295791	0.90642476	-0.25776723	0.15639023
179974601903578	0.29591134	0.9065415	-0.25736165	0.15615359
179974609403578	0.29604274	0.90665007	-0.25697672	0.1559085
179974616903578	0.2961491	0.9067689	-0.25656533	0.15569252
179974624403578	0.29623088	0.9068794	-0.25619504	0.15550345
179974631903578	0.29631907	0.9069821	-0.25583965	0.155321
179974639403578	0.29638258	0.9070749	-0.25549924	0.15521842
179974671737276	0.2964314	0.9071741	-0.2551235	0.15516292
179974654403578	0.29647118	0.9072909	-0.2546803	0.15513301
179974661903578	0.2964652	0.9074227	-0.2542094	0.15514551
179974669403578	0.2964547	0.9075189	-0.25382793	0.15522754
179974676903578	0.2964278	0.90756935	-0.25357938	0.15538947
179974684403578	0.2964051	0.9075878	-0.25339115	0.1556322
179974691903578	0.29636478	0.90759957	-0.2531992	0.15595238
179974699403578	0.29625443	0.907609	-0.253055	0.15634087
179974706903578	0.29610294	0.907612	-0.25295672	0.15676855
179974714403578	0.29590142	0.9076251	-0.2528491	0.15724693
179974721903578	0.29566255	0.9076437	-0.2527022	0.15782358
179974729403578	0.2953927	0.9076487	-0.2526334	0.1584089
179974736903578	0.29512116	0.9076162	-0.25270653	0.15898404
179974744403578	0.29484686	0.90756893	-0.25285143	0.15953144
179974751903578	0.29458597	0.9074776	-0.25308496	0.16016115
179974759403578	0.2943122	0.90734386	-0.25344118	0.16085698
179974766903578	0.29403275	0.90717983	-0.25388128	0.16159813
179974774403578	0.29373968	0.9069889	-0.25435758	0.1624509
179974781903578	0.29342785	0.9067755	-0.25485918	0.1634174
179974789403578	0.29310912	0.9065438	-0.25540763	0.16441558
179974796903578	0.29276875	0.9062975	-0.25597554	0.16549338
179974804403578	0.2924168	0.9060358	-0.2565377	0.16667356
179974811903578	0.29202595	0.9057691	-0.2571116	0.16791926
179974819403578	0.2915971	0.9055066	-0.25767905	0.16920538
179974826903578	0.2911427	0.90522176	-0.25832438	0.17052308
179974834403578	0.29065987	0.9049047	-0.2590551	0.17191495
179974841903578	0.29014006	0.9045557	-0.25988507	0.17337115
179974849403578	0.2896027	0.9041808	-0.2607875	0.1748637
179974856903578	0.28904563	0.9037757	-0.26175857	0.17642131
179974864403578	0.2884646	0.9033276	-0.26286706	0.17801276
179974871903578	0.2878699	0.9028365	-0.2640886	0.17965074
179974975326963	0.287267	0.9023306	-0.26531482	0.1813433
179974982826963	0.28727525	0.9022863	-0.2653714	0.18146764
179974990326963	0.28659686	0.90176964	-0.26663864	0.1832422
179974997826963	0.28589293	0.90124255	-0.26792958	0.18504298
179975005326963	0.28513342	0.90071774	-0.26922873	0.18687575
179975012826963	0.28430557	0.9001836	-0.27056172	0.1887758
179975020326963	0.28343025	0.8996277	-0.2719417	0.19074884
179975027826963	0.2825202	0.8990517	-0.27338764	0.19273692
179975046148630	0.2813483	0.8985062	-0.2747041	0.19510886
179975056546807	0.2806085	0.8975759	-0.27675304	0.19754499
179975068832015	0.27973786	0.8969809	-0.27837586	0.19919613
179975057826963	0.2784174	0.89654183	-0.27967176	0.20119676
179975065326963	0.27764603	0.8957115	-0.28166977	0.20316458
179975072826963	0.27693447	0.89489293	-0.2834791	0.20521627
179975080326963	0.27607536	0.89418685	-0.2850641	0.20724592
179975087826963	0.27529275	0.8934031	-0.2869005	0.20912403
179975095326963	0.27451822	0.89255893	-0.2888581	0.21104372
179975102826963	0.27372047	0.89175487	-0.2906691	0.21298309
179975110326963	0.27287498	0.89097077	-0.29238814	0.2149874
179975117826963	0.27198234	0.8901848	-0.29408884	0.21704508
179975125326963	0.27101696	0.8893456	-0.29581502	0.21933481
179975132826963	0.26950514	0.8883441	-0.29808822	0.22216019
179975140326963	0.26850095	0.8876503	-0.29932138	0.22447939
179975147826963	0.2670649	0.8870038	-0.30068168	0.22691698
179975155326963	0.2658856	0.8860897	-0.30253834	0.22939189
179975162826963	0.26490694	0.88510764	-0.30436483	0.23188539
179975170326963	0.26371086	0.88414925	-0.3063172	0.2343215
179975177826963	0.26267943	0.8831323	-0.30822378	0.23680146
179975185326963	0.26160592	0.8821793	-0.30992636	0.23930694
179975192826963	0.26045758	0.8812677	-0.31147608	0.24189228
179975200326963	0.2593198	0.8803021	-0.31304413	0.24459119
179975207826963	0.2581863	0.8792706	-0.31461045	0.24747422
179975215326963	0.25693226	0.8782666	-0.31624064	0.25025114
179975222826963	0.25565663	0.8772518	-0.31794363	0.25294453
179975230326963	0.25435582	0.87625307	-0.3196431	0.25556192
179975237826963	0.2530539	0.875277	-0.32139412	0.257992
179975245326963	0.25178865	0.8742856	-0.32323003	0.2602878
179975252826963	0.25061318	0.87325203	-0.32514775	0.26249382
179975260326963	0.24950804	0.8722184	-0.32704177	0.2646215
179975267826963	0.24846649	0.8711757	-0.3289549	0.26665697
179975275326963	0.24750568	0.8701156	-0.33089966	0.268599
179975282826963	0.24658145	0.8690721	-0.33280194	0.27047038
179975290326963	0.24567012	0.86807185	-0.33458114	0.27231044
179975297826963	0.24479805	0.86712486	-0.3362094	0.2741018
179975305326963	0.2439789	0.86619574	-0.33775702	0.27586147
179975312826963	0.24321878	0.8652708	-0.33925283	0.2775944
179975320326963	0.24247646	0.86437404	-0.3406587	0.27931088
179975420861650	0.24173401	0.8635126	-0.34205082	0.28091282
179975428361650	0.24172984	0.86351895	-0.3420505	0.2808972
179975435861650	0.24097903	0.86268806	-0.34338498	0.28246295
179975443361650	0.24019203	0.8618916	-0.3446556	0.28401265
179975450861650	0.23938006	0.8611239	-0.34585485	0.28556487
179975458361650	0.23852757	0.8604011	-0.34695825	0.28711405
179975465861650	0.23761581	0.8597354	-0.3479834	0.28861973
179975473361650	0.23665224	0.8591006	-0.3489419	0.29014045
179975480861650	0.23568465	0.85849756	-0.34986183	0.29160157
179975488361650	0.23470372	0.8578976	-0.35079283	0.29303637
179975495861650	0.23373209	0.8573053	-0.35174248	0.29440486
179975503361650	0.23274826	0.85673535	-0.35267988	0.29571897
179975510861650	0.23175924	0.85623085	-0.35348758	0.29698968
179975518361650	0.23075579	0.8557816	-0.3541776	0.2982415
179975525861650	0.22976846	0.8553965	-0.3547173	0.29946426
179975533361650	0.22878683	0.85505897	-0.3551741	0.3006363
179975540861650	0.22779928	0.8547558	-0.3555342	0.3018203
179975548361650	0.22678293	0.85450464	-0.35582602	0.3029508
179975555861650	0.22575732	0.85426337	-0.35612106	0.3040484
179975563361650	0.22473656	0.8540447	-0.35645416	0.30502737
179975570861650	0.22379006	0.85381514	-0.35680565	0.3059535
179975578361650	0.22293156	0.8535707	-0.3571822	0.30682176
179975585861650	0.22215973	0.85333073	-0.35752675	0.3076466
179975593361650	0.22148953	0.8531208	-0.3578375	0.3083497
179975600861650	0.22090128	0.85289973	-0.35815275	0.30901667
179975608361650	0.22041285	0.8526861	-0.35842526	0.30963838
179975615861650	0.21999303	0.8524959	-0.35865992	0.31018847
179975623361650	0.21962045	0.8523071	-0.35889104	0.31070375
179975630861650	0.21928963	0.85214025	-0.35908148	0.31117454
179975638361650	0.21899144	0.8520062	-0.35919517	0.31162015
179975645861650	0.21870786	0.8518589	-0.35933164	0.312064
179975653361650	0.21850461	0.8516488	-0.35960978	0.3124596
179975660861650	0.21835151	0.85140383	-0.35993356	0.31286088
179975668361650	0.21819611	0.851149	-0.36032966	0.31320664
179975675861650	0.21805592	0.85089535	-0.36073267	0.31352946
179975683361650	0.21791863	0.85066986	-0.36110058	0.31381324
179975690861650	0.21779267	0.8504546	-0.36144105	0.31409183
179975698361650	0.21766266	0.8502573	-0.3617843	0.31432107
179975705861650	0.21757348	0.85007334	-0.36210233	0.31451398
179975713361650	0.21748912	0.8498755	-0.3624196	0.31474125
179975720861650	0.21743728	0.8496844	-0.36274648	0.31491658
179975728361650	0.21734697	0.8494669	-0.36313146	0.31512195
179975735861650	0.2172781	0.84924036	-0.3634833	0.31537428
179975743361650	0.21719943	0.8490026	-0.36385006	0.31564558
179975750861650	0.21714063	0.8487929	-0.36412722	0.31593025
179975851900140	0.21708219	0.848645	-0.36429682	0.31617242
179975859400140	0.21703961	0.848451	-0.36455196	0.31642783
179975866900140	0.21691048	0.8483159	-0.36472538	0.3166789
179975874400140	0.2168005	0.84815454	-0.36502662	0.31683904
179975881900140	0.21681708	0.8479428	-0.36532623	0.31704906
179975889400140	0.21691397	0.8477133	-0.36564755	0.31722614
179975896900140	0.21705571	0.84747225	-0.3660046	0.31736138
179975904400140	0.2172007	0.8471714	-0.36637378	0.31763926
179975911900140	0.21732406	0.846833	-0.36679724	0.3179685
179975919400140	0.21749994	0.8465575	-0.36711246	0.31821808
179975926900140	0.21769139	0.8463601	-0.3673302	0.31836095
179975934400140	0.21790075	0.84609705	-0.36759543	0.31861073
179975941900140	0.21813022	0.84590566	-0.36774233	0.31879237
179975949400140	0.21839845	0.8457742	-0.36779153	0.3189007
179975956900140	0.21867207	0.8456559	-0.36783192	0.31898016
179975964400140	0.21894097	0.845518	-0.36792773	0.31905094
179975971900140	0.21921866	0.84540683	-0.36803278	0.31903353
179975979400140	0.21952626	0.8452843	-0.36815736	0.31900296
179975986900140	0.2198591	0.8452011	-0.3682298	0.31891072
179975994400140	0.22022219	0.8451301	-0.36830285	0.3187638
179976001900140	0.2206125	0.84508085	-0.36831033	0.31861585
179976009400140	0.22101432	0.8450373	-0.3682648	0.3185055
179976016900140	0.22140045	0.8450651	-0.3680972	0.31835714
179976024400140	0.22173524	0.8450889	-0.36789787	0.31829143
179976031900140	0.22206059	0.8450922	-0.36773145	0.3182483
179976039400140	0.22237274	0.845122	-0.3675965	0.31810677
179976046900140	0.22269006	0.8451496	-0.36746925	0.3179588
179976054400140	0.22297461	0.8452129	-0.36732566	0.31775713
179976061900140	0.22322544	0.84528947	-0.3671652	0.31756225
179976069400140	0.22349901	0.84536284	-0.36699408	0.3173727
179976076900140	0.22377102	0.8454001	-0.36691615	0.3171718
179976084400140	0.2240571	0.84546	-0.36676773	0.31698158
179976091900140	0.22435626	0.8455433	-0.36655378	0.31679502
179976099400140	0.22464965	0.84563965	-0.36632746	0.31659186
179976106900140	0.22495562	0.8457496	-0.3660877	0.31635788
179976114400140	0.22528063	0.84587985	-0.36583164	0.31607497
179976121900140	0.22557941	0.84606135	-0.36555114	0.31570005
179976129400140	0.2258661	0.846238	-0.3652978	0.31531477
179976136900140	0.22617996	0.8464335	-0.36500055	0.314909
179976144400140	0.22648722	0.84662294	-0.3646868	0.31454208
179976151900140	0.22676231	0.84685135	-0.3643256	0.31414747
179976159400140	0.22701809	0.8470944	-0.36392227	0.31377456
179976166900140	0.22725488	0.8473319	-0.3635627	0.31337866
179976174400140	0.22748293	0.8475926	-0.3631979	0.31293058
179976181900140	0.2277497	0.8478652	-0.36283627	0.31241745
179976189400140	0.22806342	0.84815	-0.36247388	0.31183535
179976292204306	0.22839314	0.8484524	-0.36207002	0.31124026
179976299704306	0.22837694	0.84840626	-0.36213768	0.31129912
179976307204306	0.22875473	0.8487077	-0.36172107	0.3106838
179976314704306	0.22914858	0.8490313	-0.3612573	0.31004852
179976322204306	0.22952722	0.8493753	-0.36075878	0.30940586
179976329704306	0.22990751	0.84972376	-0.36026865	0.30873707
179976337204306	0.23026627	0.8500888	-0.35980222	0.30800784
179976344704306	0.2306117	0.85045433	-0.35936728	0.30724713
179976352204306	0.23094365	0.85081166	-0.35898408	0.3064555
179976359704306	0.2312957	0.85118294	-0.35855564	0.3056596
179976367204306	0.23164003	0.8515704	-0.35805714	0.30490288
179976374704306	0.23197553	0.85200375	-0.35745147	0.30414742
179976382204306	0.23224953	0.8524911	-0.35675135	0.3033937
179976389704306	0.23250924	0.8529889	-0.3560087	0.30266684
179976397204306	0.23277111	0.8534822	-0.35528576	0.3019235
179976404704306	0.233019	0.85396224	-0.3546064	0.30117285
179976412204306	0.23326999	0.8544216	-0.3539771	0.30041462
179976419704306	0.23354477	0.8548691	-0.35334367	0.29967293
179976427204306	0.23383781	0.8553163	-0.35268527	0.29894334
179976434704306	0.23416005	0.85575837	-0.3519846	0.29825082
179976442204306	0.23447408	0.8562222	-0.3512746	0.2975092
179976449704306	0.23479253	0.8566852	-0.35053915	0.29679155
179976501130400	0.23508072	0.85715026	-0.34978133	0.29611424
179976464704306	0.23537324	0.8576267	-0.34899586	0.29542828
179976472204306	0.23565313	0.85809666	-0.3482569	0.29471156
179976479704306	0.23595954	0.85856104	-0.34755793	0.2939383
179976487204306	0.23627296	0.8590128	-0.34687585	0.29317102
179976494704306	0.2365594	0.8594676	-0.3461923	0.2924141
179976502204306	0.23685734	0.8599346	-0.345471	0.2916521
179976509704306	0.23717703	0.86041665	-0.34474617	0.29082713
179976517204306	0.23756002	0.8608809	-0.34402454	0.2899941
179976524704306	0.23799054	0.86133385	-0.34333095	0.2891164
179976532204306	0.23841684	0.86178553	-0.34265977	0.28821415
179976539704306	0.23887648	0.8622045	-0.34201157	0.28734934
179976547204306	0.23931216	0.8626341	-0.34132192	0.28651592
179976554704306	0.23971064	0.8630629	-0.3406459	0.28569514
179976562204306	0.24011752	0.86350435	-0.33996433	0.28483
179976569704306	0.24050862	0.8639599	-0.33926776	0.28394783
179976577204306	0.24088976	0.86440635	-0.33859172	0.28307176
179976584704306	0.24126127	0.86483836	-0.33796307	0.28218555
179976592204306	0.24159048	0.8652868	-0.33732635	0.28128952
179976599704306	0.24189746	0.8657166	-0.33666846	0.28049034
179976607204306	0.24222347	0.86612105	-0.33603734	0.27971604
179976614704306	0.2425089	0.866521	-0.3354226	0.2789667
179976622204306	0.24275891	0.86691403	-0.3347888	0.278289
179976629704306	0.24296646	0.8673109	-0.33415875	0.27762777
179976731374098	0.24318585	0.867676	-0.33358097	0.27698886
179976738874098	0.24318746	0.867624	-0.33364016	0.2770791
179976746374098	0.24340214	0.8679543	-0.33308685	0.27652106
179976753874098	0.24365924	0.86827946	-0.33252436	0.27595025
179976761374098	0.2439382	0.8685919	-0.33198723	0.27536678
179976768874098	0.24426359	0.86884856	-0.33151144	0.27484134
179976776374098	0.24462263	0.8691071	-0.33101383	0.27430335
179976783874098	0.24497537	0.8693677	-0.33051938	0.27375868
179976791374098	0.24535298	0.8696339	-0.33002406	0.27317226
179976798874098	0.24573845	0.8698929	-0.3295285	0.27259868
179976806374098	0.24614975	0.8701321	-0.32906288	0.27202624
179976813874098	0.24653275	0.87036294	-0.32862246	0.27147236
179976821374098	0.24695912	0.8705858	-0.32820827	0.27087066
179976828874098	0.24738309	0.87082356	-0.3277885	0.27022693
179976836374098	0.24777883	0.87103003	-0.32744992	0.26960915
179976843874098	0.24818972	0.8712268	-0.3271728	0.26893067
179976851374098	0.24861515	0.871418	-0.32687855	0.26827517
179976858874098	0.24901658	0.87165004	-0.3265084	0.26759914
179976866374098	0.24940193	0.8719039	-0.3260618	0.2669568
179976873874098	0.24978854	0.87213963	-0.32560447	0.266383
179976881374098	0.25015512	0.8723547	-0.32522056	0.2658036
179976888874098	0.25054416	0.87253225	-0.32490236	0.26524255
179976896374098	0.25090533	0.8727035	-0.32458457	0.26472637
179976903874098	0.25120875	0.8728846	-0.32431018	0.26417744
179976911374098	0.25146067	0.87307566	-0.32405734	0.26361606
179976918874098	0.2516815	0.8732555	-0.32381582	0.26310593
179976926374098	0.2518399	0.8734388	-0.32358223	0.26263297
179976933874098	0.2519622	0.87361723	-0.3233337	0.26222777
179976941374098	0.2520848	0.87378204	-0.32309395	0.26185578
179976948874098	0.252208	0.8739304	-0.32284808	0.26154524
179976956374098	0.2523161	0.8740694	-0.32257628	0.26131204
179976963874098	0.25237775	0.8742046	-0.3223765	0.2610467
179976971374098	0.2524227	0.8743334	-0.3222229	0.2607612
179976978874098	0.25244898	0.87445426	-0.3220692	0.26052007
179976986374098	0.25243914	0.874579	-0.32189256	0.26032904
179976993874098	0.25244203	0.8747002	-0.32170945	0.26014552
179977001374098	0.2524515	0.874815	-0.32153475	0.25996605
179977008874098	0.25246975	0.87491244	-0.32140744	0.2597779
179977016374098	0.2524836	0.8750126	-0.3212584	0.25961125
179977023874098	0.25248197	0.8750939	-0.32115903	0.25946185
179977031374098	0.25248155	0.8751584	-0.32112786	0.2592833
179977038874098	0.25246164	0.8752311	-0.32108176	0.25911438
179977046374098	0.2524518	0.87531096	-0.3210107	0.258942
179977053874098	0.25244847	0.87539595	-0.32093924	0.25874662
179977061374098	0.25248134	0.8754621	-0.32093987	0.25848976
179977158082431	0.25255042	0.87550586	-0.3209746	0.25823095
179977172063056	0.25265318	0.87554467	-0.32098353	0.2579872
179977179563056	0.2526628	0.8755858	-0.32091656	0.25792155
179977187063056	0.25279078	0.87561643	-0.32095233	0.2576477
179977194563056	0.2529299	0.87564796	-0.32100642	0.25733662
179977202063056	0.25306597	0.8756884	-0.32106066	0.25699726
179977217567379	0.25321943	0.8757171	-0.3211722	0.25660858
179977217063056	0.25336915	0.87573683	-0.32132012	0.25620803
179977224563056	0.25353777	0.87574923	-0.3214376	0.255851
179977232063056	0.25372133	0.87575215	-0.32152534	0.25554875
179977274418264	0.25422224	0.87590474	-0.32141665	0.2546632
179977269563056	0.25422224	0.87590474	-0.32141665	0.2546632
179977277063056	0.25429565	0.8759235	-0.3214494	0.25448403
179977284563056	0.25434187	0.8759416	-0.32149723	0.2543149
179977292063056	0.2543488	0.87598526	-0.32152128	0.2541271
179977299563056	0.25433168	0.8760237	-0.32152838	0.25400257
179977307063056	0.25430477	0.87607723	-0.32147917	0.25390756
179977314563056	0.2542636	0.87616533	-0.32140052	0.25374418
179977322063056	0.25421873	0.87623787	-0.3213238	0.25363573
179977329563056	0.25417602	0.8763025	-0.32125264	0.2535456
179977337063056	0.25411937	0.8763743	-0.3211986	0.25342217
179977344563056	0.25407594	0.8764329	-0.32118884	0.25327593
179977352063056	0.2540513	0.8764736	-0.32134938	0.2529559
179977416260764	0.2542476	0.87652975	-0.32153878	0.25232238
179977382063056	0.2542476	0.87652975	-0.32153878	0.25232238
179977389563056	0.25433478	0.87654805	-0.32159778	0.25209585
179977397063056	0.25443563	0.87654644	-0.3217061	0.25186107
179977404563056	0.2546282	0.8765227	-0.32197386	0.25140667
179977412063056	0.2546984	0.8764896	-0.322189	0.2511754
179977419563056	0.25478014	0.876464	-0.3223738	0.2509444
179977427063056	0.25481465	0.8764886	-0.3224558	0.25071794
179977434563056	0.25481558	0.8765297	-0.32246453	0.25056234
179977442063056	0.2547836	0.87661076	-0.32242298	0.25036454
179977449563056	0.254736	0.8767039	-0.32233799	0.25019652
179977457063056	0.25470927	0.8767841	-0.32223317	0.25007734
179977464563056	0.25470808	0.87684256	-0.32210675	0.25003657
179977472063056	0.25470713	0.87691635	-0.32199705	0.24991998
179977479563056	0.25471842	0.8769852	-0.32192227	0.24976322
179977487063056	0.25476468	0.8770246	-0.3219024	0.24960282
179977494563056	0.25483555	0.8770621	-0.3218775	0.24943098
179977502063056	0.25492534	0.877107	-0.3218048	0.24927507
179977509563056	0.25501153	0.8771397	-0.32172433	0.24917589
179977611672639	0.25510666	0.8771663	-0.32165307	0.24907695
179977619172639	0.25512797	0.87719065	-0.32158083	0.24906258
179977626672639	0.25519255	0.8771995	-0.32155403	0.24899988
179977634172639	0.2552754	0.8772215	-0.32150885	0.2488956
179977641672639	0.2553616	0.8772389	-0.3214713	0.24879417
179977649172639	0.25541922	0.87727046	-0.32142797	0.24867985
179977656672639	0.2554883	0.8772824	-0.32141834	0.24857914
179977664172639	0.25556275	0.8772939	-0.3214289	0.24844873
179977671672639	0.25556934	0.8773548	-0.3213836	0.24828528
179977679172639	0.2555788	0.8774252	-0.32131276	0.248118
179977686672639	0.25558296	0.877494	-0.32121637	0.24799562
179977694172639	0.25556862	0.8775532	-0.32112706	0.24791649
179977701672639	0.25551045	0.87760895	-0.32109866	0.24781561
179977709172639	0.25545144	0.87765855	-0.32110423	0.24769406
179977716672639	0.2553954	0.8777111	-0.32113123	0.24753015
179977724172639	0.25535	0.87775844	-0.3211675	0.24736206
179977731672639	0.25530443	0.87781906	-0.32117563	0.24718352
179977739172639	0.2552907	0.8778691	-0.32117474	0.24702099
179977746672639	0.25533262	0.87788254	-0.321166	0.24694134
179977754172639	0.2554026	0.8778737	-0.32112753	0.24695012
179977761672639	0.25549632	0.87785506	-0.3210951	0.24696179
179977769172639	0.25558805	0.87783253	-0.3210844	0.24696098
179977776672639	0.25568977	0.87779915	-0.321093	0.24696323
179977784172639	0.2557908	0.87777966	-0.32108265	0.24694087
179977791672639	0.25586903	0.87777346	-0.32104123	0.24693622
179977799172639	0.2559415	0.8777719	-0.32097077	0.24695769
179977806672639	0.25597993	0.87777627	-0.3209088	0.2469834
179977814172639	0.25601986	0.87776667	-0.32087684	0.24701728
179977821672639	0.25605127	0.8777555	-0.32085216	0.24705648
179977829172639	0.25605083	0.8777507	-0.320883	0.24703406
179977836672639	0.25602406	0.87775314	-0.32092524	0.24699834
179977844172639	0.2560282	0.8777683	-0.32096344	0.24689034
179977851672639	0.25606328	0.8777813	-0.32101613	0.24673928
179977859172639	0.25612786	0.87778085	-0.3210669	0.24660814
179977866672639	0.25619122	0.8777965	-0.32106325	0.24649131
179977874172639	0.25624	0.8778053	-0.32104877	0.24642754
179977881672639	0.25630483	0.87781954	-0.32104746	0.24631159
179977889172639	0.25637046	0.8778632	-0.32102326	0.24611877
179977896672639	0.25643876	0.8779066	-0.32099915	0.24592441
179977904172639	0.25651702	0.8779295	-0.32100245	0.24575673
179977911672639	0.2565954	0.8779402	-0.32102275	0.24560978
179977919172639	0.2566639	0.87793404	-0.32108024	0.24548557
179977926672639	0.2567477	0.8779033	-0.32116735	0.24539371
179977934172639	0.2568198	0.87788266	-0.32124186	0.24529433
179977941672639	0.25687733	0.87786233	-0.3213163	0.24520919
179977949172639	0.25694627	0.87783486	-0.32139307	0.24513517
179978051474566	0.25703114	0.8778056	-0.32145098	0.24507466
179978058974566	0.25702435	0.87778777	-0.3214886	0.24509633
179978066474566	0.25711614	0.8777619	-0.32156643	0.24499053
179978081790920	0.2572088	0.8777324	-0.32161507	0.24493526
179978089892326	0.25727865	0.8777032	-0.32168028	0.24488077
179978100763316	0.257369	0.8776669	-0.3217484	0.24482656
179978108783733	0.25746164	0.8776257	-0.3217972	0.24481273
179978121316910	0.25754496	0.8775705	-0.32186657	0.24483167
179978128722118	0.25762612	0.87752604	-0.32189885	0.2448632
179978143722118	0.25765002	0.8775268	-0.32178286	0.24498783
179978133974566	0.25765002	0.8775268	-0.32178286	0.24498783
179978141474566	0.25766924	0.8775235	-0.32176024	0.24500932
179978148974566	0.25767788	0.8775241	-0.32174727	0.24501516
179978156474566	0.25770018	0.8775119	-0.32173926	0.24504589
179978163974566	0.2577235	0.8775034	-0.32173175	0.2450615
179978171474566	0.25777102	0.87749714	-0.32166454	0.24512191
179978178974566	0.25780633	0.87749827	-0.32156485	0.2452116
179978186474566	0.2578215	0.8775123	-0.32147706	0.24526103
179978193974566	0.2578361	0.87754136	-0.32136565	0.24528697
179978201474566	0.25781748	0.87756366	-0.32131693	0.2452913
179978208974566	0.2578137	0.8775859	-0.32128453	0.24525781
179978216474566	0.25781748	0.8775977	-0.3212739	0.24522549
179978223974566	0.2578199	0.8776185	-0.3212638	0.2451617
179978231474566	0.25782332	0.877644	-0.32126382	0.24506693
179978238974566	0.25782356	0.8776587	-0.32128343	0.24498804
179978246474566	0.2578155	0.87768066	-0.32128027	0.24492209
179978253974566	0.25781718	0.8777017	-0.321288	0.24483483
179978261474566	0.2578117	0.87774247	-0.3212819	0.24470234
179978268974566	0.25779578	0.8777783	-0.32128128	0.24459179
179978276474566	0.2577642	0.87781906	-0.3213	0.2444537
179978345491389	0.25761205	0.8779947	-0.32125646	0.24404037
179978298974566	0.25761205	0.8779947	-0.32125646	0.24404037
179978306474566	0.25747243	0.87809384	-0.32118163	0.24392945
179978381068212	0.25737366	0.8781698	-0.3210907	0.24388011
179978392715399	0.25725898	0.8782336	-0.3210629	0.24380751
179978403329826	0.25715694	0.87831384	-0.3210057	0.24370162
179978414888212	0.25705644	0.87838024	-0.32099217	0.24358599
179978445311910	0.25701106	0.87845117	-0.32092488	0.2434667
179978445468160	0.25701106	0.87845117	-0.32092488	0.2434667
179978450967482	0.25703353	0.87845314	-0.3208784	0.24349727
179978464274097	0.25704256	0.8784538	-0.32087162	0.24349421
179978472155399	0.25705636	0.87844694	-0.32087654	0.24349837
179978483522639	0.2570612	0.87844694	-0.32084104	0.24353953
179978491438368	0.25704297	0.8784411	-0.32086465	0.24354878
179978488589045	0.25702143	0.8784242	-0.32090396	0.24358097
179978496089045	0.2569937	0.8784331	-0.32087094	0.2436217
179978503589045	0.2569685	0.87844193	-0.32082814	0.2436725
179978511089045	0.2569734	0.8784482	-0.32076433	0.24372922
