183498431810516	6.6257257	-4.54397	-5.304888
183498470308641	6.6305118	-4.4195433	-5.326423
183498533000933	6.5084777	-4.6468616	-5.424529
183498547775777	6.6185474	-4.6707897	-5.4843497
183498562775777	6.649654	-4.692325	-5.491528
183498577775777	6.664011	-4.7042894	-5.4963136
183498592775777	6.5611196	-4.658826	-5.4221363
183498607775777	6.498906	-4.584648	-5.4173503
183498622775777	6.4366927	-4.546363	-5.395815
183498637775777	6.45105	-4.517649	-5.3096733
183498652775777	6.4366927	-4.5822554	-5.2546387
183498666155620	6.422336	-4.6325045	-5.2307105
183498673681923	6.3864436	-4.644469	-5.1756754
183498684077287	6.367301	-4.6301117	-5.1852465
183498699077287	6.326623	-4.642076	-5.237889
183498675500933	6.3864436	-4.6755753	-5.252246
183498734688850	6.4127645	-4.6636114	-5.24746
183498742170100	6.364908	-4.6779685	-5.2666025
183498755778016	6.3481584	-4.752146	-5.276174
183498762174214	6.364908	-4.733003	-5.312066
183498772885985	6.424729	-4.685147	-5.3144593
183498720500933	6.4701924	-4.6971107	-5.3144593
183498795202235	6.4773707	-4.7210393	-5.2546387
183498800643068	6.458228	-4.6707897	-5.2689953
183498814542079	6.4343	-4.6372905	-5.3407803
183498821904631	6.4008007	-4.6396832	-5.386244
183498834381922	6.4295144	-4.6325045	-5.3790655
183498842062235	6.5204415	-4.5966125	-5.367101
183498853723225	6.587441	-4.5966125	-5.276174
183498861286975	6.5611196	-4.599005	-5.24746
183498871470777	6.5611196	-4.5678983	-5.276174
183498880448068	6.5754766	-4.558327	-5.2953167
183498803000933	6.6041903	-4.551149	-5.3144593
183498918194943	6.611369	-4.5678983	-5.300102
183498918365881	6.6424756	-4.5966125	-5.302495
183498922274943	6.661618	-4.610969	-5.302495
183498937274943	6.6759753	-4.6037908	-5.2977095
183498944958745	6.65444	-4.587041	-5.3216376
183498955068797	6.6448684	-4.599005	-5.3718867
183498966859474	6.6711893	-4.601398	-5.355137
183498974938589	6.6927247	-4.6492543	-5.352744
183498986413224	6.7166533	-4.6731825	-5.326423
183498995573381	6.704689	-4.733003	-5.3336015
183499004569162	6.6735826	-4.735396	-5.35753
183499016089370	6.6424756	-4.709075	-5.369494
183499024933537	6.6257257	-4.666004	-5.383851
183499034197495	6.5659056	-4.6372905	-5.3718867
183499043050568	6.5108705	-4.6971107	-5.3479586
183499054166297	6.448657	-4.706682	-5.3312087
183499063457027	6.431907	-4.6875396	-5.3503513
183499035108068	6.4127645	-4.5726843	-5.3383875
183499077763954	6.410372	-4.57747	-5.3144593
183499090479474	6.431907	-4.57747	-5.352744
183499098559370	6.4845495	-4.5655055	-5.3479586
183499065108068	6.498906	-4.551149	-5.3240304
183499117654214	6.4773707	-4.5272202	-5.4029937
183499126131402	6.4701924	-4.5152564	-5.3790655
183499139810047	6.503692	-4.5942197	-5.3407803
183499147575412	6.491728	-4.6396832	-5.2929235
183499160030360	6.489335	-4.6564326	-5.278567
183499167529683	6.463014	-4.6755753	-5.2929235
183499178787287	6.424729	-4.692325	-5.302495
183499187906141	6.4271216	-4.6971107	-5.3240304
183499198195516	6.4677997	-4.6779685	-5.3503513
183499207147651	6.4845495	-4.642076	-5.3312087
183499216830256	6.489335	-4.6612186	-5.3144593
183499227502079	6.474978	-4.692325	-5.3479586
183499235318745	6.4677997	-4.7306104	-5.369494
183499170108068	6.489335	-4.749753	-5.328816
183499251804891	6.4869423	-4.7976093	-5.3336015
183499185108068	6.4677997	-4.7952166	-5.3312087
183499192608068	6.4965134	-4.7114677	-5.352744
183499283043172	6.5204415	-4.6636114	-5.3742795
183499207608068	6.5108705	-4.6396832	-5.419743
183499215108068	6.5276203	-4.658826	-5.419743
183499305817443	6.5443697	-4.6899323	-5.35753
183499318788954	6.503692	-4.7042894	-5.35753
183499333015829	6.4677997	-4.749753	-5.3982077
183499340197860	6.4677997	-4.7138605	-5.4341
183499347697860	6.4821568	-4.6636114	-5.45085
183499355197860	6.503692	-4.668397	-5.477171
183499362697860	6.5108705	-4.6612186	-5.4676
183499370197860	6.5108705	-4.6636114	-5.4221363
183499377697860	6.503692	-4.7162533	-5.3766723
183499403696818	6.4797635	-4.766503	-5.3383875
183499407577651	6.501299	-4.7569313	-5.312066
183499422577651	6.4869423	-4.718646	-5.316852
183499415197860	6.4965134	-4.709075	-5.316852
183499422697860	6.503692	-4.6468616	-5.300102
183499462708068	6.4606214	-4.601398	-5.3096733
183499445197860	6.4462643	-4.6061835	-5.3336015
183499452697860	6.4199433	-4.694718	-5.345566
183499460197860	6.439086	-4.706682	-5.328816
183499503439943	6.4438715	-4.709075	-5.3312087
183499475197860	6.4677997	-4.733003	-5.35753
183499522761662	6.4677997	-4.7784667	-5.3479586
183499497697860	6.4941206	-4.699504	-5.4149575
183499505197860	6.5228343	-4.668397	-5.395815
183499571965203	6.532406	-4.685147	-5.3742795
183499535197860	6.541977	-4.6468616	-5.3336015
183499542697860	6.541977	-4.658826	-5.328816
183499550197860	6.5276203	-4.6636114	-5.3479586
183499557697860	6.513263	-4.634897	-5.352744
183499565197860	6.546763	-4.6612186	-5.4173503
183499572697860	6.5539412	-4.6779685	-5.3742795
183499580197860	6.513263	-4.723432	-5.3623157
183499587697860	6.503692	-4.733003	-5.35753
183499595197860	6.503692	-4.7401814	-5.367101
183499602697860	6.501299	-4.7210393	-5.3742795
183499610197860	6.4941206	-4.6971107	-5.3312087
183499617697860	6.4295144	-4.6803613	-5.302495
183499625197860	6.4031935	-4.6612186	-5.2953167
183499632697860	6.4031935	-4.685147	-5.285745
183499640197860	6.4199433	-4.7306104	-5.302495
183499647697860	6.458228	-4.7306104	-5.3479586
183499655197860	6.5084777	-4.706682	-5.3742795
183499662697860	6.5922265	-4.682754	-5.369494
183499763143641	6.6185474	-4.6707897	-5.395815
183499770643641	6.580262	-4.7042894	-5.343173
183499778143641	6.5491557	-4.7545385	-5.3072805
183499793033849	6.5539412	-4.7569313	-5.312066
183499802275724	6.5252275	-4.76411	-5.2977095
183499811143641	6.472585	-4.7377887	-5.259424
183499808143641	6.407979	-4.694718	-5.2426744
183499815643641	6.4055862	-4.651647	-5.2498527
183499840428849	6.422336	-4.5894337	-5.237889
183499830643641	6.463014	-4.5655055	-5.2977095
183499838143641	6.463014	-4.575077	-5.3359947
183499845643641	6.503692	-4.587041	-5.383851
183499853143641	6.5682983	-4.6707897	-5.424529
183499860643641	6.6041903	-4.694718	-5.4173503
183499868143641	6.6161547	-4.6707897	-5.4149575
183499875643641	6.5754766	-4.658826	-5.3910294
183499883143641	6.5228343	-4.5918264	-5.3718867
183499890643641	6.4797635	-4.5487556	-5.3336015
183499898143641	6.4558353	-4.5224347	-5.326423
183499905643641	6.4127645	-4.5559344	-5.3312087
183499913143641	6.384051	-4.627719	-5.319245
183499920643641	6.3744793	-4.6875396	-5.3790655
183499928143641	6.3888364	-4.7401814	-5.436493
183499935643641	6.45105	-4.7688956	-5.4149575
183499995223120	6.5443697	-4.7712884	-5.4556355
183499958143641	6.6592255	-4.800002	-5.3790655
183499965643641	6.640083	-4.7712884	-5.395815
183499973143641	6.5946193	-4.7688956	-5.355137
183499980643641	6.5204415	-4.7449675	-5.326423
183499988143641	6.463014	-4.733003	-5.3216376
183499995643641	6.4534426	-4.658826	-5.35753
183500003143641	6.439086	-4.6085763	-5.3790655
183500010643641	6.4414787	-4.5822554	-5.343173
183500018143641	6.439086	-4.5966125	-5.3096733
183500025643641	6.4199433	-4.6085763	-5.3072805
183500033143641	6.422336	-4.599005	-5.3216376
183500040643641	6.4175506	-4.6085763	-5.345566
183500048143641	6.3960147	-4.610969	-5.383851
183500055643641	6.4151573	-4.618148	-5.395815
183500063143641	6.4773707	-4.575077	-5.410172
183500070643641	6.541977	-4.5678983	-5.386244
183500078143641	6.546763	-4.584648	-5.369494
183500085643641	6.513263	-4.584648	-5.35753
183500093143641	6.472585	-4.5894337	-5.3503513
183500194592547	6.424729	-4.601398	-5.326423
183500202092547	6.422336	-4.634897	-5.345566
183500209592547	6.4558353	-4.718646	-5.3336015
183500217092547	6.4701924	-4.685147	-5.345566
183500232226974	6.4773707	-4.6468616	-5.359923
183500243274578	6.4797635	-4.610969	-5.3718867
183500247987339	6.491728	-4.5726843	-5.3359947
183500262987339	6.515656	-4.5535417	-5.343173
183500262092547	6.5084777	-4.54397	-5.343173
183500269592547	6.5228343	-4.5942197	-5.288138
183500277092547	6.4773707	-4.627719	-5.261817
183500284592547	6.4175506	-4.651647	-5.2929235
183500292092547	6.465407	-4.6396832	-5.3144593
183500299592547	6.5276203	-4.56072	-5.3982077
183500307092547	6.541977	-4.5391846	-5.410172
183500314592547	6.539584	-4.5559344	-5.359923
183500322092547	6.513263	-4.601398	-5.345566
183500329592547	6.4845495	-4.651647	-5.3503513
183500337092547	6.472585	-4.7377887	-5.3910294
183500344592547	6.4965134	-4.7042894	-5.4723854
183500352092547	6.556334	-4.6707897	-5.4843497
183500409805464	6.5347986	-4.634897	-5.4867425
183500416158797	6.501299	-4.65404	-5.493921
183500431158797	6.498906	-4.634897	-5.453243
183500404592547	6.515656	-4.6612186	-5.4412785
183500472839786	6.501299	-4.668397	-5.45085
183500481177911	6.4845495	-4.668397	-5.4341
183500494075047	6.424729	-4.6731825	-5.4388857
183500502490516	6.4151573	-4.685147	-5.4125648
183500514134370	6.4414787	-4.642076	-5.395815
183500522188641	6.4534426	-4.599005	-5.352744
183500457092547	6.424729	-4.5415773	-5.326423
183500570247234	6.4271216	-4.5248275	-5.276174
183500570416088	6.4031935	-4.5535417	-5.2929235
183500570497807	6.4438715	-4.587041	-5.276174
183500580764734	6.463014	-4.6229334	-5.2977095
183500590677807	6.4677997	-4.610969	-5.352744
183500596377026	6.498906	-4.6037908	-5.395815
183500606324109	6.5252275	-4.625326	-5.386244
183500617580828	6.4965134	-4.6899323	-5.3814583
183500621866349	6.448657	-4.776074	-5.386244
183500635753901	6.4606214	-4.7808595	-5.393422
183500643662391	6.5491557	-4.7162533	-5.4221363
183500655326922	6.5539412	-4.627719	-5.4460645
183500665214213	6.5778694	-4.6037908	-5.465207
183500674692859	6.580262	-4.6205406	-5.4173503
183500686016140	6.5611196	-4.5894337	-5.3742795
183500695054213	6.5491557	-4.5631127	-5.3336015
183500675519370	6.5276203	-4.558327	-5.319245
183500683019370	6.503692	-4.584648	-5.316852
183500721691453	6.489335	-4.5535417	-5.3718867
183500734064422	6.5371914	-4.56072	-5.3766723
183500745519890	6.5682983	-4.584648	-5.369494
183500751113432	6.5659056	-4.658826	-5.3479586
183500764657130	6.5347986	-4.7042894	-5.400601
183500772503484	6.5443697	-4.6755753	-5.369494
183500787503484	6.541977	-4.65404	-5.328816
183500758019370	6.4558353	-4.644469	-5.3072805
183500765519370	6.4606214	-4.634897	-5.304888
183500773019370	6.4199433	-4.6468616	-5.326423
183500780519370	6.4271216	-4.6731825	-5.3383875
183500842918172	6.422336	-4.651647	-5.359923
183500856614786	6.4008007	-4.6636114	-5.319245
183500869867130	6.381658	-4.7210393	-5.312066
183500877958172	6.3457656	-4.7138605	-5.355137
183500818019370	6.3720865	-4.6301117	-5.369494
183500918924005	6.5108705	-4.5894337	-5.4293146
183500919079578	6.5682983	-4.651647	-5.3982077
183500924548328	6.558727	-4.658826	-5.400601
183500935156974	6.5276203	-4.709075	-5.3982077
183500939688432	6.5228343	-4.7162533	-5.3742795
183500952075047	6.5491557	-4.6636114	-5.3790655
183500954688432	6.6089764	-4.6205406	-5.383851
183500962188432	6.661618	-4.6061835	-5.407779
183500969688432	6.652047	-4.6205406	-5.419743
183500977188432	6.65444	-4.627719	-5.395815
183500984688432	6.661618	-4.658826	-5.3766723
183500992188432	6.640083	-4.6875396	-5.367101
183500999688432	6.582655	-4.658826	-5.3623157
183501007188432	6.539584	-4.625326	-5.35753
183501014688432	6.4821568	-4.6325045	-5.3503513
183501022188432	6.4008007	-4.634897	-5.3407803
183501029688432	6.4175506	-4.6301117	-5.3383875
183501037188432	6.463014	-4.6492543	-5.383851
183501044688432	6.501299	-4.6396832	-5.3766723
183501052188432	6.5371914	-4.65404	-5.3216376
183501059688432	6.5491557	-4.618148	-5.312066
183501067188432	6.539584	-4.6229334	-5.3336015
183501074688432	6.5204415	-4.6396832	-5.3407803
183501082188432	6.513263	-4.666004	-5.35753
183501089688432	6.518049	-4.6779685	-5.3910294
183501097188432	6.546763	-4.6612186	-5.359923
183501104688432	6.580262	-4.658826	-5.3312087
183501112188432	6.5850477	-4.6492543	-5.3479586
183501119688432	6.5946193	-4.642076	-5.326423
183501127188432	6.5850477	-4.618148	-5.3096733
183501134688432	6.5515485	-4.601398	-5.302495
183501142188432	6.5347986	-4.5942197	-5.3072805
183501149688432	6.5228343	-4.5631127	-5.278567
183501157188432	6.4773707	-4.5678983	-5.252246
183501164688432	6.5252275	-4.6037908	-5.245067
183501172188432	6.5371914	-4.6061835	-5.2546387
183501179688432	6.5443697	-4.587041	-5.2666025
183501187188432	6.5347986	-4.642076	-5.3072805
183501194688432	6.506085	-4.692325	-5.3096733
183501202188432	6.5443697	-4.7401814	-5.2737813
183501209688432	6.5491557	-4.725825	-5.2642097
183501217188432	6.5659056	-4.7138605	-5.271388
183501224688432	6.5682983	-4.694718	-5.276174
183501232188432	6.5682983	-4.682754	-5.2689953
183501239688432	6.580262	-4.733003	-5.259424
183501247188432	6.6448684	-4.7712884	-5.2642097
183501254688432	6.6711893	-4.7425747	-5.2259245
183501357143536	6.666404	-4.699504	-5.1924253
183501362702651	6.649654	-4.6372905	-5.1828537
183501370202651	6.6592255	-4.6037908	-5.180461
183501377702651	6.666404	-4.5942197	-5.1589255
183501385202651	6.6687965	-4.5966125	-5.130212
183501392702651	6.678368	-4.610969	-5.127819
183501400202651	6.680761	-4.6229334	-5.123033
183501407702651	6.704689	-4.627719	-5.1206403
183501415202651	6.647261	-4.666004	-5.0943193
183501422702651	6.6329045	-4.7210393	-5.0847483
183501430202651	6.606583	-4.7952166	-5.0847483
183501437702651	6.597012	-4.7688956	-5.113462
183501445202651	6.6329045	-4.723432	-5.168497
183501452702651	6.6711893	-4.685147	-5.1589255
183501460202651	6.6759753	-4.709075	-5.1661043
183501467702651	6.6831536	-4.7210393	-5.1421757
183501475202651	6.6759753	-4.7952166	-5.099105
183501482702651	6.6592255	-4.7976093	-5.0656056
183501490202651	6.664011	-4.790431	-5.0392847
183501497702651	6.6329045	-4.7401814	-5.032106
183501505202651	6.6568327	-4.7138605	-5.0344987
183501512702651	6.6831536	-4.692325	-5.0392847
183501520202651	6.719046	-4.7018967	-4.9986067
183501527702651	6.73101	-4.7306104	-4.974678
183501535202651	6.7334027	-4.7401814	-4.996214
183501542702651	6.745367	-4.752146	-5.003392
183501550202651	6.7094746	-4.735396	-4.955536
183501557702651	6.6735826	-4.7449675	-4.9531426
183501565202651	6.6735826	-4.7210393	-4.9722853
183501572702651	6.6424756	-4.725825	-4.9938207
183501580202651	6.690332	-4.7162533	-4.974678
183501587702651	6.6999035	-4.723432	-4.9459643
183501595202651	6.707082	-4.749753	-4.95075
183501602702651	6.7334027	-4.749753	-4.9531426
183501610202651	6.786045	-4.725825	-4.95075
183501617702651	6.829116	-4.7425747	-4.9579287
183501625202651	6.8243303	-4.752146	-4.9531426
183501632702651	6.826723	-4.725825	-4.9866424
183501640202651	6.8721867	-4.7401814	-4.9363933
183501647702651	6.893722	-4.723432	-4.881358
183501655202651	6.8745794	-4.7210393	-4.871787
183501662702651	6.826723	-4.7377887	-4.831109
183501670202651	6.879365	-4.7282176	-4.843073
183501677702651	6.8817577	-4.7377887	-4.8119664
183501786561817	6.8745794	-4.7425747	-4.8095737
183501787434630	6.8913293	-4.7042894	-4.7880383
183501794934630	6.91765	-4.651647	-4.7688956
183501802434630	6.91765	-4.65404	-4.74736
183501809934630	6.920043	-4.682754	-4.7114677
183501817434630	6.9248285	-4.6755753	-4.718646
183501824934630	6.9128647	-4.7018967	-4.7138605
183501832434630	6.927222	-4.761717	-4.7282176
183501839934630	6.9391856	-4.766503	-4.761717
183501847434630	6.9655066	-4.718646	-4.8047876
183501854934630	6.987042	-4.749753	-4.831109
183501862434630	6.975078	-4.7425747	-4.800002
183501869934630	6.9583282	-4.76411	-4.7856455
183501877434630	6.9391856	-4.761717	-4.7545385
183501884934630	6.927222	-4.7880383	-4.7162533
183501918795515	6.9320073	-4.7808595	-4.7138605
183501933795515	6.9535427	-4.7784667	-4.7018967
183501938427598	6.9391856	-4.7856455	-4.699504
183501914934630	6.963114	-4.74736	-4.709075
183501967497494	6.975078	-4.735396	-4.682754
183501974428744	6.9726853	-4.706682	-4.615755
183501937434630	6.948757	-4.7282176	-4.5942197
183501944934630	6.9248285	-4.7832522	-4.5248275
183501952434630	6.9056864	-4.790431	-4.5224347
183501959934630	6.903293	-4.733003	-4.536792
183501967434630	6.9248285	-4.706682	-4.5559344
183501974934630	6.963114	-4.685147	-4.5248275
183501982434630	7.0061846	-4.651647	-4.520042
183501989934630	7.0061846	-4.7042894	-4.4602213
183501997434630	6.991828	-4.733003	-4.4339004
183502004934630	7.015756	-4.733003	-4.4171505
183502012434630	7.056434	-4.761717	-4.3740797
183502019934630	7.0612197	-4.8287163	-4.3908296
183502027434630	7.1042905	-4.8646083	-4.3740797
183502034934630	7.1138616	-4.8287163	-4.4434714
183502042434630	7.1377897	-4.85743	-4.421936
183502049934630	7.173682	-4.907679	-4.3740797
183502057434630	7.176075	-4.883751	-4.347759
183502064934630	7.1880393	-4.895715	-4.321438
183502072434630	7.1808605	-4.9268217	-4.28076
183502079934630	7.2023964	-4.9340005	-4.237689
183502087434630	7.1712894	-4.941179	-4.2185464
183502094934630	7.149754	-4.9196434	-4.2352962
183502102434630	7.1473613	-4.9363933	-4.211368
183502109934630	7.1712894	-4.8861437	-4.2017965
183502210557650	7.2023964	-4.8454657	-4.237689
183502218057650	7.219146	-4.792824	-4.223332
183502225557650	7.2263246	-4.7545385	-4.2185464
183502233057650	7.2119675	-4.761717	-4.208975
183502240557650	7.1784678	-4.7712884	-4.17069
183502248057650	7.1306114	-4.843073	-4.1898327
183502255557650	7.1449685	-4.8287163	-4.165904
183502263057650	7.135397	-4.84068	-4.141976
183502270557650	7.1138616	-4.855037	-4.211368
183502278057650	7.1282187	-4.8526444	-4.2520456
183502285557650	7.1617184	-4.8646083	-4.2329035
183502293057650	7.164111	-4.871787	-4.23051
183502300557650	7.152147	-4.867001	-4.2041893
183502308057650	7.164111	-4.8454657	-4.1778684
183502315557650	7.166504	-4.8287163	-4.1898327
183502323057650	7.1473613	-4.8191447	-4.2017965
183502330557650	7.1473613	-4.816752	-4.168297
183502338057650	7.1569324	-4.816752	-4.1611185
183502345557650	7.1688967	-4.792824	-4.1371903
183502353057650	7.1449685	-4.7952166	-4.1276193
183502360557650	7.1210403	-4.792824	-4.106084
183502368057650	7.1138616	-4.790431	-4.091727
183502375557650	7.1210403	-4.802395	-4.098905
183502383057650	7.135397	-4.790431	-4.082155
183502390557650	7.1282187	-4.7688956	-4.0965123
183502398057650	7.097112	-4.74736	-4.141976
183502405557650	7.123433	-4.735396	-4.168297
183502413057650	7.1712894	-4.7784667	-4.1874394
183502420557650	7.207182	-4.7880383	-4.211368
183502428057650	7.207182	-4.773681	-4.273581
183502435557650	7.1808605	-4.8287163	-4.23051
183502443057650	7.1425757	-4.807181	-4.26401
183502450557650	7.085148	-4.776074	-4.290331
183502458057650	7.0540414	-4.752146	-4.3262234
183502465557650	7.042077	-4.718646	-4.3764725
183502473057650	7.066005	-4.6803613	-4.4051867
183502480557650	7.1138616	-4.658826	-4.4147577
183502488057650	7.1138616	-4.6875396	-4.4554358
183502495557650	7.1162543	-4.685147	-4.45065
183502503057650	7.075577	-4.7377887	-4.462614
183502596886921	7.0061846	-4.7377887	-4.4602213
183502518057650	6.9583282	-4.7018967	-4.4841495
183502618604473	6.943971	-4.7018967	-4.517649
183502624202754	6.9320073	-4.694718	-4.551149
183502635507650	6.9344	-4.6612186	-4.5894337
183502645169421	6.9583282	-4.6372905	-4.6325045
183502646702754	6.9678993	-4.6325045	-4.65404
183502654202754	6.9655066	-4.6372905	-4.6564326
183502689991556	6.948757	-4.575077	-4.692325
183502684202754	6.8458657	-4.610969	-4.76411
183502691702754	6.8099732	-4.587041	-4.776074
183502699202754	6.762117	-4.668397	-4.8215375
183502725018327	6.771688	-4.6612186	-4.8239303
183502714202754	6.7669024	-4.642076	-4.9052863
183502721702754	6.74776	-4.601398	-4.9842496
183502729202754	6.735796	-4.6468616	-5.063213
183502769533327	6.769295	-4.610969	-5.156533
183502744202754	6.802795	-4.5942197	-5.1756754
183502751702754	6.795616	-4.6564326	-5.209175
183502759202754	6.802795	-4.668397	-5.204389
183502804084369	6.788438	-4.725825	-5.24746
183502774202754	6.8410797	-4.7138605	-5.24746
183502781702754	6.8099732	-4.723432	-5.3407803
183502789202754	6.7836523	-4.718646	-5.3790655
183502796702754	6.788438	-4.6229334	-5.4963136
183502850005619	6.788438	-4.493721	-5.582455
183502863958327	6.7501526	-4.4889355	-5.608776
183502873082442	6.754938	-4.54397	-5.625526
183502882654317	6.690332	-4.634897	-5.65424
183502891297494	6.640083	-4.6085763	-5.7858453
183502841702754	6.5922265	-4.5296135	-5.855237
183502849202754	6.5682983	-4.508078	-5.9916277
183502856702754	6.4701924	-4.4721856	-6.1806607
183502864202754	6.350551	-4.5128636	-6.2404814
183502871702754	6.2380886	-4.6061835	-6.364908
183502879202754	6.1734824	-4.6396832	-6.4534426
183502886702754	6.113662	-4.5678983	-6.4151573
183502894202754	6.0729837	-4.5152564	-6.352944
183502901702754	5.9676995	-3.993621	-6.506085
183502909202754	6.6041903	-4.2759743	-5.6063833
183502916702754	6.7740808	-4.4482574	-6.0634127
183502924202754	6.259624	-4.6205406	-6.4127645
183502931702754	5.919843	-4.132405	-5.946164
183502939202754	6.0753765	-3.7280176	-5.869594
183502946702754	6.3457656	-3.5126636	-5.8839507
183502954202754	6.290731	-3.8524444	-5.912665
183503054343327	6.15434	-4.5487556	-5.9246287
183503061843327	6.0490556	-4.6229334	-5.912665
183503069343327	6.013163	-4.338187	-5.8911295
183503076843327	6.0394845	-4.156333	-5.905486
183503084343327	6.0323057	-4.101298	-5.9413786
183503091843327	5.9700923	-4.1898327	-6.0011992
183503099343327	5.845666	-4.180261	-6.1567326
183503106843327	5.7690954	-4.1347976	-6.24766
183503114343327	5.721239	-4.1443686	-6.283552
183503121843327	5.680561	-4.206582	-6.3290157
183503129343327	5.6470613	-4.249653	-6.3888364
183503136843327	5.642276	-4.2329035	-6.489335
183503144343327	5.625526	-4.2185464	-6.5946193
183503151843327	5.6063833	-4.1754756	-6.652047
183503159343327	5.5513487	-4.1204405	-6.6711893
183503166843327	5.4867425	-4.0941195	-6.6927247
183503174343327	5.4436717	-4.1276193	-6.707082
183503181843327	5.4412785	-4.0869412	-6.7429743
183503189343327	5.491528	-3.991228	-6.7764735
183503196843327	5.5226345	-3.9673	-6.788438
183503204343327	5.477171	-3.938586	-6.8410797
183503211843327	5.4149575	-3.9170506	-6.910472
183503219343327	5.4149575	-3.9338005	-6.9966135
183503226843327	5.477171	-3.9625144	-7.0612197
183503234343327	5.5202417	-3.9026937	-7.1018977
183503241843327	5.503492	-3.8787656	-7.1162543
183503249343327	5.465207	-3.8261235	-7.1138616
183503256843327	5.4125648	-3.7471602	-7.1018977
183503264343327	5.3359947	-3.694518	-7.094719
183503271843327	5.3072805	-3.6681972	-7.1688967
183503279343327	5.300102	-3.694518	-7.2095747
183503286843327	5.278567	-3.7998023	-7.2646093
183503294343327	5.24746	-3.818945	-7.2622166
183503301843327	5.1613183	-3.830909	-7.3052874
183503309343327	5.0943193	-3.8237305	-7.30768
183503316843327	5.0536413	-3.7543387	-7.32443
183503324343327	4.9770713	-3.6921253	-7.338787
183503331843327	4.9196434	-3.6394832	-7.379465
183503339343327	4.85743	-3.6346977	-7.4033933
183503346843327	4.814359	-3.5605202	-7.4273214
183503354343327	4.8215375	-3.5150564	-7.4512496
183503361843327	4.855037	-3.5820556	-7.4656067
183503369343327	4.881358	-3.6275191	-7.4249287
183503376843327	4.8287163	-3.6514473	-7.422536
183503477511348	4.8215375	-3.682554	-7.4656067
183503485011348	4.8047876	-3.696911	-7.499106
183503492511348	4.7832522	-3.6801612	-7.5349984
183503507351087	4.7712884	-3.6634114	-7.568498
183503507511348	4.773681	-3.641876	-7.5517483
183503515011348	4.807181	-3.6059837	-7.5326056
183503535675931	4.7832522	-3.6203406	-7.5637126
183503548094108	4.7425747	-3.6897326	-7.539784
183503563094108	4.7688956	-3.7686956	-7.542177
183503560011348	4.7712884	-3.7304106	-7.6331043
183503567511348	4.766503	-3.6777685	-7.6331043
183503575011348	4.74736	-3.7088752	-7.597212
183503582511348	4.7042894	-3.65384	-7.580462
183503590011348	4.6803613	-3.6131623	-7.542177
183503597511348	4.6301117	-3.5940197	-7.578069
183503646758223	4.601398	-3.5533416	-7.6019974
183503620011348	4.570291	-3.548556	-7.623533
183503627511348	4.5942197	-3.5509489	-7.6402826
183503635011348	4.5655055	-3.5844483	-7.649854
183503642511348	4.575077	-3.615555	-7.704889
183503650011348	4.6229334	-3.5724843	-7.702496
183503657511348	4.6468616	-3.5150564	-7.7120676
183503716675983	4.6468616	-3.493521	-7.7312098
183503672511348	4.601398	-3.4600215	-7.7383885
183503680011348	4.5391846	-3.5150564	-7.752745
183503687511348	4.5272202	-3.6059837	-7.757531
183503695011348	4.5535417	-3.546163	-7.771888
183503771473066	4.5487556	-3.6203406	-7.783852
183503717511348	4.54397	-3.591627	-7.838887
183503725011348	4.56072	-3.6394832	-7.905886
183503732511348	4.5918264	-3.6729827	-7.8891363
183503740011348	4.618148	-3.6275191	-7.8963146
183503747511348	4.6085763	-3.586841	-7.891529
183503755011348	4.57747	-3.5772698	-7.8460655
183503762511348	4.5678983	-3.6346977	-7.8460655
183503770011348	4.5726843	-3.644269	-7.838887
183503777511348	4.558327	-3.6107693	-7.8077803
183503785011348	4.587041	-3.5820556	-7.7647095
183503892602181	4.5966125	-3.5246277	-7.726424
183503892797285	4.6037908	-3.5270207	-7.716853
183503904610410	4.6085763	-3.4719856	-7.745567
183503911990775	4.6564326	-3.455236	-7.7886376
183503921591504	4.7210393	-3.4121652	-7.853244
183503922797285	4.752146	-3.4791641	-7.8436728
183503941569368	4.752146	-3.5940197	-7.8173513
183503949417233	4.749753	-3.6490545	-7.771888
183503964417233	4.749753	-3.6011982	-7.7503524
183503967797285	4.7210393	-3.5198421	-7.726424
183503993809681	4.6731825	-3.5365918	-7.692925
183504007693639	4.6325045	-3.4719856	-7.728817
183503990297285	4.627719	-3.4695928	-7.7001033
183503997797285	4.6492543	-3.562913	-7.735996
183504005297285	4.6492543	-3.6107693	-7.7001033
183504012797285	4.651647	-3.696911	-7.6809607
183504020297285	4.6612186	-3.7304106	-7.664211
183504027797285	4.7018967	-3.644269	-7.6666036
183504035297285	4.7282176	-3.6634114	-7.6546397
183504042797285	4.7449675	-3.6586258	-7.63789
183504050297285	4.733003	-3.6729827	-7.6426754
183504057797285	4.706682	-3.65384	-7.635497
183504065297285	4.642076	-3.682554	-7.628319
183504072797285	4.6396832	-3.6658044	-7.676175
183504080297285	4.6468616	-3.6275191	-7.6713896
183504087797285	4.6755753	-3.6346977	-7.649854
183504095297285	4.7210393	-3.615555	-7.6019974
183504102797285	4.7018967	-3.6011982	-7.5613194
183504110297285	4.7210393	-3.586841	-7.530213
183504117797285	4.74736	-3.5437703	-7.513463
183504125297285	4.7712884	-3.5581272	-7.4943204
183504132797285	4.76411	-3.5150564	-7.54457
183504140297285	4.7545385	-3.507878	-7.5661054
183504147797285	4.7569313	-3.4863427	-7.5254273
183504155297285	4.776074	-3.4983068	-7.4919276
183504162797285	4.802395	-3.5724843	-7.4847493
183504170297285	4.8047876	-3.6203406	-7.456035
183504177797285	4.814359	-3.5988052	-7.448857
183504185297285	4.816752	-3.5318062	-7.4536424
183504272816243	4.8215375	-3.5605202	-7.4344997
183504285890462	4.8191447	-3.5820556	-7.4153576
183504292493327	4.831109	-3.6011982	-7.4177504
183504305491295	4.855037	-3.5796626	-7.446464
183504316728691	4.871787	-3.5724843	-7.470392
183504324632754	4.8454657	-3.6179478	-7.479964
183504331728691	4.833502	-3.6873398	-7.4775705
183504344276556	4.7976093	-3.7184465	-7.4943204
183504357618795	4.8047876	-3.6777685	-7.5589266
183504366669420	4.790431	-3.6993039	-7.587641
183504361728691	4.800002	-3.6921253	-7.6139617
183504369228691	4.8263235	-3.696911	-7.5900335
183504392803431	4.831109	-3.7280176	-7.5924263
183504402026920	4.802395	-3.7184465	-7.585248
183504414107858	4.8047876	-3.694518	-7.594819
183504422036139	4.7784667	-3.6993039	-7.5732837
183504431542441	4.7449675	-3.7088752	-7.587641
183504437498274	4.7832522	-3.7136607	-7.587641
183504450826504	4.8119664	-3.8237305	-7.5589266
183504429228691	4.8215375	-3.7567315	-7.530213
183504464622754	4.8263235	-3.7064822	-7.487142
183504479622754	4.8382874	-3.6849468	-7.460821
183504459228691	4.871787	-3.6131623	-7.4344997
183504509021816	4.867001	-3.546163	-7.446464
183504515064420	4.895715	-3.5844483	-7.4584284
183504527704004	4.9340005	-3.6179478	-7.4177504
183504535135566	4.910072	-3.7040894	-7.429714
183504548051139	4.9292145	-3.7136607	-7.463214
183504554344056	5.003392	-3.7160535	-7.489535
183504569344056	5.0344987	-3.7160535	-7.501499
183504526728691	4.9698925	-3.802195	-7.60439
183504594155722	4.9435716	-3.7998023	-7.5589266
183504541728691	4.9435716	-3.778267	-7.5732837
183504549228691	4.941179	-3.7806597	-7.52782
183504556728691	4.900501	-3.7854455	-7.475178
183504564228691	4.85743	-3.7136607	-7.456035
183504636328691	4.8765726	-3.6921253	-7.432107
183504650418639	4.8598228	-3.6849468	-7.391429
183504655734733	4.816752	-3.67059	-7.3770723
183504667889733	4.766503	-3.696911	-7.372287
183504682889733	4.807181	-3.7256248	-7.389036
183504616728691	4.816752	-3.7160535	-7.4010005
183504703810983	4.761717	-3.694518	-7.3842506
183504631728691	4.7569313	-3.7447674	-7.3986077
183504639228691	4.792824	-3.7806597	-7.420143
183504740402337	4.814359	-3.7543387	-7.4416785
183504746242285	4.8047876	-3.6634114	-7.432107
183504753742285	4.7856455	-3.6466618	-7.456035
183504767834733	4.7976093	-3.644269	-7.4344997
183504782834733	4.7712884	-3.656233	-7.422536
183504783742285	4.766503	-3.7256248	-7.463214
183504791242285	4.759324	-3.7184465	-7.4656067
183504798742285	4.7688956	-3.7184465	-7.4392858
183504806242285	4.773681	-3.7184465	-7.4440713
183504813742285	4.8789654	-3.7280176	-7.4105716
183504837648587	4.8789654	-3.7447674	-7.396215
183504846565774	4.900501	-3.7064822	-7.393822
183504860542910	4.898108	-3.7088752	-7.436893
183504871386451	4.8885365	-3.723232	-7.4656067
183504851242285	4.907679	-3.7686956	-7.499106
183504858742285	4.938786	-3.7734814	-7.503892
183504903862233	4.9579287	-3.802195	-7.501499
183504911760358	4.9435716	-3.8141594	-7.5110703
183504926760358	4.9028935	-3.7806597	-7.501499
183504896242285	4.871787	-3.7591243	-7.4847493
183504903742285	4.8526444	-3.7854455	-7.4775705
183504911242285	4.8191447	-3.7998023	-7.4775705
183504918742285	4.8382874	-3.7998023	-7.4656067
183504926242285	4.8646083	-3.739982	-7.432107
183504933742285	4.8646083	-3.7328033	-7.4392858
183504941242285	4.84068	-3.76391	-7.4392858
183505005919941	4.8239303	-3.7710886	-7.4177504
183505011155931	4.831109	-3.7471602	-7.4440713
183505026155931	4.843073	-3.7734814	-7.460821
183504971242285	4.833502	-3.7974095	-7.475178
183505046342753	4.831109	-3.7758741	-7.4775705
183505055813326	4.843073	-3.7758741	-7.499106
183505062818535	4.85743	-3.7830527	-7.499106
183505074216660	4.84068	-3.7734814	-7.4919276
183505008742285	4.8287163	-3.7806597	-7.4823565
183505016242285	4.8502517	-3.792624	-7.4823565
183505023742285	4.8909297	-3.7686956	-7.4440713
183505031242285	4.87418	-3.7950168	-7.4177504
183505152936295	4.843073	-3.749553	-7.408179
183505154215670	4.8191447	-3.7615173	-7.4033933
183505159886243	4.8191447	-3.7615173	-7.3866434
183505160807441	4.8047876	-3.7591243	-7.4105716
183505161877805	4.8095737	-3.7615173	-7.446464
183505169377805	4.8526444	-3.7758741	-7.456035
183505176877805	4.9052863	-3.749553	-7.405786
183505188125149	4.8909297	-3.7830527	-7.389036
183505193727180	4.9028935	-3.7878382	-7.365108
183505199377805	4.871787	-3.7998023	-7.381858
183505206877805	4.843073	-3.7591243	-7.3746796
183505223298483	4.8215375	-3.7304106	-7.3986077
183505235919785	4.8095737	-3.7088752	-7.3842506
183505229377805	4.8119664	-3.7878382	-7.422536
183505236877805	4.855037	-3.8069808	-7.436893
183505244377805	4.883751	-3.8572302	-7.4344997
183505251877805	4.9172506	-3.8476589	-7.432107
183505259377805	4.924429	-3.8404803	-7.436893
183505266877805	4.914858	-3.8285162	-7.4392858
183505274377805	4.8765726	-3.7998023	-7.460821
183505281877805	4.8454657	-3.7974095	-7.503892
183505289377805	4.807181	-3.7686956	-7.513463
183505296877805	4.807181	-3.7734814	-7.5182486
183505304377805	4.847859	-3.7758741	-7.5254273
183505311877805	4.9028935	-3.7950168	-7.4775705
183505319377805	4.9172506	-3.8261235	-7.463214
183505326877805	4.912465	-3.8356948	-7.4775705
183505334377805	4.871787	-3.830909	-7.503892
183505341877805	4.8765726	-3.8117664	-7.5254273
183505349377805	4.8765726	-3.804588	-7.537391
183505356877805	4.8526444	-3.8285162	-7.520642
183505364377805	4.84068	-3.8069808	-7.4943204
183505371877805	4.847859	-3.8069808	-7.4679995
183505379377805	4.8358946	-3.7830527	-7.470392
183505386877805	4.8454657	-3.7447674	-7.4416785
183505394377805	4.8454657	-3.7663028	-7.422536
183505401877805	4.843073	-3.8285162	-7.3866434
183505409377805	4.8358946	-3.8476589	-7.3698936
183505416877805	4.831109	-3.8691943	-7.4129643
183505424377805	4.855037	-3.888337	-7.436893
183505431877805	4.898108	-3.845266	-7.448857
183505439377805	4.955536	-3.8356948	-7.456035
183505446877805	4.9435716	-3.845266	-7.4679995
183505454377805	4.9363933	-3.8763726	-7.475178
183505461877805	4.941179	-3.9050865	-7.5086775
183505469377805	4.9603214	-3.9433718	-7.542177
183505476877805	4.9579287	-3.9553359	-7.5924263
183505484377805	4.922036	-3.9457645	-7.578069
183505491877805	4.910072	-3.9720855	-7.556534
183505499377805	4.900501	-3.9625144	-7.513463
183505601019055	4.9172506	-3.9601214	-7.515856
183505607149680	4.9028935	-3.9673	-7.4775705
183505621473430	4.898108	-3.9481573	-7.4344997
183505627027962	4.895715	-3.9720855	-7.4249287
