179793983169747	0.31603107	0.8700495	-0.32668033	0.19083552
179794015096778	0.31603107	0.8700495	-0.32668033	0.19083552
179794079342143	0.31603107	0.8700495	-0.32668033	0.19083552
179794090096778	0.31603107	0.8700495	-0.32668033	0.19083552
179794105096778	0.31603107	0.8700495	-0.32668033	0.19083552
179794120096778	0.30791676	0.87223315	-0.3452358	0.15877369
179794135096778	-0.2939284	-0.83752567	0.44457763	0.120447904
179794150096778	-0.2939284	-0.83752567	0.44457763	0.120447904
179794162903028	-0.29330426	-0.83357656	0.44536382	0.14413148
179794173715789	-0.29329565	-0.8365566	0.43987525	0.14373717
179794185136049	-0.29340115	-0.83870435	0.43602407	0.142737
179794165099955	-0.2938116	-0.8395368	0.4343184	0.14219774
179794172599955	-0.29419288	-0.8395609	0.43407467	0.14201212
179794222953757	-0.2948294	-0.8393381	0.4342268	0.1415424
179794195099955	-0.29508853	-0.8392242	0.43435007	0.14129929
179794202599955	-0.29528815	-0.8391241	0.4344636	0.14112835
179794210099955	-0.29546538	-0.83904886	0.43454525	0.14095275
179794217599955	-0.29563084	-0.8389961	0.43459943	0.14075202
179794225099955	-0.29577324	-0.8389904	0.4345817	0.14054208
179794232599955	-0.29590574	-0.8389976	0.43454736	0.140326
179794240099955	-0.29605758	-0.83897847	0.43454617	0.14012387
179794247599955	-0.29621333	-0.83894706	0.4345713	0.13990511
179794255099955	-0.2963764	-0.83889586	0.43462282	0.13970615
179794262599955	-0.29660794	-0.8388434	0.4346474	0.13945262
179794270099955	-0.2969065	-0.83882076	0.4346111	0.1390664
179794277599955	-0.29723728	-0.83881927	0.4345342	0.13860892
179794285099955	-0.29772255	-0.8388431	0.4343984	0.13784657
179794292599955	-0.2981622	-0.8388599	0.43426844	0.13720219
179794300099955	-0.2985384	-0.83884865	0.434166	0.13677663
179794307599955	-0.2988969	-0.83881557	0.43410164	0.13639945
179794315099955	-0.29923502	-0.83877814	0.4340407	0.13608213
179794322599955	-0.29955816	-0.83873	0.43398285	0.13585252
179794330099955	-0.29988205	-0.83866805	0.43396664	0.13557145
179794337599955	-0.30015472	-0.83861715	0.4339386	0.13537283
179794345099955	-0.3003893	-0.8385986	0.43387225	0.13517952
179794352599955	-0.3005654	-0.838628	0.43375307	0.13498813
179794360099955	-0.30068353	-0.83870596	0.43359947	0.13473399
179794367599955	-0.30077377	-0.8388219	0.43341053	0.13441822
179794375099955	-0.3008086	-0.8389961	0.43317407	0.13401495
179794475451413	-0.30081362	-0.8392278	0.43286318	0.13355702
179794482951413	-0.30121008	-0.8393001	0.43268502	0.13278362
179794490451413	-0.30136314	-0.83957726	0.43231454	0.13188806
179794497951413	-0.3016224	-0.8398697	0.4319	0.1307874
179794505451413	-0.30177146	-0.8401403	0.43153584	0.1299042
179794512951413	-0.3018476	-0.8404077	0.43119517	0.12912671
179794520451413	-0.3018624	-0.8406611	0.43088362	0.12848067
179794527951413	-0.30187988	-0.84088826	0.43059546	0.12791805
179794535451413	-0.30190107	-0.8410877	0.43035495	0.12736543
179794542951413	-0.30197793	-0.84124243	0.43015644	0.12683068
179794550451413	-0.30217853	-0.8413471	0.4299809	0.1262527
179794557951413	-0.30253223	-0.8413949	0.42983142	0.12559341
179794565451413	-0.30296445	-0.8413875	0.42974484	0.12489601
179794572951413	-0.30348507	-0.84133875	0.4296841	0.12416712
179794580451413	-0.30409643	-0.8412528	0.42965028	0.12336797
179794587951413	-0.30482692	-0.8411481	0.42962134	0.12237677
179794595451413	-0.3055779	-0.84100384	0.4296402	0.12142509
179794602951413	-0.30642703	-0.8408608	0.4296176	0.120351024
179794610451413	-0.30738497	-0.8407117	0.4295709	0.11910979
179794617951413	-0.30836618	-0.8405472	0.42954418	0.11782467
179794625451413	-0.3092926	-0.8403841	0.42952642	0.11661761
179794632951413	-0.31028107	-0.8402389	0.42944986	0.11531247
179794640451413	-0.3111694	-0.84013873	0.42932352	0.11411372
179794647951413	-0.31205085	-0.840089	0.4291145	0.11285195
179794655451413	-0.31288382	-0.84005344	0.4289016	0.11161258
179794662951413	-0.31368223	-0.8400249	0.4287041	0.110338375
179794670451413	-0.31439847	-0.8400167	0.4285109	0.10910569
179794677951413	-0.31507447	-0.8400553	0.42825365	0.107861355
179794685451413	-0.31584474	-0.84015894	0.42785418	0.10637681
179794692951413	-0.31647465	-0.8402531	0.4275214	0.105090834
179794700451413	-0.31709635	-0.84034616	0.4272012	0.10376658
179794707951413	-0.31766504	-0.84042233	0.42694116	0.102472104
179794715451413	-0.3185074	-0.84051263	0.42657322	0.100633055
179794722951413	-0.31924453	-0.84061086	0.42622864	0.09892167
179794730451413	-0.3197782	-0.84073234	0.4259006	0.09756855
179794737951413	-0.32032603	-0.84085876	0.42555758	0.0961699
179794745451413	-0.3208468	-0.8409808	0.42523503	0.09478244
179794752951413	-0.32136256	-0.8410995	0.42491964	0.093386985
179794760451413	-0.32183996	-0.8412194	0.42460147	0.0921007
179794767951413	-0.32234123	-0.84133387	0.42428428	0.09075444
179794775451413	-0.32289857	-0.8414308	0.42396227	0.089369975
179794782951413	-0.32342622	-0.84152067	0.42364708	0.08810095
179794790451413	-0.32393646	-0.8415861	0.42336878	0.086930916
179794797951413	-0.3244196	-0.8416355	0.423115	0.08587991
179794805451413	-0.3248872	-0.8416875	0.4228594	0.08485462
179794812951413	-0.32530034	-0.8417526	0.42260954	0.08386636
179794915112507	-0.32571954	-0.841813	0.4223614	0.082877025
179794922612507	-0.32622984	-0.8418467	0.42210338	0.0818358
179794930112507	-0.32675347	-0.8419332	0.42175743	0.08063175
179794937612507	-0.32740685	-0.84201217	0.4213674	0.07918199
179794945112507	-0.3281454	-0.84207433	0.42096218	0.077604204
179794952612507	-0.32889014	-0.84213287	0.4205485	0.07604296
179794960112507	-0.32979718	-0.84218234	0.42006782	0.074201666
179794967612507	-0.33056757	-0.8421945	0.41970348	0.07268153
179794975112507	-0.33122653	-0.8421892	0.41940793	0.07143855
179794982612507	-0.33199087	-0.84220994	0.41901225	0.06995243
179795010389799	-0.3327227	-0.84224445	0.4186012	0.06850476
179795019903080	-0.33341873	-0.8422642	0.41824034	0.06706848
179795026496413	-0.3342049	-0.8422574	0.41788152	0.065458044
179795012612507	-0.33500245	-0.8422261	0.41755614	0.06383926
179795020112507	-0.33573014	-0.8421679	0.4173094	0.062380247
179795027612507	-0.3365504	-0.84210104	0.41702545	0.06074185
179795035112507	-0.33727232	-0.8420424	0.41677353	0.059260666
179795042612507	-0.33797663	-0.8419848	0.41652206	0.05781715
179795050112507	-0.33877423	-0.8419372	0.4161924	0.056193713
179795057612507	-0.339707	-0.84191	0.41574672	0.054233734
179795065112507	-0.3403223	-0.8418787	0.41547194	0.052954186
179795072612507	-0.34094545	-0.8418135	0.41525334	0.051682416
179795080112507	-0.3414772	-0.8417498	0.41508493	0.050548695
179795087612507	-0.34197572	-0.8416861	0.41492683	0.049527794
179795095112507	-0.34258384	-0.8416193	0.41470823	0.04827471
179795102612507	-0.3432492	-0.8415523	0.41445473	0.046874046
179795110112507	-0.34387115	-0.84147906	0.4142332	0.045568407
179795117612507	-0.3445787	-0.84142333	0.41391867	0.04408817
179795125112507	-0.34521624	-0.8414006	0.41358024	0.042687327
179795132612507	-0.34569374	-0.84137017	0.41335902	0.041550096
179795140112507	-0.34613374	-0.841301	0.41323036	0.040554516
179795147612507	-0.34652638	-0.8412402	0.4131159	0.039620128
179795155112507	-0.3469829	-0.84121007	0.41289636	0.038538467
179795162612507	-0.34746987	-0.8411694	0.4126754	0.037388887
179795170112507	-0.3480967	-0.84113157	0.41234764	0.035999123
179795177612507	-0.34880123	-0.84108734	0.41197693	0.03442215
179795185112507	-0.34935862	-0.8410172	0.4117528	0.033139583
179795192612507	-0.34989434	-0.840928	0.4115783	0.031895578
179795200112507	-0.35039818	-0.84087783	0.411344	0.030688876
179795207612507	-0.3508181	-0.8408597	0.41109946	0.029645784
179795215112507	-0.35121703	-0.84084487	0.41085565	0.02870862
179795222612507	-0.35161546	-0.8408403	0.4105895	0.027759936
179795230112507	-0.35203913	-0.8408406	0.41028887	0.026807198
179795237612507	-0.35247734	-0.8408136	0.41002917	0.025853768
179795245112507	-0.3528986	-0.8407944	0.40976405	0.024916131
179795252612507	-0.35327768	-0.840789	0.4094993	0.024062015
179795353717038	-0.3537191	-0.8407773	0.4091979	0.02309967
179795361217038	-0.354215	-0.840736	0.40891248	0.02202877
179795368717038	-0.35473698	-0.84067845	0.40863213	0.0210116
179795376217038	-0.35529384	-0.84062165	0.4083205	0.019900596
179795383717038	-0.35592034	-0.8405881	0.4079029	0.018642042
179795391217038	-0.3566117	-0.84056014	0.40741837	0.017238453
179795398717038	-0.35737547	-0.8405342	0.40686652	0.015643353
179795406217038	-0.35800478	-0.8405175	0.40639722	0.014290718
179795413717038	-0.35871026	-0.8404841	0.40589565	0.012740286
179795421217038	-0.3594044	-0.8404461	0.40540332	0.0112633165
179795428717038	-0.35993832	-0.8404152	0.4050241	0.010119896
179795436217038	-0.36042908	-0.8403509	0.40474525	0.009085854
179795443717038	-0.36088732	-0.8402875	0.4044895	0.008094077
179795451217038	-0.36140507	-0.84023356	0.4041608	0.0069256146
179795458717038	-0.36193326	-0.84017885	0.4038208	0.0057102833
179795466217038	-0.362466	-0.8401416	0.40343565	0.0044907336
179795473717038	-0.363175	-0.84010917	0.40288028	0.0028353557
179795481217038	-0.36400077	-0.84005755	0.40225112	9.3792763E-4
179795488717038	0.3647469	0.83998483	-0.4017272	7.4955495E-4
179795496217038	0.36550826	0.83987606	-0.4012555	0.0024475355
179795503717038	0.36613038	0.8397673	-0.4009054	0.0037897665
179795511217038	0.36674637	0.8396571	-0.4005585	0.0051090945
179795518717038	0.36732364	0.83956116	-0.40021294	0.0063301926
179795526217038	0.36793286	0.8394635	-0.39983657	0.0075636017
179795533717038	0.36845905	0.83939743	-0.39946935	0.008622733
179795541217038	0.36892197	0.83934313	-0.39913368	0.009602501
179795548717038	0.3693961	0.839286	-0.39878735	0.01068371
179795556217038	0.36999717	0.8391969	-0.39837852	0.0120518
179795563717038	0.37066582	0.83907676	-0.3979617	0.0135506345
179795571217038	0.3711973	0.8389802	-0.3976276	0.014734563
179795578717038	0.37166667	0.83889735	-0.3973247	0.015761223
179795586217038	0.37212795	0.83882636	-0.39700255	0.016737018
179795593717038	0.37259176	0.83876544	-0.3966528	0.017736183
179795601217038	0.37297502	0.83871347	-0.3963623	0.018610956
179795608717038	0.37340677	0.83864796	-0.3960463	0.019604683
179795616217038	0.37386367	0.8385658	-0.3957359	0.02065069
179795623717038	0.37440628	0.83846	-0.39538282	0.021842973
179795631217038	0.37507653	0.8383338	-0.3949293	0.023346992
179795638717038	0.3757317	0.8382037	-0.3944941	0.024793265
179795646217038	0.37631282	0.8380713	-0.3941398	0.026059149
179795653717038	0.37684447	0.8379528	-0.39380184	0.027266363
179795661217038	0.3773656	0.83784664	-0.39344478	0.028452428
179795668717038	0.37779522	0.8377556	-0.39316452	0.029293438
179795676217038	0.37825203	0.83765167	-0.39288032	0.030168546
179795683717038	0.37880507	0.83752173	-0.39254275	0.031215869
179795691217038	0.3793443	0.83738893	-0.39222166	0.03224705
179795792962819	0.37985122	0.83725595	-0.39193624	0.033189993
179795800462819	0.38032907	0.837142	-0.3916208	0.034294873
179795807962819	0.38082358	0.8370206	-0.39130887	0.035319183
179795815462819	0.38128886	0.8369217	-0.39097854	0.03628759
179795822962819	0.38180807	0.8368126	-0.39060152	0.03738705
179795830462819	0.38224852	0.83670723	-0.39029774	0.038404334
179795837962819	0.3827378	0.83659136	-0.3899544	0.03952698
179795845462819	0.38320655	0.83648145	-0.38961697	0.040621266
179795852962819	0.38360557	0.83638334	-0.38932908	0.04162433
179795860462819	0.38394812	0.83628947	-0.38909605	0.042521816
179795867962819	0.3842776	0.8362027	-0.3888647	0.043358736
179795875462819	0.38465276	0.8361117	-0.38858947	0.04424594
179795882962819	0.38513547	0.836001	-0.3882155	0.045408573
179795890462819	0.38549715	0.83592397	-0.38791656	0.04630223
179795897962819	0.3858272	0.83584356	-0.3876636	0.047114316
179795905462819	0.3861438	0.83577394	-0.38740295	0.047893357
179795912962819	0.38642856	0.83572686	-0.3871305	0.04861819
179795920462819	0.38668492	0.8356798	-0.3868945	0.049260836
179795927962819	0.38696212	0.835618	-0.38667166	0.049880497
179795972819069	0.38727146	0.8355394	-0.38644937	0.05051424
179795982477663	0.38762724	0.8354414	-0.3862136	0.05120477
179795950462819	0.38802493	0.83532023	-0.38597718	0.051946208
179795957962819	0.38856065	0.83517444	-0.38561043	0.052998833
179795965462819	0.3890632	0.8350418	-0.38525984	0.05394238
179795972962819	0.38953945	0.8348958	-0.3849713	0.054820728
179795980462819	0.38996637	0.8347547	-0.3847372	0.055571623
179795987962819	0.3904037	0.834616	-0.38447383	0.0564014
179795995462819	0.390887	0.83445966	-0.38418037	0.05735742
179796002962819	0.39126664	0.83433557	-0.38395792	0.058059726
179796010462819	0.39162853	0.8342271	-0.383725	0.058715343
179796017962819	0.391929	0.8341515	-0.38350126	0.059244044
179796025462819	0.39221627	0.834087	-0.38326484	0.05977836
179796032962819	0.39250252	0.8340285	-0.38300118	0.060402725
179796040462819	0.3928346	0.83394545	-0.3827143	0.061202306
179796047962819	0.3932583	0.8338202	-0.38239813	0.0621557
179796055462819	0.39356452	0.8337508	-0.38212004	0.06285589
179796062962819	0.3938365	0.83368087	-0.38187224	0.063581534
179796070462819	0.39415044	0.83359563	-0.3815912	0.06443551
179796077962819	0.39448822	0.83351314	-0.38124862	0.065456
179796085462819	0.39482516	0.8334421	-0.380883	0.06645094
179796092962819	0.39513275	0.8333809	-0.38054466	0.06732178
179796100462819	0.3954538	0.83331054	-0.38020685	0.068210304
179796107962819	0.39579108	0.83324003	-0.37984672	0.06911562
179796115462819	0.3960962	0.8331813	-0.37951034	0.06991901
179796122962819	0.3964247	0.8331096	-0.37918442	0.07067565
179796223968965	0.39673564	0.8330324	-0.37889796	0.07137422
179796231468965	0.39698538	0.8329427	-0.37871784	0.07198605
179796238968965	0.39731377	0.832823	-0.37852105	0.07259104
179796246468965	0.3976549	0.83270735	-0.37830144	0.07319298
179796253968965	0.3979992	0.8325882	-0.37807712	0.07383272
179796261468965	0.39830762	0.83248127	-0.3778681	0.07444299
179796268968965	0.3986239	0.83237785	-0.37766457	0.07493699
179796276468965	0.39894024	0.8322646	-0.37749574	0.07536186
179796283968965	0.39929226	0.8321359	-0.37730128	0.075890236
179796291468965	0.3996183	0.8320203	-0.3771117	0.07638276
179796298968965	0.3999532	0.8319037	-0.37689885	0.076948725
179796306468965	0.40025327	0.8317944	-0.3766935	0.07757364
179796313968965	0.4005791	0.831694	-0.37640315	0.07837201
179796321468965	0.40083045	0.83163846	-0.37611794	0.079043046
179796328968965	0.40111125	0.83156824	-0.37579146	0.079904854
179796336468965	0.40127492	0.8315403	-0.37555063	0.080504805
179796343968965	0.40145168	0.8315087	-0.3752815	0.081200786
179796351468965	0.4016087	0.83148617	-0.37502092	0.08185723
179796358968965	0.4017576	0.83146673	-0.37478438	0.08240592
179796366468965	0.4018862	0.8314589	-0.37456682	0.082845114
179796373968965	0.40204805	0.8314446	-0.3743129	0.08334956
179796381468965	0.40218592	0.83143854	-0.3740775	0.08380053
179796388968965	0.40234074	0.83142847	-0.37382856	0.08426669
179796396468965	0.4025344	0.83139104	-0.3735906	0.08476509
179796403968965	0.40280384	0.8313326	-0.3732776	0.08543443
179796411468965	0.4030254	0.8312824	-0.37303263	0.08594729
179796418968965	0.4032664	0.83122045	-0.3728059	0.08639787
179796426468965	0.40358028	0.8311182	-0.37255454	0.08699737
179796433968965	0.40383142	0.83103776	-0.37234816	0.08748321
179796441468965	0.40404707	0.83097166	-0.37216187	0.0879068
179796448968965	0.40422863	0.830924	-0.37199047	0.088248834
179796456468965	0.40443996	0.83086747	-0.371814	0.08855541
179796463968965	0.40465868	0.8307916	-0.37167263	0.08886071
179796471468965	0.40508702	0.8305871	-0.37151244	0.08948877
179796478968965	0.40550175	0.83042157	-0.371308	0.08999305
179796486468965	0.40579113	0.83031046	-0.3711792	0.090244874
179796493968965	0.4060882	0.8301857	-0.3710625	0.09053561
179796501468965	0.40634492	0.83007985	-0.37093	0.09089703
179796508968965	0.4065622	0.8299849	-0.37081328	0.091267206
179796516468965	0.4067121	0.8299345	-0.37067136	0.09163412
179796523968965	0.40681648	0.82991004	-0.37050915	0.092047185
179796531468965	0.40689954	0.8299007	-0.37033045	0.09248277
179796538968965	0.4069659	0.82989126	-0.370167	0.09292796
179796546468965	0.40707374	0.8298631	-0.36997268	0.093480475
179796553968965	0.4071363	0.8298512	-0.36981383	0.09394031
179796561468965	0.4071755	0.82986253	-0.36963567	0.09437019
179796661621517	0.40719038	0.82990676	-0.36941627	0.09477555
179796669121517	0.40735987	0.82983357	-0.3692841	0.09520319
179796676621517	0.4074859	0.8297886	-0.36912152	0.09568386
179796684121517	0.4076035	0.82976395	-0.3689391	0.09609969
179796691621517	0.40778995	0.8297176	-0.36870763	0.09659695
179796699121517	0.4080056	0.8296515	-0.36848623	0.09709691
179796706621517	0.40827954	0.8295688	-0.36823198	0.097615086
179796714121517	0.40856668	0.8294762	-0.36797637	0.09816278
179796721621517	0.40878883	0.8294026	-0.36777526	0.098613024
179796729121517	0.40898484	0.82933855	-0.36761308	0.09894228
179796736621517	0.40918073	0.82925785	-0.36747992	0.099302545
179796744121517	0.40937755	0.8291844	-0.36734232	0.09961367
179796751621517	0.4095639	0.8291155	-0.3672125	0.09990001
179796759121517	0.40974912	0.82904994	-0.36708358	0.100157626
179796766621517	0.4098849	0.82902193	-0.36692846	0.100402236
179796774121517	0.4100335	0.82898027	-0.3667852	0.1006618
179796781621517	0.4101917	0.82893926	-0.36663845	0.10089004
179796789121517	0.41032797	0.82891166	-0.3664925	0.101091936
179796796621517	0.41046146	0.8288848	-0.36632746	0.10136882
179796804121517	0.4106	0.82886446	-0.36612803	0.10169349
179796811621517	0.41073644	0.82884336	-0.36593008	0.102027155
179796819121517	0.41086924	0.8288309	-0.36570275	0.10240775
179796826621517	0.41101375	0.8288059	-0.36548337	0.10281246
179796834121517	0.41113824	0.8287754	-0.3653215	0.10313536
179796841621517	0.41128433	0.82871395	-0.36521354	0.10342805
179796849121517	0.411483	0.82864815	-0.3650479	0.103749245
179796856621517	0.411709	0.82856816	-0.3648509	0.10418451
179796864121517	0.4119389	0.82847416	-0.36466387	0.104676254
179796871621517	0.41209868	0.8284083	-0.3645517	0.104959026
179796879121517	0.41224825	0.8283394	-0.3644578	0.10524077
179796886621517	0.4123959	0.82826084	-0.3643994	0.105483264
179796894121517	0.41256794	0.82816976	-0.36434862	0.10570071
179796901621517	0.41278005	0.8280916	-0.36418518	0.10604749
179796909121517	0.41296837	0.8280181	-0.36404002	0.10638595
179796916621517	0.41312388	0.82795835	-0.36389726	0.10673576
179796924121517	0.41329303	0.82790387	-0.36370054	0.10717304
179796931621517	0.41340503	0.827866	-0.3635454	0.1075587
179796939121517	0.41347456	0.8278248	-0.36347756	0.10783855
179796946621517	0.41354436	0.82777315	-0.36344722	0.10806825
179796954121517	0.41362822	0.8277141	-0.36341232	0.10831735
179796961621517	0.41372228	0.827652	-0.36338827	0.108513266
179796969121517	0.41385186	0.8275615	-0.36337385	0.1087568
179796976621517	0.41402802	0.8274617	-0.36331794	0.10903155
179796984121517	0.41419265	0.82739794	-0.3631832	0.10933926
179796991621517	0.41430697	0.82736117	-0.36304298	0.10965026
179797093304173	0.41438112	0.82733643	-0.36292925	0.10993208
179797100804173	0.41447115	0.82729423	-0.36285323	0.11016144
179797108304173	0.4145272	0.8272628	-0.36278966	0.11039581
179797115804173	0.41457322	0.82723737	-0.36273146	0.110604994
179797123304173	0.41462815	0.8272117	-0.36267745	0.110767156
179797130804173	0.41470274	0.82719904	-0.36255613	0.11097953
179797138304173	0.41482225	0.8271834	-0.3623435	0.11134315
179797145804173	0.41490778	0.82717675	-0.36218244	0.11159805
179797153304173	0.4150093	0.8271494	-0.36203086	0.111915134
179797160804173	0.41509643	0.82712805	-0.36190808	0.112145886
179797168304173	0.41515976	0.8271052	-0.36184332	0.112289146
179797196890735	0.41522238	0.82708806	-0.36176416	0.11243841
179797211890735	0.41540015	0.82699937	-0.3616741	0.11272401
179797198304173	0.41540015	0.82699937	-0.3616741	0.11272401
179797205804173	0.4155322	0.8269544	-0.3615775	0.11287634
179797213304173	0.41569018	0.82692456	-0.3613871	0.113122605
179797220804173	0.4159883	0.8268824	-0.3609467	0.11373989
179797228304173	0.41605604	0.82687896	-0.36079362	0.11400309
179797235804173	0.41609058	0.8268672	-0.36071476	0.11421052
179797243304173	0.41613656	0.8268485	-0.3606406	0.114412785
179797250804173	0.41619194	0.82682663	-0.36056083	0.11462126
179797258304173	0.41625482	0.826791	-0.36052245	0.11476965
179797313111048	0.4163367	0.8267704	-0.3604312	0.11490816
179797322419589	0.41644216	0.82675344	-0.36028412	0.1151091
179797328400944	0.41659462	0.8267237	-0.3601025	0.11533853
179797343400944	0.41673675	0.826692	-0.35996357	0.115486756
179797347564016	0.41689593	0.82665265	-0.35982007	0.11564027
179797358602714	0.41706377	0.82661456	-0.35966513	0.115789734
179797370903287	0.41719913	0.8265959	-0.35953316	0.11584442
179797383627194	0.41733554	0.82657343	-0.3594157	0.11587843
179797388775319	0.4174684	0.82657003	-0.35928965	0.11581475
179797401461777	0.41761142	0.8265827	-0.35913113	0.11570117
179797340804173	0.41777873	0.8265774	-0.35898906	0.11557433
179797419655579	0.41796014	0.8265701	-0.35884455	0.115420856
179797430772506	0.41816488	0.8265632	-0.35867855	0.11524353
179797436892402	0.4184029	0.82652795	-0.35854286	0.1150547
179797449672662	0.41865826	0.82647586	-0.3584188	0.11488657
179797459716308	0.4189196	0.82641387	-0.35831392	0.11470679
179797466516360	0.41918585	0.82637733	-0.35814303	0.11453121
179797476982819	0.41943514	0.8263523	-0.3579465	0.11441306
179797483046933	0.4196728	0.8263491	-0.3577063	0.11431657
179797505755006	0.41995198	0.82633054	-0.35738286	0.11443709
179797505855475	0.41995198	0.82633054	-0.35738286	0.11443709
179797510493860	0.42002428	0.8263093	-0.3572983	0.11458778
179797525375319	0.42011097	0.82634455	-0.3571267	0.11455226
179797532951308	0.42022333	0.82642883	-0.35684624	0.11440471
179797543624225	0.42034814	0.8265326	-0.35650176	0.114270866
179797556083131	0.42047852	0.8266683	-0.35608873	0.11409686
179797563715371	0.420636	0.8268095	-0.35561043	0.11398511
179797574002610	0.42080387	0.82696223	-0.35509905	0.11385205
179797582875839	0.4209443	0.8271254	-0.3546092	0.11367454
179797594715631	0.4211012	0.8272708	-0.3541571	0.11344408
179797603414641	0.42125723	0.8274111	-0.35372669	0.1131842
179797610406777	0.42143673	0.8275445	-0.35329404	0.11289249
179797622020839	0.42163083	0.8276656	-0.3528729	0.112595506
179797630338496	0.4218453	0.8277816	-0.35245305	0.11225517
179797642657193	0.42207035	0.8278941	-0.3520282	0.11191145
179797650381568	0.42229965	0.82801515	-0.3515729	0.11158176
179797665381568	0.42277965	0.8282765	-0.35062146	0.11081497
179797637993860	0.42277965	0.8282765	-0.35062146	0.11081497
179797645493860	0.42302084	0.8284206	-0.35011506	0.110419355
179797652993860	0.42323846	0.8285776	-0.3495972	0.11004625
179797660493860	0.42343122	0.8287462	-0.3490823	0.10967011
179797667993860	0.42360058	0.8289373	-0.34854975	0.1092642
179797675493860	0.42393762	0.8293531	-0.34738794	0.108499326
179797682993860	0.42410502	0.82955813	-0.34680033	0.10815629
179797690493860	0.42428094	0.82976055	-0.34621158	0.107799895
179797697993860	0.42446592	0.82996166	-0.34562257	0.107412755
179797705493860	0.42465878	0.83016187	-0.34501263	0.10706304
179797712993860	0.42486113	0.8303635	-0.3443872	0.10670973
179797720493860	0.4250898	0.8305741	-0.34370998	0.10634247
179797727993860	0.4253411	0.83076596	-0.34304476	0.10598654
179797735493860	0.4256159	0.8309155	-0.34246182	0.10559569
179797742993860	0.42590958	0.83105445	-0.34187424	0.10522145
179797750493860	0.42622024	0.83117694	-0.34130058	0.104858145
179797757993860	0.42655057	0.83126634	-0.34077734	0.10450734
179797765493860	0.42693725	0.8313276	-0.34023497	0.1042077
179797772993860	0.42734522	0.8313791	-0.33969033	0.10390122
179797780493860	0.42776322	0.831436	-0.33911395	0.10360749
179797787993860	0.42816764	0.8315023	-0.33853427	0.10330071
179797795493860	0.42855608	0.8315721	-0.33797553	0.10295679
179797802993860	0.42893693	0.8316376	-0.33744738	0.10257313
179797810493860	0.42931232	0.83170104	-0.33693317	0.10217804
179797817993860	0.4296809	0.8317882	-0.33639383	0.101695344
179797825493860	0.4300451	0.8318776	-0.3358714	0.101150095
179797925501777	0.43042848	0.8319712	-0.3353016	0.10063867
179797933001777	0.43045428	0.8319715	-0.33525574	0.100678794
179797940501777	0.43078604	0.8321054	-0.3346739	0.10008718
179797956746672	0.4311014	0.8322625	-0.33406594	0.099451125
179797965521204	0.43142277	0.83243877	-0.33340374	0.0988027
179797973518652	0.43173945	0.8326235	-0.33272138	0.09816121
179797984881256	0.43206722	0.8327999	-0.33204338	0.09751605
179797993923808	0.43238375	0.83298546	-0.3313665	0.096829474
179798002343808	0.43270656	0.8331657	-0.33067325	0.09620309
179798010345214	0.43304178	0.83331776	-0.33003557	0.095566906
179798017350631	0.4334005	0.83345956	-0.32939306	0.09491852
179798030434693	0.433782	0.8335986	-0.3287138	0.09430638
179798037201100	0.43417296	0.83372504	-0.32804826	0.0937067
179798048451256	0.43458864	0.8338236	-0.32740432	0.093152106
179798060837297	0.4350202	0.8338935	-0.32680917	0.09260172
179798067321204	0.43545076	0.83395714	-0.3262284	0.09204912
179798080552870	0.4358527	0.83401734	-0.32567677	0.09155502
179798088536360	0.43623918	0.8340786	-0.32513177	0.09109074
179798098205006	0.43658784	0.83416635	-0.3245563	0.09066865
179798110425683	0.43690735	0.83427286	-0.32397017	0.0902458
179798116432922	0.4372017	0.8343823	-0.3234145	0.08980009
179798128953131	0.43747085	0.83448535	-0.32290554	0.089360915
179798136712975	0.43772984	0.8345742	-0.3224319	0.088973716
179798147883547	0.43795875	0.83466494	-0.32198858	0.08860026
179798157088652	0.4381702	0.83476186	-0.3215427	0.088260405
179798172088652	0.4385466	0.8349827	-0.3205981	0.08773679
179798128001777	0.4385466	0.8349827	-0.3205981	0.08773679
179798135501777	0.4387339	0.8350821	-0.32014143	0.08752193
179798143001777	0.43913943	0.835227	-0.31931233	0.08713211
179798209627193	0.43932325	0.83530617	-0.31890833	0.08692745
179798224627193	0.43965837	0.8354378	-0.31818748	0.08660838
179798173001777	0.43965837	0.8354378	-0.31818748	0.08660838
179798180501777	0.439849	0.8354672	-0.31788874	0.086453415
179798257821724	0.44026938	0.8354864	-0.31731683	0.08622958
179798195501777	0.44026938	0.8354864	-0.31731683	0.08622958
179798203001777	0.4404816	0.83549005	-0.31701997	0.08620101
179798210501777	0.44067374	0.8354922	-0.31674752	0.08620068
179798218001777	0.4408732	0.83546025	-0.31654492	0.08623406
179798225501777	0.4410503	0.83541876	-0.31640303	0.086251184
179798233001777	0.4412196	0.8353626	-0.31629512	0.0863253
179798240501777	0.44153407	0.8352216	-0.31614324	0.08663699
179798248001777	0.44167548	0.83512324	-0.31616256	0.086793624
179798348741568	0.44179383	0.8350149	-0.3162327	0.08697942
179798356241568	0.4418107	0.8349847	-0.3162566	0.08709511
179798362741933	0.4418656	0.8348786	-0.3163889	0.087352976
179798370241933	0.44189864	0.83479863	-0.31647512	0.08763665
179798377741933	0.4419002	0.8347482	-0.31649473	0.08803869
179798385241933	0.44188982	0.8346848	-0.3165498	0.08849195
179798392741933	0.44187087	0.8346108	-0.31664228	0.088952534
179798400241933	0.44181663	0.8345363	-0.3167658	0.08948071
179798407741933	0.44173858	0.8344233	-0.3170164	0.09003077
179798415241933	0.44163054	0.83429533	-0.31734142	0.0905994
179798422741933	0.4415059	0.8341393	-0.31775346	0.09119863
179798430241933	0.44136095	0.83395904	-0.31825724	0.091789246
179798437741933	0.44120315	0.83376384	-0.31880683	0.09241072
179798445241933	0.44104278	0.8335487	-0.31938607	0.09311449
179798479009954	0.44086194	0.83332294	-0.31999853	0.09388698
179798490020579	0.4406753	0.8330921	-0.3206163	0.09469985
179798501168912	0.44047654	0.83284605	-0.32125694	0.09561274
179798510352766	0.44024897	0.8325827	-0.32194272	0.09664275
179798516602558	0.43998268	0.83232427	-0.32264292	0.097740516
179798528131568	0.43967265	0.83209777	-0.32329342	0.098907515
179798497741933	0.4392988	0.8318874	-0.32396564	0.100131266
179798540960683	0.4388905	0.83166623	-0.32470244	0.101364955
179798555057506	0.43844783	0.83141804	-0.32553068	0.1026509
179798566145891	0.43796885	0.8311527	-0.32642025	0.10401127
179798576343339	0.43748417	0.8308685	-0.3273424	0.10541385
179798585588756	0.4369798	0.83057535	-0.3283077	0.10680521
179798596959120	0.43644145	0.8302634	-0.32934013	0.10824381
179798604413235	0.4358643	0.8299727	-0.33033845	0.10974647
179798615802714	0.43524915	0.8296783	-0.3313535	0.111341715
179798625799224	0.43461406	0.8293662	-0.3324216	0.11295235
179798632963391	0.4339516	0.82904494	-0.3335365	0.114560194
179798645490735	0.43326554	0.8287152	-0.33467323	0.11621501
179798660490735	0.43182713	0.8279367	-0.33727556	0.11954673
179798602741933	0.43182713	0.8279367	-0.33727556	0.11954673
179798610241933	0.43102267	0.8275429	-0.33866498	0.12123695
179798617741933	0.4292378	0.82679254	-0.3414464	0.12483315
179798625241933	0.4282464	0.82642424	-0.34287223	0.12675498
179798707771047	0.42722866	0.82603157	-0.34435162	0.12872216
179798720450214	0.42618334	0.82561284	-0.3458898	0.13073456
179798726645683	0.4251	0.82517934	-0.3474706	0.1327909
179798736783078	0.42397457	0.82471955	-0.3491265	0.13488472
179798747744745	0.42281675	0.82421625	-0.35088307	0.13702144
179798756884276	0.42121822	0.8233476	-0.35363835	0.14004956
179798766525526	0.42011893	0.8227397	-0.35551742	0.14215125
179798776662766	0.41867897	0.8224163	-0.35705036	0.1444107
179798788300474	0.4173861	0.8218649	-0.35891348	0.1466565
179798794422453	0.41746506	0.8218663	-0.35878053	0.14674944
179798801922453	0.41660225	0.8213616	-0.36017445	0.14860027
179798809422453	0.41549712	0.8207457	-0.36201298	0.15061685
179798816922453	0.41441232	0.8201391	-0.36379316	0.15260686
179798824422453	0.4133136	0.8195689	-0.36549267	0.15457675
179798831922453	0.4122676	0.81897944	-0.3671905	0.15645833
179798839422453	0.41126865	0.8183797	-0.36886227	0.15828265
179798846922453	0.41026804	0.81777656	-0.37056088	0.16001986
179798854422453	0.40928525	0.81714964	-0.37232465	0.16163701
179798861922453	0.40831816	0.81652826	-0.37405148	0.16322824
179798869422453	0.40736234	0.8159615	-0.37565005	0.1647721
179798876922453	0.40638587	0.8154271	-0.37718093	0.16632445
179798884422453	0.4054334	0.8148779	-0.37869796	0.16788614
179798891922453	0.40449488	0.8143126	-0.3802312	0.16941997
179798899422453	0.4036001	0.81372344	-0.38177508	0.17090672
179798906922453	0.4027392	0.8131343	-0.38329685	0.1723288
179798914422453	0.4018817	0.81255776	-0.38476905	0.17376423
179798921922453	0.4010207	0.81199706	-0.38622805	0.17513157
179798965044745	0.4001679	0.81145495	-0.3876504	0.17644733
179798979783183	0.39929032	0.8109583	-0.38898143	0.177785
179798987078287	0.39838508	0.8105229	-0.39018923	0.17914897
179798998753287	0.39744526	0.81015545	-0.39127696	0.18052109
179799006852818	0.3965257	0.80979943	-0.3923247	0.18186168
179799017597193	0.39561278	0.8094635	-0.39333683	0.1831547
179799026915005	0.39471564	0.8091324	-0.39432523	0.18442379
179799033735214	0.39384252	0.8087989	-0.39531994	0.1856196
179799044182193	0.3930044	0.8084957	-0.39625135	0.18672773
179799059182193	0.39143464	0.8079326	-0.3979388	0.18886153
179799011922453	0.39143464	0.8079326	-0.3979388	0.18886153
179799019422453	0.39070666	0.8076883	-0.39865607	0.18989836
179799026922453	0.38999307	0.8074716	-0.3992958	0.19093993
179799034422453	0.38931477	0.80725527	-0.39992556	0.19191809
179799041922453	0.388696	0.80702287	-0.40055832	0.19282806
179799049422453	0.38814062	0.8067813	-0.4011838	0.19365555
179799056922453	0.38762525	0.8065732	-0.40173644	0.19440694
179799064422453	0.38715225	0.8064102	-0.40219608	0.19507504
179799071922453	0.3867289	0.80625397	-0.402628	0.1956684
179799079422453	0.38634002	0.80610263	-0.4030724	0.19614448
179799086922453	0.38597664	0.80595493	-0.4035129	0.19656113
179799094422453	0.38563153	0.80582553	-0.40394762	0.19687517
179799101922453	0.3852969	0.8057203	-0.40435517	0.19712423
179799109422453	0.3849769	0.8056303	-0.40474212	0.19732298
179799210283026	0.384381	0.8055269	-0.40538228	0.19759293
179799217773026	0.38437986	0.8055016	-0.4054122	0.19763713
179799225273026	0.38410836	0.8055378	-0.4055562	0.19772092
179799232773026	0.38386005	0.80558187	-0.4056774	0.19777556
179799240273026	0.3835944	0.80566514	-0.40572605	0.19785252
179799253784172	0.3833145	0.80578405	-0.4057101	0.19794333
179799255273026	0.38300544	0.8059539	-0.40560785	0.19805932
179799262773026	0.3826828	0.80617017	-0.40541404	0.19819963
179799270273026	0.38239023	0.8063978	-0.4051957	0.19828421
179799277773026	0.3821435	0.80661595	-0.40497556	0.19832292
179799285273026	0.381937	0.80682373	-0.40474272	0.19835062
179799292773026	0.38178614	0.807016	-0.4045124	0.19832915
179799300273026	0.38169187	0.807212	-0.40423846	0.1982708
179799307773026	0.3816546	0.8074359	-0.4039006	0.19811945
179799315273026	0.381629	0.8076688	-0.40352854	0.19797724
179799322773026	0.38165691	0.80790704	-0.40311468	0.19779503
179799330273026	0.38170844	0.8081357	-0.40271464	0.19757582
179799337773026	0.38181406	0.8083711	-0.40228453	0.19728506
179799345273026	0.38191706	0.8086235	-0.4018345	0.19696832
179799352773026	0.382037	0.80889827	-0.40131852	0.19665886
179799360273026	0.38218454	0.8092008	-0.40069354	0.19640237
179799367773026	0.38234156	0.8095136	-0.40003198	0.19615562
179799375273026	0.38252807	0.8097983	-0.39940685	0.19589074
179799382773026	0.38278314	0.81003994	-0.39883885	0.1955508
179799390273026	0.38305885	0.8102696	-0.39829585	0.19516528
179799397773026	0.38334355	0.81049055	-0.3977657	0.19476983
179799405273026	0.38362184	0.810759	-0.3971704	0.19431892
179799412773026	0.3839219	0.81107116	-0.3965243	0.19374226
179799420273026	0.38423565	0.81137383	-0.3959058	0.1931169
179799427773026	0.3845674	0.81167763	-0.39527825	0.19246465
179799435273026	0.38491443	0.8119576	-0.3946632	0.19185127
179799442773026	0.38525546	0.81223196	-0.39403787	0.19128928
179799450273026	0.38558134	0.81256694	-0.39333495	0.1906562
179799457773026	0.3859106	0.8129188	-0.39262146	0.18995884
179799465273026	0.38624746	0.8132527	-0.3919157	0.18930167
179799472773026	0.38659665	0.81358546	-0.39119637	0.1886457
179799480273026	0.38695213	0.81392324	-0.39044255	0.1880206
179799487773026	0.38728526	0.81423634	-0.38973692	0.18744193
179799495273026	0.38762015	0.81451887	-0.38908997	0.18686555
179799502773026	0.38792372	0.81481516	-0.3884366	0.18630248
179799510273026	0.3881488	0.8151405	-0.38781342	0.18570694
179799517773026	0.38834074	0.81546634	-0.3871874	0.18518156
179799525273026	0.38853598	0.8158113	-0.38652265	0.18464059
179799532773026	0.38873017	0.8162035	-0.3857359	0.18414253
179799540273026	0.38888842	0.81661093	-0.3849203	0.18370889
179799547773026	0.38903454	0.81699514	-0.38418296	0.18323322
179799555273026	0.38916415	0.8173889	-0.3834436	0.18275103
179799656827245	0.3892666	0.8177256	-0.3828127	0.18234809
179799664130005	0.38924435	0.81757927	-0.38302842	0.18259902
179799671630005	0.38934276	0.8178978	-0.38244382	0.18218753
179799687060109	0.3894464	0.81825864	-0.38179755	0.18170047
179799696183130	0.3895563	0.81861025	-0.3811377	0.18126544
179799705460526	0.38965955	0.81896764	-0.3804804	0.18080993
179799714776411	0.38977182	0.81928444	-0.37988347	0.18038693
179799724713338	0.38986045	0.8196294	-0.37924165	0.1799785
179799735698651	0.3899324	0.81998444	-0.378586	0.17958592
179799743280057	0.3900175	0.8203005	-0.3780009	0.17918877
179799750237922	0.39009184	0.8205873	-0.37748787	0.17879596
179799762414797	0.3901816	0.820834	-0.37704688	0.1783976
179799769735474	0.39030543	0.821049	-0.37666738	0.17793797
179799754130005	0.3904629	0.8212425	-0.3763079	0.17745954
179799787649432	0.39064834	0.8214246	-0.37593675	0.17699488
179799799945266	0.39086396	0.82160676	-0.37554678	0.17649993
179799808879068	0.39110476	0.8217774	-0.3751633	0.1759878
179799784130005	0.39133888	0.8219335	-0.37480208	0.1755064
179799791630005	0.39154723	0.82206136	-0.37453803	0.17500606
179799799130005	0.3917654	0.82216346	-0.3743411	0.17445935
179799845859953	0.39199355	0.8222354	-0.37419295	0.17392398
179799859822453	0.3922533	0.8223004	-0.3740217	0.17339927
179799867601151	0.3925148	0.82233065	-0.37389755	0.17293073
179799877962609	0.39274955	0.8223688	-0.37377763	0.17247516
179799886702088	0.3929907	0.8224087	-0.37362134	0.17207398
179799896450891	0.39320529	0.822457	-0.37347016	0.17168055
179799906671984	0.39342144	0.8224912	-0.37335905	0.1712622
179799916089328	0.3936231	0.82253027	-0.37324804	0.17085332
179799923467870	0.39381295	0.8225829	-0.37312472	0.17043129
179799931524120	0.39398322	0.82266134	-0.3729413	0.17005987
179799941944328	0.39412132	0.8227496	-0.37275758	0.16971533
179799949756203	0.39423457	0.8228241	-0.37264058	0.16934757
179799961205370	0.394317	0.8228905	-0.37256452	0.16900006
179799971568859	0.39437848	0.82293534	-0.37254518	0.16868088
179799911630005	0.39443251	0.8229834	-0.37254238	0.16832611
179799989991099	0.39445937	0.82304865	-0.37251607	0.1680013
179800000257140	0.39447445	0.8231537	-0.3724051	0.16769804
179800012140109	0.39446494	0.8232817	-0.37225497	0.16742422
179800017248963	0.39440152	0.82343084	-0.3720937	0.1671991
179800030740630	0.39428595	0.82358015	-0.3719967	0.16695125
179800036357349	0.39415255	0.82372516	-0.37194365	0.1666695
179800047524015	0.39397588	0.8238658	-0.3719546	0.1663675
179800059984901	0.39381033	0.823979	-0.37201616	0.16606049
179800067661463	0.39362168	0.82412726	-0.3720163	0.1657714
179800078958547	0.39343196	0.8242874	-0.37198555	0.16549477
179800086322349	0.39324966	0.8244501	-0.37196472	0.16516402
179800095251932	0.3930593	0.8246301	-0.37185693	0.16496095
179800105373443	0.39303663	0.824638	-0.37188008	0.16492322
179800114516984	0.3928031	0.82482684	-0.37179765	0.1647211
179800124478286	0.39256003	0.8249884	-0.37177625	0.1645394
179800130542036	0.39231873	0.82513344	-0.37179175	0.16435249
179800141850370	0.392092	0.8252335	-0.37190902	0.16412562
179800153185474	0.39191565	0.8253093	-0.37202314	0.16390692
179800165390734	0.3917445	0.8254083	-0.3720683	0.1637155
179800172734849	0.3915949	0.82550544	-0.37208816	0.16353805
179800183743651	0.3914596	0.82560897	-0.37207833	0.1633614
179800193103026	0.39131927	0.8257275	-0.37203035	0.1632082
179800199138182	0.3911843	0.8258407	-0.37199357	0.16304229
179800185251932	0.39101356	0.8259507	-0.37200728	0.16286367
179800221132192	0.3907945	0.8260625	-0.37208503	0.16264458
179800231475995	0.39057758	0.8261597	-0.37217736	0.16246049
179800243791932	0.39033666	0.826257	-0.37227705	0.16231672
179800258791932	0.38841477	0.82734853	-0.37180263	0.16245422
179800252751932	0.38841477	0.82734853	-0.37180263	0.16245422
179800302450057	0.38802424	0.8275169	-0.3718193	0.16249156
179800316821932	0.38765386	0.8276421	-0.3719211	0.1625044
179800324285317	0.3872976	0.8277438	-0.37205955	0.1625191
179800336807870	0.38692912	0.82783216	-0.3722279	0.16256197
179800344038807	0.38656837	0.8279087	-0.37240285	0.1626288
179800355451515	0.38620853	0.8279853	-0.3725708	0.16270998
179800362182297	0.38581455	0.8280597	-0.37277228	0.16280405
179800372278026	0.38540855	0.82812536	-0.3730176	0.16286947
179800320251932	0.38500845	0.8281622	-0.37332577	0.1629231
179800389818234	0.38461772	0.82818645	-0.37366694	0.16293985
179800335251932	0.3842117	0.8282345	-0.37396955	0.16295993
179800342751932	0.38380116	0.8282763	-0.37427628	0.16301072
179800350251932	0.38340113	0.8283215	-0.3745393	0.16311814
179800357751932	0.3829881	0.82840836	-0.37471783	0.16323723
179800365251932	0.38258305	0.8284765	-0.37490743	0.1634057
179800372751932	0.38220942	0.82850134	-0.3751696	0.16355225
179800473096672	0.38182992	0.82849175	-0.3755204	0.16368224
179800480326099	0.3818602	0.8285421	-0.3754011	0.16363049
179800484770786	0.38143826	0.8285604	-0.37569252	0.16385269
179800492270786	0.3811758	0.8285911	-0.37582856	0.16399652
179800498306567	0.38070133	0.82864183	-0.37605032	0.16433348
179800505253807	0.38028628	0.82871324	-0.37617934	0.16463912
179800512753807	0.37975118	0.8288081	-0.37633452	0.16504136
179800520253807	0.37909943	0.828916	-0.37654668	0.1655125
179800527753807	0.37839925	0.8290024	-0.37687564	0.16593364
179800535253807	0.37766674	0.82906	-0.37730068	0.16634727
179800542753807	0.37690836	0.8291085	-0.37776962	0.16676138
179800550253807	0.3761802	0.82914263	-0.3782151	0.1672253
179800557753807	0.3754441	0.82917374	-0.37864408	0.16775382
179800565253807	0.3746823	0.8292321	-0.37902167	0.16831489
179800572753807	0.37390682	0.82933706	-0.37931052	0.16887037
179800580253807	0.37310663	0.82944256	-0.37963092	0.16940145
179800587753807	0.37228578	0.8295342	-0.37999886	0.16993302
179800595253807	0.37148955	0.82959116	-0.38043305	0.17042501
179800602753807	0.37073034	0.8296012	-0.38093486	0.1709076
179800610253807	0.37000397	0.8295981	-0.38143328	0.17138518
179800617753807	0.36932573	0.8295725	-0.38192612	0.17187326
179800625253807	0.3686623	0.8295523	-0.38238385	0.17237714
179800632753807	0.3680357	0.8295085	-0.38286144	0.17286576
179800640253807	0.36743152	0.8294424	-0.38336596	0.1733495
179800647753807	0.36682695	0.8293622	-0.3839061	0.17381752
179800655253807	0.366212	0.82929546	-0.38443455	0.17426404
179800662753807	0.365615	0.8292132	-0.38496003	0.1747481
179800670253807	0.36503792	0.8291118	-0.38550335	0.17523779
179800677753807	0.3644733	0.82896304	-0.38612238	0.17575243
179800685253807	0.36391884	0.82879007	-0.38675675	0.17632207
179800692753807	0.36341086	0.82853574	-0.3874937	0.17694539
179800700253807	0.36291507	0.82828474	-0.38826248	0.17745247
179800707753807	0.36235884	0.82806844	-0.388982	0.17802186
179800715253807	0.3617642	0.82786393	-0.38969296	0.17862652
179800722753807	0.36117375	0.8276205	-0.39053765	0.17910461
179800730253807	0.36052817	0.82739127	-0.3913803	0.17962335
179800737753807	0.35979933	0.82720166	-0.39213735	0.180306
179800745253807	0.35902816	0.8269752	-0.3929791	0.18104763
179800752753807	0.35823718	0.8267179	-0.39390397	0.18177824
179800760253807	0.35745463	0.82649606	-0.394774	0.18243906
179800767753807	0.3566807	0.82633597	-0.39553228	0.18303573
179800775253807	0.35591435	0.8262514	-0.39612964	0.18361603
179800782753807	0.35511723	0.82626754	-0.3965183	0.18424748
179800790253807	0.35434365	0.8263177	-0.39681187	0.18487835
179800797753807	0.35356826	0.82635665	-0.3971232	0.18551956
179800805253807	0.35278168	0.8263704	-0.39746702	0.18621765
179800812753807	0.35199392	0.826192	-0.3981484	0.1870426
179800820253807	0.3513181	0.8259737	-0.3988887	0.18769893
179800827753807	0.35073784	0.825661	-0.39979067	0.1882401
179800835253807	0.35024658	0.825283	-0.4007363	0.18880084
179800842753807	0.34985211	0.82490414	-0.4016079	0.18933526
179800943110786	0.349479	0.8245958	-0.4023483	0.18979506
179800950610786	0.34949052	0.8244921	-0.40246832	0.18996942
179800958110786	0.349238	0.8241895	-0.40310597	0.19039476
179800965610786	0.34900898	0.82391405	-0.4036753	0.19080034
179800973110786	0.348799	0.823654	-0.4041597	0.19128059
179800980610786	0.348633	0.82341534	-0.40459123	0.19169807
179800988110786	0.34855965	0.823199	-0.40494892	0.19200528
179800995610786	0.34851748	0.82305926	-0.40514132	0.19227472
179801003110786	0.3485478	0.82294685	-0.40524185	0.19248934
179801010610786	0.34867844	0.82281387	-0.40535766	0.19257683
179801037801880	0.34888214	0.8226706	-0.4054715	0.19258122
179801025610786	0.34916976	0.8225247	-0.4055679	0.19247915
179801033110786	0.34953448	0.82238215	-0.40563065	0.19229454
179801040610786	0.34994242	0.82232124	-0.40550935	0.19206874
179801048110786	0.350376	0.82240206	-0.40506774	0.19186383
179801055610786	0.35079232	0.8226444	-0.40429762	0.19168827
179801063110786	0.3511699	0.82303363	-0.40323707	0.19156028
179801070610786	0.3515454	0.8235302	-0.40194902	0.1914442
179801118197973	0.35191983	0.82410306	-0.40050724	0.19131282
179801085610786	0.35230052	0.82469904	-0.3990185	0.19115478
179801093110786	0.3527486	0.8252286	-0.39765418	0.19088626
179801100610786	0.35323733	0.82569057	-0.39646167	0.19046423
179801108110786	0.3537723	0.82614106	-0.39528796	0.18995665
179801163573182	0.35428742	0.82664025	-0.3939908	0.18951991
179801175667088	0.35479936	0.8271982	-0.39255044	0.18911609
179801183791307	0.3553203	0.8278035	-0.3909891	0.18872334
179801192305109	0.35582295	0.82849157	-0.38926002	0.18833071
179801204382192	0.35628965	0.82924706	-0.38738567	0.18798783
179801153110786	0.3567453	0.82999545	-0.38556752	0.18755834
179801160610786	0.35717484	0.8306101	-0.38417247	0.18688083
179801168110786	0.3577214	0.8310591	-0.38304004	0.18616258
179801175610786	0.35832387	0.8314544	-0.38195235	0.18547249
179801183110786	0.35890067	0.8318992	-0.38075295	0.18482727
179801190610786	0.3594176	0.8324125	-0.37940258	0.18428881
179801198110786	0.3598389	0.83300596	-0.3779824	0.18370187
179801205610786	0.36034676	0.833521	-0.37664014	0.18312594
179801213110786	0.36087486	0.8339961	-0.37537128	0.1825277
179801220610786	0.36140445	0.83445084	-0.37412077	0.18196781
179801228110786	0.36202753	0.8348112	-0.37299	0.18139711
179801235610786	0.3626606	0.8351144	-0.3720193	0.18072891
179801243110786	0.36334747	0.8353506	-0.37114158	0.1800617
179801338288546	0.3640444	0.83556145	-0.37029934	0.17940767
179801343535421	0.36483923	0.8357007	-0.36952907	0.17873156
179801356232088	0.36568323	0.8357696	-0.36887348	0.17803802
179801367871827	0.36663374	0.8357317	-0.3683595	0.17732307
179801375953442	0.36663476	0.83573425	-0.36835435	0.1773198
179801387383286	0.3677501	0.8355688	-0.367949	0.17663041
179801398183494	0.3689357	0.8353276	-0.3676388	0.17594308
179801397871827	0.37015653	0.8350166	-0.36742756	0.17529553
179801417259432	0.37139395	0.8346591	-0.36727476	0.17469992
179801412871827	0.37262717	0.8342874	-0.36711195	0.17419048
179801437505265	0.3738303	0.83393997	-0.36687535	0.17377466
179801445623598	0.3749719	0.8336527	-0.36652386	0.17343473
179801435371827	0.37605762	0.8334064	-0.36611468	0.17313115
179801442871827	0.3771014	0.8331723	-0.3657122	0.17283797
179801450371827	0.3781285	0.83292025	-0.36536616	0.17254072
179801457871827	0.37915772	0.8326667	-0.36503384	0.17220922
179801465371827	0.38016954	0.8324308	-0.3646761	0.1718761
179801472871827	0.38110605	0.8322603	-0.36424962	0.17153195
179801480371827	0.38197201	0.8321742	-0.36370254	0.17118414
179801487871827	0.38270372	0.83221567	-0.36300826	0.17082176
179801495371827	0.38331804	0.83226496	-0.36238697	0.1705232
179801502871827	0.38389426	0.8322736	-0.36193314	0.17014745
179801510371827	0.38440633	0.83226603	-0.36160251	0.16973096
179801517871827	0.38482392	0.83226454	-0.3613578	0.16931283
179801569487036	0.3851681	0.8322654	-0.36112732	0.16901775
179801578047140	0.38542792	0.8322979	-0.36087504	0.16880417
179801589312192	0.38564345	0.8323895	-0.36051828	0.1686221
179801597280734	0.38581395	0.8325204	-0.36008847	0.16850403
179801606223025	0.38597435	0.83267045	-0.35960877	0.16841996
179801618199015	0.3861234	0.8328402	-0.35910934	0.16830498
179801627057036	0.38628665	0.83298635	-0.35864156	0.16820382
179801636301411	0.38643765	0.83314836	-0.35814878	0.16810496
179801644501202	0.3865013	0.83335036	-0.35765532	0.1680078
179801659501202	0.38660508	0.83374137	-0.35670972	0.16783907
179801607871827	0.38660508	0.83374137	-0.35670972	0.16783907
179801615371827	0.3866221	0.8339379	-0.35624778	0.16780512
179801683306463	0.38670498	0.83433235	-0.35525018	0.16776828
179801630371827	0.38670498	0.83433235	-0.35525018	0.16776828
179801637871827	0.38675186	0.8344793	-0.3548941	0.16768296
179801645371827	0.3868156	0.83458877	-0.35464495	0.16751811
179801652871827	0.38689372	0.8347654	-0.35446626	0.16683485
179801660371827	0.38708928	0.8346898	-0.3546722	0.1663206
179801667871827	0.38741836	0.8345728	-0.3547745	0.16592257
179801675371827	0.38769862	0.8345629	-0.35488367	0.16508263
179801767954952	0.38789612	0.83450806	-0.35492858	0.1647987
179801780017869	0.3879931	0.8345294	-0.354897	0.1645307
179801787711150	0.38804215	0.8345739	-0.35483363	0.16432545
179801799793442	0.38798445	0.83466154	-0.3548213	0.16404325
179801807646150	0.38794526	0.83463997	-0.354919	0.16403371
179801817083963	0.38781416	0.8346977	-0.3550758	0.16371076
179801828297400	0.38751316	0.8348516	-0.35521224	0.1633418
179801835989952	0.38725862	0.8349728	-0.35533795	0.16305311
179801840536202	0.38689262	0.83515626	-0.35540205	0.16284187
179801855536202	0.38604876	0.83586645	-0.3549175	0.16225678
179801859793442	0.38604876	0.83586645	-0.3549175	0.16225678
179801867293442	0.38557622	0.83620226	-0.35476887	0.16197468
179801874793442	0.385074	0.83660084	-0.35456488	0.16155829
179801882293442	0.38456756	0.83695936	-0.35441068	0.16124482
179801889793442	0.38401332	0.8374239	-0.35409153	0.16085456
179801897293442	0.3833793	0.8378714	-0.35383123	0.16060947
179801904793442	0.3826896	0.83838934	-0.35344088	0.16041102
179801912293442	0.38203293	0.8389216	-0.35296848	0.16023332
179801919793442	0.38135585	0.8394772	-0.35244188	0.16009544
179801927293442	0.38064954	0.84009176	-0.3518168	0.15992686
179801934793442	0.38000607	0.8406831	-0.35117245	0.15976676
179801942293442	0.3793159	0.84127176	-0.35058483	0.15959807
179801949793442	0.3786924	0.84181607	-0.35008067	0.15931539
179801957293442	0.37809607	0.8423159	-0.34971875	0.15888412
179801964793442	0.37753797	0.8427128	-0.3495486	0.15848061
179801972293442	0.37694448	0.84308136	-0.3494945	0.15805203
179801979793442	0.37642604	0.8434294	-0.34945995	0.15750563
179801987293442	0.37583035	0.8437771	-0.34948564	0.15700872
179801994793442	0.375354	0.84411585	-0.34937897	0.15656368
179802002293442	0.37490073	0.844479	-0.34918907	0.15611422
179802059099588	0.37406877	0.84521806	-0.34864295	0.15532908
179802017293442	0.37406877	0.84521806	-0.34864295	0.15532908
179802024793442	0.3736779	0.84556097	-0.34837618	0.15500209
179802032293442	0.3733529	0.8458428	-0.34819216	0.15466098
179802039793442	0.3730746	0.8460725	-0.3481017	0.1542786
179802047293442	0.37282982	0.8462644	-0.3480936	0.15383552
179802054793442	0.37261975	0.8464187	-0.34814286	0.15338366
179802062293442	0.37245265	0.8465485	-0.34821853	0.15290041
179802069793442	0.37227684	0.84667164	-0.34832162	0.15241154
179802077293442	0.37211314	0.84679663	-0.3484101	0.15191352
179802084793442	0.3717714	0.847073	-0.3485696	0.15083967
179802092293442	0.37173864	0.847183	-0.34860605	0.15021735
179802099793442	0.3716899	0.8472778	-0.34867182	0.14964929
179802107293442	0.37163106	0.8473534	-0.34878263	0.14910881
179802114793442	0.37166065	0.84736747	-0.3489845	0.14848047
179802122293442	0.37171715	0.8473344	-0.34933543	0.14770126
179802217204067	0.3717415	0.8471746	-0.35009634	0.14675193
179802137293442	0.3719187	0.8469061	-0.3509723	0.14575642
179802237113598	0.371949	0.8467739	-0.35161325	0.14490046
179802245568338	0.37180656	0.8467984	-0.3519829	0.14422333
179802253068338	0.37178937	0.8468303	-0.3519594	0.14413764
179802267489848	0.3715557	0.8470553	-0.35184854	0.14368872
179802274495785	0.37123314	0.84738594	-0.35153627	0.14333627
179802281832556	0.37084478	0.8478047	-0.35105044	0.14305587
179802283068338	0.37044886	0.84819424	-0.3506655	0.14271605
179802290568338	0.37008998	0.8484744	-0.35058984	0.14216681
179802298068338	0.3697195	0.8486758	-0.35073888	0.14155973
179802305568338	0.3693633	0.8489048	-0.3508637	0.14080514
179802313068338	0.36887497	0.84919065	-0.35096854	0.14009893
179802343822348	0.36833447	0.8494793	-0.3511361	0.13934895
179802353062400	0.36777928	0.8497846	-0.35129702	0.13854615
179802361634067	0.3671903	0.85010004	-0.35143596	0.13781863
179802374195212	0.36663085	0.8503928	-0.35154772	0.13721566
179802381656410	0.36604613	0.8507006	-0.3516509	0.13660331
179802358068338	0.3654706	0.851	-0.3517734	0.13596219
179802394303181	0.36490166	0.8513409	-0.35176697	0.13537164
179802408407452	0.36432064	0.85173243	-0.35162306	0.13484673
179802414585004	0.36373436	0.8521452	-0.35141927	0.13435228
179802426886567	0.36313763	0.8525784	-0.35115507	0.13390796
179802437588025	0.36239624	0.8531157	-0.35081878	0.13337503
179802449311619	0.3617665	0.8535871	-0.35048795	0.13293783
179802456569796	0.361085	0.85408616	-0.3500951	0.13261916
179802468215994	0.36028025	0.854657	-0.349643	0.13232295
179802477047660	0.3595908	0.8551563	-0.34926972	0.13195771
179802433068338	0.35878778	0.8556803	-0.34903505	0.13136615
179802497306410	0.35801232	0.85625625	-0.3486673	0.1307041
179802505219327	0.35723603	0.8568132	-0.34831357	0.13012014
179802516316775	0.3565143	0.8573609	-0.34794027	0.1294895
179802525046462	0.35579303	0.85787827	-0.347606	0.12894326
179802535198285	0.3551249	0.8583536	-0.34732068	0.12838922
179802544006306	0.35448453	0.858818	-0.34704256	0.12780434
179802559006306	0.3532639	0.85973865	-0.34636718	0.12682274
179802500568338	0.3532639	0.85973865	-0.34636718	0.12682274
179802508068338	0.35203257	0.86061287	-0.34581104	0.12583023
179802585788181	0.35148615	0.8610351	-0.34543124	0.12551215
179802597484535	0.35082805	0.8615141	-0.34498733	0.12528789
179802530568338	0.35019872	0.8620683	-0.34432876	0.12504676
179802538068338	0.34964088	0.86257267	-0.34369498	0.124874
179802545568338	0.34897932	0.86313444	-0.3429936	0.12477088
179802639748754	0.34845683	0.86360586	-0.342396	0.12461008
179802656988442	0.34785056	0.8640776	-0.34191713	0.12434878
179802657211514	0.34783873	0.8641348	-0.34182742	0.12423152
179802667963910	0.34783742	0.86420566	-0.3416818	0.12414232
179802679282973	0.34750783	0.8644618	-0.341511	0.123751394
179802687018233	0.34736574	0.8644007	-0.34195802	0.12334152
179802698004692	0.3472873	0.8643126	-0.3425156	0.12263165
179802707264900	0.34697786	0.8644341	-0.34273735	0.12202907
179802716535108	0.34650072	0.864758	-0.34249982	0.12175696
179802725867244	0.34606323	0.86513865	-0.34200117	0.121699415
179802733259379	0.34546864	0.8656192	-0.34142762	0.12158106
179802742900577	0.34494138	0.8660186	-0.34093544	0.121615134
179802753137348	0.34439006	0.86643344	-0.34042215	0.121660665
179802768137348	0.34320447	0.8675041	-0.3388897	0.12165951
179802754711514	0.34320447	0.8675041	-0.3388897	0.12165951
179802762211514	0.34202054	0.8685732	-0.33741286	0.1214707
179802769711514	0.34148014	0.8690071	-0.3368842	0.1213552
