183373732779839	6.1304116	-4.328616	-6.2404814
183373754259370	6.0825553	-4.395615	-6.2380886
183373761919839	6.04427	-4.3788652	-6.233303
183373775644578	6.0251274	-4.369294	-6.233303
183373834315255	5.864808	-4.2999024	-6.0729837
183373841815255	5.8432727	-4.2975097	-6.0346985
183373850644578	5.845666	-4.2711883	-6.029913
183373865644578	5.8217373	-4.290331	-6.0921264
183373880644578	5.8097734	-4.3118663	-6.1208405
183373895644578	5.869594	-4.398008	-6.113662
183373910644578	5.881558	-4.4674	-6.1208405
183373924065828	5.8911295	-4.5248275	-6.1208405
183373936957495	5.9246287	-4.5248275	-6.1495543
183373947474578	5.9413786	-4.5798626	-6.1734824
183373957320932	6.005985	-4.6205406	-6.161518
183373924315255	6.0634127	-4.658826	-6.1734824
183373977148536	6.0729837	-4.7282176	-6.206982
183373939315255	6.1040907	-4.7210393	-6.2261243
183373997889057	6.094519	-4.699504	-6.209375
183374007771974	6.0514483	-4.6971107	-6.2285175
183373961815255	6.06102	-4.6803613	-6.2787666
183374025481609	6.046663	-4.5942197	-6.2979093
183374037008797	6.06102	-4.4674	-6.314659
183374047842547	6.0753765	-4.328616	-6.326623
183374055472703	6.0921264	-4.254439	-6.314659
183374064571297	6.111269	-4.1754756	-6.2548385
183374068241453	6.096912	-4.132405	-6.192625
183374081779734	6.053841	-4.091727	-6.1806607
183374088525984	6.0083776	-4.074977	-6.192625
183374101120568	6.0227346	-3.9864426	-6.1495543
183374108948328	5.9988065	-3.8572302	-6.1040907
183374117559474	5.9700923	-3.7663028	-6.087341
183374129687078	5.9748783	-3.76391	-6.0346985
183374139688745	5.960521	-3.8213377	-6.0346985
183374152114422	5.9294147	-3.8548372	-6.0753765
183374158988224	5.898308	-3.9242291	-6.0777693
183374169324161	5.8935223	-4.0390844	-6.1184473
183374181577599	5.9318075	-4.180261	-6.1160545
183374187722234	5.9653068	-4.2352962	-6.1328044
183374200383276	5.9246287	-4.287938	-6.128019
183374209042234	5.9294147	-4.3501515	-6.0897336
183374218806088	5.9270215	-4.4075794	-6.0777693
183374229269161	5.8911295	-4.4721856	-6.084948
183374237054161	5.864808	-4.520042	-6.1567326
183374247344943	5.852844	-4.5822554	-6.13759
183374254606349	5.855237	-4.6085763	-6.0921264
183374264939891	5.831309	-4.644469	-6.108876
183374274604838	5.845666	-4.6205406	-6.13759
183374284732703	5.8337016	-4.5655055	-6.161518
183374293820047	5.855237	-4.5152564	-6.161518
183374302314318	5.8337016	-4.5224347	-6.1830535
183374315268380	5.7810597	-4.520042	-6.13759
183374322981193	5.7786665	-4.4913282	-6.128019
183374334116922	5.852844	-4.453043	-6.0777693
183374344071297	5.864808	-4.421936	-6.068198
183374352028693	5.881558	-4.395615	-6.094519
183374364691765	5.8935223	-4.3740797	-6.151947
183374371209682	5.881558	-4.369294	-6.166304
183374383915151	5.905486	-4.4051867	-6.2285175
183374390959578	5.953343	-4.4578285	-6.2261243
183374357883276	5.9676995	-4.5152564	-6.218946
183374365383276	5.9700923	-4.505685	-6.1974106
183374372883276	6.029913	-4.4602213	-6.257231
183374380383276	6.0634127	-4.4004006	-6.2548385
183374387883276	6.096912	-4.3932223	-6.2811594
183374395383276	6.094519	-4.3908296	-6.2644095
183374402883276	6.0777693	-4.4602213	-6.235696
183374410383276	6.0634127	-4.4410787	-6.2548385
183374417883276	6.0658054	-4.398008	-6.2811594
183374425383276	6.0777693	-4.3405805	-6.2955165
183374432883276	6.1208405	-4.2855453	-6.2931237
183374440383276	6.135197	-4.249653	-6.2955165
183374447883276	6.1160545	-4.2592244	-6.302695
183374455383276	6.111269	-4.261617	-6.273981
183374462883276	6.108876	-4.3094735	-6.216553
183374470383276	6.0370917	-4.249653	-6.202196
183374477883276	6.005985	-4.199404	-6.216553
183374485383276	5.986842	-4.1850467	-6.1974106
183374571473380	5.994021	-4.197011	-6.1830535
183374500383276	5.95095	-4.2448673	-6.202196
183374594913328	5.977271	-4.316652	-6.2213387
183374603719682	5.9844494	-4.3262234	-6.2117677
183374612200307	6.0011992	-4.2975097	-6.250053
183374530383276	5.994021	-4.254439	-6.2380886
183374649365047	6.0083776	-4.338187	-6.1854467
183374649537963	5.9748783	-4.345366	-6.204589
183374655674370	5.9820566	-4.316652	-6.1974106
183374666288849	5.9557357	-4.304688	-6.218946
183374678685880	5.9318075	-4.302295	-6.1830535
183374691151974	5.9246287	-4.28076	-6.1998034
183374698507703	5.936593	-4.2161536	-6.204589
183374693303015	5.9318075	-4.249653	-6.1710896
183374700803015	5.9413786	-4.2975097	-6.1328044
183374724071244	5.948557	-4.287938	-6.1591253
183374737639057	5.962914	-4.194618	-6.2285175
183374723303015	5.946164	-4.180261	-6.242874
183374755565515	5.953343	-4.2017965	-6.2141604
183374770565515	5.95095	-4.2448673	-6.1591253
183374753303015	6.003592	-4.2855453	-6.151947
183374760803015	6.0011992	-4.249653	-6.128019
183374768303015	5.994021	-4.197011	-6.135197
183374775803015	5.9676995	-4.168297	-6.178268
183374783303015	6.0083776	-4.197011	-6.1974106
183374790803015	6.0801625	-4.2281175	-6.262017
183374798303015	6.096912	-4.2281175	-6.2309103
183374850568640	6.087341	-4.254439	-6.245267
183374859844630	6.0801625	-4.319045	-6.235696
183374820803015	6.0825553	-4.321438	-6.233303
183374882309526	6.094519	-4.2711883	-6.2811594
183374835803015	6.111269	-4.223332	-6.32423
183374843303015	6.1399827	-4.237689	-6.3481584
183374850803015	6.178268	-4.2592244	-6.326623
183374858303015	6.1734824	-4.2927237	-6.2883377
183374865803015	6.113662	-4.2927237	-6.235696
183374873303015	6.0658054	-4.3405805	-6.259624
183374880803015	6.058627	-4.304688	-6.2644095
183374888303015	6.0634127	-4.237689	-6.216553
183374895803015	6.0418773	-4.2352962	-6.1830535
183374903303015	6.003592	-4.2424746	-6.1902323
183374984481349	5.9748783	-4.26401	-6.2213387
183374992940828	5.986842	-4.2687955	-6.245267
183375006035932	5.994021	-4.2759743	-6.235696
183375013998796	5.953343	-4.2448673	-6.2117677
183375019184005	5.95095	-4.206582	-6.209375
183375033281244	5.9748783	-4.1754756	-6.204589
183375052407859	5.962914	-4.1611185	-6.218946
183375052524890	5.9246287	-4.1587257	-6.283552
183375064433380	5.9174504	-4.197011	-6.233303
183375071748588	5.962914	-4.237689	-6.1902323
183375081045359	5.946164	-4.237689	-6.2261243
183375096045359	5.977271	-4.2281175	-6.262017
183375097524890	5.9988065	-4.2185464	-6.2811594
183375105024890	6.0346985	-4.182654	-6.3074803
183375112524890	6.06102	-4.1778684	-6.290731
183375120024890	6.0370917	-4.1587257	-6.300302
183375127524890	5.9844494	-4.2664027	-6.3481584
183375135024890	5.9916277	-4.316652	-6.290731
183375142524890	5.9844494	-4.3118663	-6.285945
183375173961036	6.013163	-4.254439	-6.245267
183375165024890	6.0394845	-4.194618	-6.2931237
183375172524890	6.0011992	-4.254439	-6.250053
183375180024890	5.9653068	-4.24726	-6.2285175
183375225776973	5.953343	-4.197011	-6.192625
183375233449369	5.910272	-4.199404	-6.192625
183375246183119	5.8863435	-4.1467614	-6.206982
183375252984526	5.910272	-4.1467614	-6.1806607
183375267984526	5.948557	-4.17069	-6.1902323
183375232524890	5.9844494	-4.2185464	-6.235696
183375240024890	6.0418773	-4.249653	-6.2524457
183375298802651	6.0729837	-4.2592244	-6.2668023
183375255024890	6.111269	-4.2664027	-6.2237315
183375318218588	6.101698	-4.2329035	-6.1998034
183375270024890	5.9653068	-4.2592244	-6.142376
183375277524890	5.960521	-4.24726	-6.1710896
183375347459578	5.946164	-4.223332	-6.166304
183375360832182	5.948557	-4.2161536	-6.218946
183375367689213	5.986842	-4.2448673	-6.216553
183375307524890	5.9988065	-4.261617	-6.2261243
183375315024890	5.9820566	-4.2687955	-6.202196
183375393574578	5.95095	-4.3118663	-6.1998034
183375330024890	5.936593	-4.2855453	-6.2141604
183375337524890	5.986842	-4.2448673	-6.2213387
183375345024890	5.962914	-4.2041893	-6.2261243
183375447534109	5.946164	-4.1898327	-6.233303
183375448473588	5.9653068	-4.199404	-6.2141604
183375454270828	5.977271	-4.206582	-6.233303
183375467891192	5.9342003	-4.208975	-6.2261243
183375473260463	5.9653068	-4.220939	-6.2117677
183375486610463	6.003592	-4.2281175	-6.233303
183375494298432	6.02752	-4.213761	-6.2524457
183375491770828	6.0753765	-4.2424746	-6.290731
183375499270828	6.125626	-4.261617	-6.3314085
183375506770828	6.1567326	-4.273581	-6.3338017
183375514270828	6.151947	-4.2520456	-6.34098
183375521770828	6.1304116	-4.26401	-6.3074803
183375529270828	6.0921264	-4.254439	-6.2883377
183375536770828	6.0753765	-4.206582	-6.235696
183375544270828	6.04427	-4.1778684	-6.204589
183375551770828	6.0418773	-4.2017965	-6.2261243
183375559270828	6.02752	-4.2017965	-6.204589
183375597180307	6.020342	-4.2041893	-6.1806607
183375574270828	6.0370917	-4.1922255	-6.192625
183375581770828	6.0490556	-4.199404	-6.209375
183375589270828	6.0490556	-4.1874394	-6.2261243
183375649797025	6.0921264	-4.206582	-6.2811594
183375611770828	6.108876	-4.1850467	-6.283552
183375619270828	6.0897336	-4.197011	-6.3074803
183375626770828	6.1064835	-4.2329035	-6.290731
183375634270828	6.0777693	-4.314259	-6.2715883
183375641770828	5.9916277	-4.2352962	-6.2548385
183375649270828	5.948557	-4.139583	-6.2213387
183375656770828	5.9294147	-4.1778684	-6.2261243
183375664270828	5.9581285	-4.1778684	-6.2691956
183375671770828	5.986842	-4.132405	-6.290731
183375679270828	6.0083776	-4.1443686	-6.290731
183375686770828	6.0346985	-4.2041893	-6.250053
183375694270828	6.020342	-4.2424746	-6.1878395
183375701770828	6.0107703	-4.220939	-6.1830535
183375778152130	6.0418773	-4.1922255	-6.204589
183375716770828	6.1040907	-4.1587257	-6.2380886
183375724270828	6.1208405	-4.125226	-6.2380886
183375731770828	6.111269	-4.1347976	-6.257231
183375739270828	6.094519	-4.1611185	-6.2380886
183375746770828	6.0490556	-4.17069	-6.1974106
183375869059004	6.0107703	-4.173083	-6.1710896
183375870190515	5.9844494	-4.194618	-6.1567326
183375871257963	5.9270215	-4.2352962	-6.1591253
183375872220046	5.9174504	-4.2352962	-6.135197
183375879720046	5.919843	-4.206582	-6.195018
183375887220046	5.9294147	-4.194618	-6.2691956
183375894720046	5.95095	-4.278367	-6.309873
183375902220046	5.962914	-4.3094735	-6.2883377
183375909720046	5.962914	-4.319045	-6.245267
183375917220046	5.9724855	-4.321438	-6.2213387
183375931846817	5.979664	-4.290331	-6.2309103
183375944557650	6.003592	-4.2999024	-6.235696
183375939720046	5.9964137	-4.2711883	-6.206982
183375963647129	5.953343	-4.249653	-6.1734824
183375971289265	5.95095	-4.2424746	-6.128019
183375981500463	5.979664	-4.2017965	-6.166304
183375994128484	6.020342	-4.2017965	-6.2261243
183375977220046	6.046663	-4.1778684	-6.2404814
183375984720046	6.056234	-4.1467614	-6.233303
183375992220046	6.084948	-4.141976	-6.192625
183375999720046	6.0729837	-4.194618	-6.192625
183376007220046	6.058627	-4.2281175	-6.2237315
183376014720046	6.0323057	-4.206582	-6.242874
183376022220046	6.020342	-4.1443686	-6.233303
183376029720046	5.9676995	-4.1084766	-6.2117677
183376037220046	5.9270215	-4.1084766	-6.1806607
183376044720046	5.9270215	-4.17069	-6.1854467
183376052220046	6.0825553	-4.3334017	-6.474978
183376059720046	6.262017	-4.45065	-6.2955165
183376067220046	6.099305	-4.2687955	-6.257231
183376074720046	5.9342003	-4.0869412	-6.2691956
183376082220046	5.9342003	-4.1874394	-6.2691956
183376089720046	5.9748783	-4.319045	-6.2955165
183376097220046	5.986842	-4.369294	-6.355337
183376104720046	6.0323057	-4.2975097	-6.3290157
183376112220046	6.0251274	-4.2975097	-6.309873
183376119720046	5.9844494	-4.388437	-6.2883377
183376233189994	5.9748783	-4.345366	-6.202196
183376233400723	5.9653068	-4.2975097	-6.1854467
183376233475671	5.919843	-4.2568316	-6.1591253
183376238667390	5.912665	-4.3334017	-6.235696
183376242364681	6.0490556	-4.223332	-6.206982
183376249363536	6.099305	-4.1515474	-6.1639113
183376261083640	6.099305	-4.130012	-6.161518
183376270569942	6.087341	-4.1587257	-6.1710896
183376280616504	6.0897336	-4.15394	-6.1304116
183376288758796	6.087341	-4.15394	-6.1304116
183376297173588	6.084948	-4.1922255	-6.1878395
183376305884994	6.070591	-4.173083	-6.2237315
183376320884994	6.046663	-4.2017965	-6.245267
183376327571713	6.06102	-4.2759743	-6.242874
183376318013536	6.087341	-4.249653	-6.2548385
183376325513536	6.070591	-4.287938	-6.2548385
183376333013536	6.0323057	-4.314259	-6.3194447
183376340513536	6.0394845	-4.321438	-6.300302
183376348013536	6.0346985	-4.3501515	-6.2955165
183376355513536	5.9844494	-4.2951164	-6.290731
183376363013536	6.0107703	-4.2999024	-6.3074803
183376370513536	5.9748783	-4.240082	-6.300302
183376378013536	5.977271	-4.223332	-6.2931237
183376385513536	5.9916277	-4.240082	-6.276374
183376393013536	6.0011992	-4.197011	-6.2644095
183376400513536	6.0346985	-4.1467614	-6.2883377
183376408013536	6.1040907	-4.125226	-6.276374
183376415513536	6.0921264	-4.0965123	-6.250053
183376423013536	6.0658054	-4.1036906	-6.2237315
183376430513536	6.06102	-4.168297	-6.2309103
183376438013536	6.068198	-4.220939	-6.235696
183376445513536	6.0370917	-4.2257247	-6.218946
183376453013536	6.0011992	-4.1371903	-6.161518
183376460513536	5.9748783	-4.1467614	-6.1328044
183376468013536	5.9916277	-4.1491547	-6.161518
183376475513536	6.0251274	-4.130012	-6.1974106
183376483013536	6.02752	-4.1467614	-6.233303
183376490513536	6.0323057	-4.1491547	-6.245267
183376498013536	6.056234	-4.173083	-6.2261243
183376505513536	6.058627	-4.156333	-6.2380886
183376513013536	6.046663	-4.1276193	-6.2237315
183376520513536	6.053841	-4.1204405	-6.1854467
183376528013536	6.046663	-4.182654	-6.1447687
183376535513536	6.020342	-4.213761	-6.135197
183376543013536	5.9988065	-4.2161536	-6.1902323
183376550513536	6.04427	-4.1898327	-6.1974106
183376558013536	6.0777693	-4.182654	-6.2237315
183376565513536	6.046663	-4.2687955	-6.250053
183376573013536	6.084948	-4.3525443	-6.2213387
183376580513536	6.1064835	-4.3525443	-6.2261243
183376680798900	6.1184473	-4.338187	-6.2237315
183376688298900	6.087341	-4.2927237	-6.2261243
183376695798900	6.0753765	-4.2664027	-6.2117677
183376703298900	6.06102	-4.237689	-6.245267
183376710798900	6.0753765	-4.24726	-6.235696
183376718298900	6.096912	-4.28076	-6.2309103
183376725798900	6.096912	-4.2448673	-6.2309103
183376733298900	6.087341	-4.2041893	-6.2117677
183376740798900	6.099305	-4.220939	-6.2117677
183376748298900	6.101698	-4.156333	-6.1806607
183376755798900	6.053841	-4.1635113	-6.1471615
183376763298900	6.020342	-4.2257247	-6.1734824
183376770798900	6.005985	-4.15394	-6.1902323
183376778298900	5.979664	-4.132405	-6.257231
183376785798900	6.0394845	-4.197011	-6.202196
183376793298900	6.0753765	-4.1611185	-6.202196
183376800798900	6.101698	-4.132405	-6.1998034
183376808298900	6.108876	-4.1347976	-6.2117677
183376815798900	6.111269	-4.1587257	-6.2117677
183376823298900	6.108876	-4.1611185	-6.195018
183376830798900	6.113662	-4.165904	-6.175875
183376838298900	6.111269	-4.2017965	-6.142376
183376845798900	6.1160545	-4.2017965	-6.1495543
183376853298900	6.1232333	-4.1778684	-6.1495543
183376860798900	6.111269	-4.1587257	-6.15434
183376926262181	6.125626	-4.1635113	-6.1734824
183376875798900	6.1399827	-4.1874394	-6.178268
183376883298900	6.1854467	-4.240082	-6.1399827
183376890798900	6.202196	-4.24726	-6.1232333
183376898298900	6.15434	-4.304688	-6.099305
183376905798900	6.1447687	-4.2687955	-6.0801625
183376913298900	6.1184473	-4.211368	-6.068198
183376920798900	6.096912	-4.1754756	-6.0729837
183376928298900	6.0777693	-4.1611185	-6.0634127
183376935798900	6.0729837	-4.1611185	-6.0394845
183376943298900	6.0801625	-4.15394	-6.017949
183376950798900	6.1184473	-4.211368	-6.056234
183376958298900	6.168697	-4.197011	-6.0801625
183376965798900	6.1830535	-4.304688	-6.087341
183376973298900	6.1639113	-4.359723	-6.101698
183377065014212	6.1854467	-4.2927237	-6.1495543
183376988298900	6.202196	-4.2855453	-6.13759
183376995798900	6.2237315	-4.2999024	-6.166304
183377096815202	6.250053	-4.35733	-6.111269
183377103811087	6.2931237	-4.347759	-6.111269
183377111311087	6.276374	-4.3334017	-6.0634127
183377118811087	6.2787666	-4.3238306	-6.0394845
183377126311087	6.242874	-4.290331	-5.9916277
183377133811087	6.2380886	-4.24726	-5.938986
183377141311087	6.2237315	-4.278367	-5.9318075
183377148811087	6.235696	-4.249653	-5.922236
183377156311087	6.2117677	-4.2041893	-5.8863435
183377163811087	6.1447687	-4.211368	-5.84088
183377171311087	6.1160545	-4.254439	-5.869594
183377178811087	6.166304	-4.2352962	-5.845666
183377186311087	6.1495543	-4.24726	-5.838487
183377193811087	6.1830535	-4.2999024	-5.8743796
183377201311087	6.206982	-4.3070807	-5.9318075
183377208811087	6.233303	-4.362116	-5.910272
183377216311087	6.233303	-4.3501515	-5.9150577
183377223811087	6.250053	-4.319045	-5.8935223
183377231311087	6.2715883	-4.362116	-5.871987
183377238811087	6.3050876	-4.3645086	-5.84088
183377246311087	6.3074803	-4.3262234	-5.838487
183377253811087	6.2955165	-4.321438	-5.828916
183377306317285	6.3194447	-4.2855453	-5.838487
183377268811087	6.350551	-4.2759743	-5.8337016
183377276311087	6.3864436	-4.2257247	-5.8241305
183377283811087	6.4462643	-4.2424746	-5.831309
183377291311087	6.4558353	-4.261617	-5.8217373
183377298811087	6.472585	-4.2352962	-5.804988
183377306311087	6.4701924	-4.1874394	-5.8169518
183377313811087	6.4845495	-4.1347976	-5.800202
183377387465462	6.489335	-4.1635113	-5.812166
183377328811087	6.45105	-4.173083	-5.828916
183377407842441	6.393622	-4.1611185	-5.8337016
183377414903275	6.367301	-4.1587257	-5.831309
183377429903275	6.3625154	-4.1635113	-5.8360944
183377366311087	6.3744793	-4.287938	-5.8624153
183377453248327	6.3744793	-4.3405805	-5.910272
183377458356921	6.3888364	-4.3405805	-5.898308
183377473356921	6.422336	-4.3764725	-5.8432727
183377478474004	6.4606214	-4.3932223	-5.76431
183377492222493	6.4366927	-4.45065	-5.7403817
183377499685983	6.4965134	-4.402794	-5.721239
183377515171139	6.582655	-4.395615	-5.6949177
183377522867546	6.5850477	-4.402794	-5.6997037
183377531403327	6.5611196	-4.421936	-5.651847
183377537671139	6.582655	-4.4434714	-5.6279187
183377545171139	6.6041903	-4.4147577	-5.5896335
183377552671139	6.6448684	-4.3788652	-5.515456
183377560171139	6.623333	-4.2975097	-5.4699926
183377567671139	6.606583	-4.2568316	-5.460421
183377575171139	6.6185474	-4.2687955	-5.4484572
183377582671139	6.6352973	-4.2281175	-5.4341
183377590171139	6.5922265	-4.23051	-5.4436717
183377597671139	6.5515485	-4.24726	-5.4580283
183377605171139	6.5778694	-4.287938	-5.4843497
183377612671139	6.5922265	-4.2687955	-5.5250273
183377620171139	6.6257257	-4.2759743	-5.54417
183377627671139	6.613762	-4.3238306	-5.532206
183377635171139	6.5611196	-4.4195433	-5.556134
183377642671139	6.5443697	-4.4578285	-5.5537415
183377650171139	6.539584	-4.4315076	-5.5465627
183377657671139	6.5084777	-4.3836513	-5.575277
183377665171139	6.5252275	-4.3908296	-5.5872407
183377672671139	6.503692	-4.3645086	-5.5704913
183377680171139	6.5515485	-4.402794	-5.5800624
183377687671139	6.6017976	-4.354937	-5.5920267
183377695171139	6.570691	-4.347759	-5.534599
183377702671139	6.5228343	-4.3334017	-5.4987063
183377710171139	6.541977	-4.3070807	-5.493921
183377717671139	6.558727	-4.28076	-5.493921
183377778024108	6.5659056	-4.2999024	-5.4723854
183377732671139	6.587441	-4.2927237	-5.460421
183377740171139	6.6185474	-4.2592244	-5.4460645
183377747671139	6.623333	-4.23051	-5.4580283
183377755171139	6.6185474	-4.2017965	-5.4819565
183377762671139	6.587441	-4.1635113	-5.491528
183377770171139	6.5084777	-4.1874394	-5.4819565
183377777671139	6.5108705	-4.1898327	-5.4963136
183377785171139	6.4941206	-4.165904	-5.491528
183377792671139	6.4797635	-4.2711883	-5.501099
183377800171139	6.4773707	-4.314259	-5.4795637
183377807671139	6.463014	-4.319045	-5.532206
183377815171139	6.4438715	-4.2975097	-5.5465627
183377822671139	6.4414787	-4.321438	-5.575277
183377830171139	6.4534426	-4.314259	-5.611169
183377933429108	6.474978	-4.290331	-5.65424
183377934716452	6.4773707	-4.314259	-5.6590257
183377943996087	6.4462643	-4.2951164	-5.706882
183377949716452	6.4343	-4.2999024	-5.7403817
183377961778483	6.4295144	-4.3334017	-5.7667027
183377973097702	6.4366927	-4.3262234	-5.761917
183377984188379	6.4534426	-4.3334017	-5.771488
183377990543379	6.465407	-4.3094735	-5.814559
183377987216452	6.4462643	-4.314259	-5.8169518
183377994716452	6.398408	-4.314259	-5.8432727
183378002216452	6.3290157	-4.2257247	-5.869594
183378009716452	6.2811594	-4.249653	-5.9030933
183378017216452	6.3194447	-4.24726	-5.9174504
183378024716452	6.3361945	-4.141976	-5.936593
183378032216452	6.3122663	-4.0773697	-5.9964137
183378039716452	6.2931237	-4.098905	-6.0251274
183378078301035	6.290731	-4.1228333	-6.068198
183378091552649	6.283552	-4.1754756	-6.0753765
183378062216452	6.2883377	-4.1754756	-6.1064835
183378110306504	6.2715883	-4.211368	-6.151947
183378077216452	6.2548385	-4.1611185	-6.1974106
183378084716452	6.2404814	-4.0845485	-6.195018
183378092216452	6.250053	-4.017549	-6.1591253
183378099716452	6.2715883	-4.0414777	-6.1806607
183378154879368	6.2285175	-4.019942	-6.2285175
183378169879368	6.15434	-4.197011	-6.290731
183378129716452	6.1495543	-4.3070807	-6.300302
183378137216452	6.161518	-4.287938	-6.3314085
183378144716452	6.135197	-4.2592244	-6.3792653
183378152216452	6.1399827	-4.2161536	-6.4271216
183378159716452	6.096912	-4.132405	-6.4941206
183378167216452	6.058627	-4.2185464	-6.5491557
183378174716452	6.056234	-4.206582	-6.5946193
183378182216452	6.02752	-4.0366917	-6.62094
183378189716452	6.0083776	-4.1515474	-6.6281185
183378197216452	5.9676995	-4.249653	-6.649654
183378204716452	5.9294147	-4.2424746	-6.7118673
183378212216452	5.881558	-4.15394	-6.7812595
183378219716452	5.8241305	-4.1898327	-6.8650084
183378227216452	5.8504515	-4.113262	-6.8913293
183378234716452	5.8073807	-4.063013	-6.896115
183378339303066	5.2259245	-3.859623	-8.13799
183378339418587	6.2955165	-4.082155	-6.242874
183378347311556	6.0634127	-3.4025939	-7.068398
183378351404629	5.3647084	-3.751946	-6.9942207
183378358904629	5.45085	-3.9361932	-6.6831536
183378370939576	5.8073807	-4.0701914	-6.728617
183378385939576	5.7762737	-3.790231	-6.71426
183378395091608	5.6279187	-3.739982	-6.7645097
183378399772337	5.6781683	-4.0127635	-6.7669024
183378411774993	5.6781683	-4.063013	-6.7094746
183378423709941	5.656633	-4.074977	-6.7238317
183378436089368	5.663811	-4.106084	-6.664011
183378443461139	5.6279187	-4.1228333	-6.6592255
183378426404629	5.6039906	-4.125226	-6.678368
183378464686087	5.5202417	-4.1036906	-6.6687965
183378448904629	5.493921	-4.0438704	-6.6687965
183378456404629	5.4628143	-4.031906	-6.664011
183378463904629	5.4556355	-4.022335	-6.6975107
183378471404629	5.4317074	-3.9960139	-6.754938
183378478904629	5.410172	-3.9649072	-6.8458657
183378486404629	5.3647084	-3.9601214	-6.9296145
183378493904629	5.3240304	-3.9338005	-6.9320073
183378501404629	5.302495	-3.991228	-6.9248285
183378558300149	5.285745	-3.9960139	-6.9798636
183378563283639	5.259424	-3.952943	-7.0325055
183378576000774	5.2259245	-3.8955152	-7.111469
183378588655931	5.235496	-3.8285162	-7.1138616
183378596273431	5.1876397	-3.8787656	-7.1186476
183378609700514	5.1852465	-3.8404803	-7.109076
183378617064108	5.194818	-3.7758741	-7.0636125
183378627481712	5.178068	-3.7854455	-7.099505
183378636218691	5.1661043	-3.735196	-7.1138616
183378648064941	5.139783	-3.6681972	-7.1569324
183378655464316	5.1326046	-3.5772698	-7.1976104
183378667079785	5.13739	-3.5318062	-7.223932
183378674632753	5.1852465	-3.5772698	-7.2119675
183378686260358	5.209175	-3.629912	-7.2095747
183378693046555	5.1852465	-3.6897326	-7.176075
183378704266087	5.103891	-3.845266	-7.216753
183378713091347	5.0799623	-3.8548372	-7.2622166
183378720938118	5.0440702	-3.804588	-7.2646093
183378741990305	5.0440702	-3.7950168	-7.2646093
183378742088951	5.0344987	-3.778267	-7.257431
183378746590670	5.0105705	-3.7998023	-7.281359
183378754090670	4.9770713	-3.7830527	-7.2646093
183378768653274	4.9579287	-3.8285162	-7.243074
183378775754941	4.924429	-3.792624	-7.2382884
183378786967337	4.9028935	-3.7758741	-7.257431
183378799920826	4.8765726	-3.804588	-7.2622166
183378808652285	4.8454657	-3.7974095	-7.298109
183378819118274	4.8191447	-3.7830527	-7.367501
183378806590670	4.8239303	-3.739982	-7.3698936
183378814090670	4.7952166	-3.7040894	-7.4010005
183378821590670	4.8454657	-3.735196	-7.4177504
183378829090670	4.881358	-3.7854455	-7.4416785
183378836590670	4.883751	-3.8380876	-7.4273214
183378873416191	4.881358	-3.8069808	-7.4273214
183378888122389	4.847859	-3.7854455	-7.446464
183378895890253	4.8622155	-3.8237305	-7.479964
183378903695930	4.8861437	-3.7950168	-7.4847493
183378914287597	4.8909297	-3.751946	-7.4847493
183378881590670	4.8789654	-3.7256248	-7.487142
183378933352232	4.8646083	-3.7328033	-7.4847493
183378904090670	4.8382874	-3.7088752	-7.489535
183378911590670	4.7976093	-3.6753755	-7.448857
183378919090670	4.7784667	-3.7136607	-7.463214
183378926590670	4.776074	-3.735196	-7.501499
183378934090670	4.8263235	-3.7471602	-7.513463
183378941590670	4.900501	-3.7615173	-7.5182486
183378949090670	4.912465	-3.8213377	-7.4943204
183378956590670	4.9722853	-3.8572302	-7.479964
183378964090670	4.9770713	-3.8811584	-7.4919276
183378971590670	4.95075	-3.8907297	-7.5062847
183378979090670	4.9698925	-3.9026937	-7.4775705
183378986590670	4.9698925	-3.885944	-7.446464
183379067957857	4.9340005	-3.9242291	-7.420143
183379001590670	4.8933225	-3.900301	-7.3770723
183379009090670	4.900501	-3.8572302	-7.338787
183379093134837	4.9196434	-3.7878382	-7.34118
183379100098951	4.924429	-3.737589	-7.30768
183379031590670	4.8909297	-3.7663028	-7.331609
183379039090670	4.910072	-3.8380876	-7.3363943
183379046590670	4.9196434	-3.9050865	-7.331609
183379054090670	4.922036	-3.8763726	-7.3196445
183379061590670	4.9698925	-3.8069808	-7.3196445
183379163162909	4.9722853	-3.7974095	-7.372287
183379169599316	4.9866424	-3.845266	-7.365108
183379177099316	4.979464	-3.8548372	-7.353144
183379184599316	4.9435716	-3.8668015	-7.3459654
183379192099316	4.9459643	-3.9026937	-7.353144
183379199599316	4.962714	-3.9457645	-7.3459654
183379207099316	4.989035	-3.9170506	-7.365108
183379214599316	5.0129633	-3.8548372	-7.381858
183379222099316	5.0392847	-3.8141594	-7.3292155
183379250728899	5.0105705	-3.7950168	-7.32443
183379258770149	4.9938207	-3.8333018	-7.314859
183379244599316	5.032106	-3.885944	-7.338787
183379286278951	5.029713	-3.9170506	-7.3435726
183379267099316	5.06082	-3.9194436	-7.338787
183379274599316	5.089534	-3.95055	-7.3100734
183379316242649	5.1014977	-3.979264	-7.2646093
183379327156764	5.1062837	-3.9481573	-7.192825
183379336202597	5.096712	-3.8907297	-7.207182
183379304599316	5.1206403	-3.912265	-7.176075
183379354911555	5.1589255	-3.952943	-7.1856465
183379319599316	5.130212	-4.0271206	-7.149754
183379377860253	5.127819	-4.0127635	-7.109076
183379384024211	5.1661043	-4.024728	-7.056434
183379399024211	5.1828537	-4.0534415	-7.0301127
183379357099316	5.156533	-4.0127635	-7.001399
183379364599316	5.139783	-3.9553359	-7.0061846
183379372099316	5.17089	-3.9361932	-7.0061846
183379379599316	5.144569	-3.9744785	-7.02772
183379387099316	5.1469617	-4.007978	-7.003792
183379394599316	5.194818	-4.0127635	-6.9702926
183379402099316	5.237889	-4.031906	-6.977471
183379478488847	5.3096733	-4.091727	-6.977471
183379417099316	5.3742795	-4.1443686	-6.9726853
183379497322857	5.400601	-4.101298	-6.975078
183379509141243	5.3766723	-4.132405	-6.975078
183379520066503	5.4149575	-4.1515474	-6.975078
183379528314211	5.501099	-4.1036906	-6.948757
183379539974524	5.5130634	-4.022335	-6.9415784
183379545803743	5.508278	-4.017549	-6.8817577
183379557706868	5.4987063	-4.065406	-6.867401
183379568701659	5.426922	-4.0438704	-6.8482585
183379484599316	5.4149575	-4.089334	-6.869794
183379589741451	5.4149575	-4.130012	-6.800402
183379595305982	5.424529	-4.197011	-6.802795
183379602805982	5.393422	-4.182654	-6.8075805
183379610305982	5.393422	-4.1778684	-6.7740808
183379617805982	5.4173503	-4.2041893	-6.7118673
183379642293534	5.460421	-4.2520456	-6.6448684
183379632805982	5.4867425	-4.2568316	-6.597012
183379651436816	5.508278	-4.2448673	-6.599405
183379661057701	5.517849	-4.2352962	-6.570691
183379667996503	5.491528	-4.240082	-6.558727
183379662805982	5.5130634	-4.1778684	-6.5491557
183379670305982	5.508278	-4.113262	-6.587441
183379696676451	5.5202417	-4.0677986	-6.6041903
183379708177545	5.5202417	-4.0965123	-6.556334
183379716435357	5.4963136	-4.15394	-6.5347986
183379731435357	5.4963136	-4.206582	-6.489335
183379707805982	5.501099	-4.23051	-6.4701924
183379715305982	5.493921	-4.220939	-6.4414787
183379722805982	5.508278	-4.287938	-6.458228
183379730305982	5.5250273	-4.2999024	-6.4677997
183379737805982	5.541777	-4.2520456	-6.4797635
183379745305982	5.5944195	-4.2329035	-6.474978
183379752805982	5.613562	-4.208975	-6.503692
183379760305982	5.639883	-4.223332	-6.541977
183379767805982	5.682954	-4.302295	-6.5347986
183379775305982	5.6949177	-4.342973	-6.532406
183379782805982	5.7188463	-4.369294	-6.5754766
183379840283482	5.7954164	-4.409972	-6.5778694
183379797805982	5.864808	-4.4051867	-6.5946193
183379859558326	5.938986	-4.331009	-6.613762
183379871631920	6.029913	-4.273581	-6.606583
183379885119003	6.06102	-4.26401	-6.6305118
183379892149784	6.0729837	-4.2951164	-6.6329045
183379903632440	6.0753765	-4.3357944	-6.6687965
183379842805982	6.087341	-4.3932223	-6.678368
183379922546659	6.111269	-4.409972	-6.6687965
183379937546659	6.111269	-4.4147577	-6.5491557
183379872805982	6.1710896	-4.398008	-6.530013
183379880305982	6.2548385	-4.371687	-6.4558353
183379887805982	6.259624	-4.3908296	-6.4127645
183379980605149	6.2380886	-4.3812585	-6.3601227
183379989835982	6.235696	-4.4004006	-6.3361945
183379910305982	6.242874	-4.412365	-6.309873
183379917805982	6.202196	-4.421936	-6.350551
183380018410774	6.2141604	-4.302295	-6.3768725
183380025816138	6.209375	-4.240082	-6.2811594
183380033316138	6.166304	-4.371687	-6.250053
183380040816138	6.056234	-4.465007	-6.1830535
183380048316138	5.989235	-4.4889355	-6.1304116
183380055816138	5.960521	-4.496114	-6.0634127
183380063316138	5.946164	-4.496114	-6.046663
183380070816138	5.912665	-4.4554358	-6.1184473
183380078316138	5.9294147	-4.426722	-6.166304
183380085816138	5.979664	-4.371687	-6.204589
183380093316138	6.0370917	-4.328616	-6.2285175
183380100816138	6.04427	-4.3334017	-6.216553
183380108316138	6.0227346	-4.388437	-6.1399827
183380115816138	5.9676995	-4.4339004	-6.0658054
183380123316138	5.9270215	-4.436293	-6.06102
183380130816138	5.8887367	-4.328616	-6.0801625
183380138316138	5.8863435	-4.2041893	-6.0921264
183380145816138	5.936593	-4.0510488	-6.1328044
183380153316138	5.979664	-3.940979	-6.13759
183380160816138	6.056234	-3.8763726	-6.128019
183380168316138	6.06102	-3.885944	-6.111269
183380175816138	5.9844494	-3.9146578	-6.111269
183380183316138	5.9007006	-3.9338005	-6.1328044
183380190816138	5.8600225	-4.0007997	-6.209375
183380198316138	5.8169518	-4.074977	-6.257231
183380205816138	5.804988	-4.1754756	-6.273981
183380213316138	5.7810597	-3.9984066	-6.364908
183380220816138	5.8193445	-3.818945	-6.4008007
183380228316138	5.845666	-3.8476589	-6.4534426
183380235816138	5.8217373	-3.9026937	-6.491728
183380243316138	5.8193445	-4.031906	-6.530013
183380250816138	5.800202	-4.0869412	-6.5084777
183380258316138	5.7523456	-4.115655	-6.5252275
183380265816138	5.7379885	-4.182654	-6.5635123
183380273316138	5.716453	-4.141976	-6.587441
183380280816138	5.682954	-4.0965123	-6.65444
183380288316138	5.65424	-4.0941195	-6.7381887
183380295816138	5.6446686	-4.065406	-6.8051877
183380303316138	5.6350975	-4.1180477	-6.7932234
183380310816138	5.608776	-4.197011	-6.7908306
183380318316138	5.5537415	-4.237689	-6.759724
183380325816138	5.4963136	-4.223332	-6.71426
183380333316138	5.4484572	-4.168297	-6.6687965
183380340816138	5.369494	-4.0797625	-6.6568327
183380348316138	5.3742795	-4.034299	-6.7094746
183380454532024	5.400601	-3.9338005	-6.778867
183380459060982	5.4723854	-3.7878382	-6.8913293
183380466560982	5.5274205	-3.6203406	-6.9726853
183380474060982	5.548956	-3.629912	-6.984649
183380481560982	5.558527	-3.735196	-6.9583282
183380489060982	5.584848	-3.8620157	-6.936793
183380496560982	5.6685967	-3.8835511	-6.9726853
183380504060982	5.8097734	-3.830909	-7.0875406
183380511560982	5.9964137	-3.749553	-7.245467
183380536995826	6.084948	-3.6849468	-7.365108
183380534060982	6.1998034	-3.8285162	-7.456035
183380541560982	6.2691956	-3.9744785	-7.3986077
183380549060982	6.3481584	-4.101298	-7.4273214
183380556560982	6.410372	-4.1467614	-7.472785
183380594180461	6.556334	-4.031906	-7.487142
183380598746711	6.6592255	-4.0127635	-7.503892
183380612777023	6.7740808	-3.9242291	-7.5254273
183380622153326	6.853044	-3.8524444	-7.537391
183380637153326	6.8075805	-3.8404803	-7.52782
183380616560982	6.6352973	-4.2831526	-7.30768
183380624060982	6.5491557	-4.651647	-7.219146
183380631560982	6.4797635	-4.6707897	-7.200003
183380639060982	6.407979	-4.5248275	-7.183254
183380646560982	6.3696938	-4.3645086	-7.1569324
183380706089159	6.2883377	-4.3501515	-7.1210403
183380669060982	6.1399827	-4.273581	-7.070791
183380676560982	6.1160545	-4.1754756	-7.0061846
183380743329419	6.0801625	-4.206582	-6.8721867
183380691560982	5.9557357	-4.4674	-6.606583
183380699060982	5.8863435	-4.4434714	-6.5371914
183380771738430	5.804988	-4.4075794	-6.541977
183380786738430	5.7188463	-4.331009	-6.5371914
183380729060982	5.6446686	-4.2711883	-6.5108705
183380736560982	5.575277	-4.1108694	-6.4462643
183380744060982	5.5537415	-3.9314077	-6.355337
183380751560982	5.584848	-3.7830527	-6.3122663
183380759060982	5.54417	-3.7447674	-6.300302
183380766560982	5.491528	-3.7328033	-6.1447687
183380774060982	5.383851	-3.9338005	-6.1495543
183380781560982	5.395815	-3.9840498	-6.192625
183380894560930	5.4053864	-3.7136607	-6.06102
183380894655409	5.304888	-3.534199	-6.0083776
183380900091242	5.218746	-3.3499517	-6.0155563
183380914953430	5.278567	-3.17049	-6.020342
183380922013742	5.2642097	-3.182454	-6.005985
183380930294992	5.2331033	-3.2805598	-6.0323057
183380939255305	5.197211	-3.3906298	-6.0514483
183380954255305	5.1828537	-3.586841	-6.0490556
183380952591242	5.211568	-3.5964124	-5.9724855
183380960091242	5.261817	-3.5365918	-5.9916277
183380967591242	5.352744	-3.5030923	-6.013163
183380975091242	5.4149575	-3.495914	-6.0370917
183380982591242	5.4676	-3.5030923	-6.02752
183380990091242	5.54417	-3.4839497	-6.0370917
183380997591242	5.6327047	-3.5102708	-6.0514483
183381005091242	5.682954	-3.6490545	-6.13759
183381012591242	5.733203	-4.0031924	-6.2285175
183381020091242	5.8217373	-4.2951164	-6.259624
183381027591242	5.8863435	-4.2831526	-6.285945
183381035091242	5.960521	-4.0869412	-6.3601227
183381042591242	6.0370917	-3.9481573	-6.4414787
183381050091242	6.1184473	-3.8787656	-6.472585
183381106146398	6.1304116	-3.8668015	-6.4414787
183381113782388	6.1064835	-3.7710886	-6.407979
183381124058117	6.06102	-3.7160535	-6.3290157
183381137086138	6.0514483	-3.7136607	-6.309873
183381087591242	6.046663	-3.65384	-6.2404814
183381151419732	6.0490556	-3.6514473	-6.1854467
183381155550305	6.013163	-3.6323047	-6.2213387
183381168881398	6.0011992	-3.696911	-6.3122663
183381117591242	6.0107703	-3.7830527	-6.3744793
183381125091242	6.0729837	-3.7758741	-6.317052
183381132591242	6.056234	-3.7328033	-6.3194447
183381207806398	6.0921264	-3.6586258	-6.4008007
183381220062492	6.166304	-3.5509489	-6.474978
183381228496867	6.1998034	-3.4504502	-6.5204415
183381238266190	6.2644095	-3.4432719	-6.539584
183381248341346	6.2955165	-3.3690944	-6.506085
183381257976034	6.273981	-3.3643086	-6.4797635
183381185091242	6.2548385	-3.3834512	-6.4701924
183381276826971	6.2644095	-3.5581272	-6.410372
183381288425773	6.314659	-3.7016966	-6.3696938
183381293614679	6.398408	-3.5964124	-6.0921264
183381215091242	6.273981	-3.737589	-6.2237315
183381222591242	6.3744793	-3.5892339	-6.541977
183381321350357	6.515656	-3.5653057	-6.530013
183381331251294	6.4008007	-3.6466618	-6.5228343
183381338751294	6.273981	-3.6131623	-6.530013
183381346251294	6.3122663	-3.644269	-6.448657
183381353751294	6.2644095	-3.6873398	-6.367301
183381361251294	6.235696	-3.6753755	-6.259624
183381368751294	6.1328044	-3.6753755	-6.24766
183381376251294	6.1495543	-3.696911	-6.314659
183381383751294	6.168697	-3.6993039	-6.2261243
183381416835669	6.178268	-3.8093736	-6.235696
183381406251294	6.1854467	-3.7088752	-6.2524457
183381437972388	6.209375	-3.778267	-6.302695
183381448341190	6.1567326	-3.804588	-6.364908
183381458305721	6.1878395	-3.7016966	-6.302695
183381436251294	6.2237315	-3.7854455	-6.3122663
183381443751294	6.259624	-3.723232	-6.245267
183381451251294	6.216553	-3.9170506	-6.2141604
183381458751294	6.245267	-3.9433718	-6.204589
183381466251294	6.2811594	-4.0438704	-6.204589
183381473751294	6.24766	-4.022335	-6.2644095
183381481251294	6.2380886	-3.9290147	-6.2979093
183381488751294	6.257231	-3.8955152	-6.4031935
183381496251294	6.206982	-3.8237305	-6.4845495
183381503751294	6.1878395	-3.739982	-6.506085
183381511251294	6.2117677	-3.67059	-6.4462643
183381518751294	6.204589	-3.7854455	-6.4055862
183381526251294	6.209375	-3.711268	-6.4008007
183381533751294	6.2404814	-3.7854455	-6.3385873
183381541251294	6.1902323	-3.8811584	-6.350551
183381548751294	6.1806607	-3.8763726	-6.391229
183381556251294	6.1328044	-3.7184465	-6.4271216
183381563751294	6.135197	-3.6370904	-6.3960147
183381650955252	6.125626	-3.6131623	-6.3074803
183381586251294	6.113662	-3.6203406	-6.2811594
183381593751294	6.084948	-3.615555	-6.233303
183381601251294	6.0658054	-3.6107693	-6.2141604
183381608751294	6.0634127	-3.5796626	-6.242874
183381701716502	6.056234	-3.6203406	-6.218946
183381707831919	6.0753765	-3.694518	-6.1974106
183381631251294	6.0658054	-3.7854455	-6.175875
183381638751294	6.06102	-3.8620157	-6.1304116
183381646251294	6.0753765	-3.8644085	-6.0777693
183381653751294	6.101698	-3.9314077	-6.2141604
183381661251294	6.1471615	-3.9816568	-6.2380886
183381764424471	6.1495543	-4.048656	-6.1639113
183381771924471	6.142376	-4.048656	-6.1639113
183381779424471	6.13759	-4.065406	-6.1639113
183381786924471	6.113662	-4.23051	-6.2644095
183381794424471	6.1328044	-4.0677986	-6.364908
183381801924471	6.2237315	-4.1276193	-6.3361945
183381809424471	6.273981	-4.1276193	-6.2548385
183381816924471	6.2309103	-4.4817567	-6.178268
183381824424471	6.2309103	-4.493721	-6.15434
183381831924471	6.1854467	-4.56072	-6.1447687
183381862304158	6.135197	-4.613362	-6.1591253
183381846924471	6.1471615	-4.479364	-6.2117677
183381854424471	6.1184473	-4.4243293	-6.1854467
183381861924471	6.0801625	-4.4147577	-6.250053
183381869424471	6.1208405	-4.412365	-6.24766
183381876924471	6.108876	-4.453043	-6.2404814
183381884424471	6.1328044	-4.369294	-6.250053
183381891924471	6.1232333	-4.388437	-6.2404814
183381938419940	6.087341	-4.493721	-6.2404814
183381949832283	6.0346985	-4.5296135	-6.2141604
183381956323950	5.986842	-4.479364	-6.168697
183381969526033	5.9342003	-4.3788652	-6.1328044
183381977846502	5.938986	-4.2831526	-6.0753765
183381936924471	5.8935223	-4.1611185	-6.013163
183381944424471	5.881558	-4.1204405	-5.977271
183381951924471	5.895915	-4.115655	-5.960521
183381959424471	5.845666	-4.17069	-5.948557
183381966924471	5.907879	-4.2520456	-5.953343
183381974424471	5.989235	-4.3525443	-5.8073807
183381981924471	5.9724855	-4.4410787	-5.558527
183381989424471	5.9246287	-4.3740797	-5.716453
183381996924471	6.013163	-4.35733	-6.0825553
183382071774575	6.0394845	-4.3357944	-6.3720865
183382077365356	5.979664	-4.4171505	-6.541977
183382091528846	5.994021	-4.369294	-6.6185474
183382026924471	6.005985	-4.3525443	-6.6352973
183382034424471	5.946164	-4.342973	-6.5515485
183382041924471	5.962914	-4.362116	-6.3888364
183382049424471	5.9413786	-4.2975097	-6.2931237
183382056924471	5.938986	-4.17069	-6.1160545
183382064424471	5.8935223	-4.1467614	-6.056234
183382071924471	5.9030933	-4.2352962	-5.9174504
183382079424471	5.919843	-4.1922255	-5.9150577
183382086924471	5.9342003	-4.1491547	-5.9030933
183382186929002	5.898308	-4.1228333	-5.977271
183382194429002	5.938986	-4.1898327	-5.9820566
183382201929002	5.881558	-4.1371903	-6.168697
183382209429002	5.8767724	-4.199404	-6.168697
183382216929002	5.8600225	-4.2281175	-6.273981
183382224429002	5.8600225	-4.173083	-6.2811594
183382231929002	5.8337016	-4.254439	-6.3720865
183382239429002	5.8217373	-4.4482574	-6.3074803
183382246929002	5.802595	-4.658826	-6.3361945
183382254429002	5.814559	-4.56072	-6.250053
183382261929002	5.7858453	-4.1754756	-6.285945
183382269429002	5.8169518	-4.0151563	-6.302695
183382276929002	5.8265233	-4.182654	-6.32423
183382284429002	5.8097734	-4.206582	-6.257231
183382291929002	5.7140603	-4.302295	-6.3194447
183382332561033	5.790631	-4.302295	-6.2548385
183382341970825	5.76431	-4.3836513	-6.235696
183382353506919	5.73081	-4.4004006	-6.2237315
183382359777231	5.7451673	-4.4075794	-6.314659
183382373908898	5.7451673	-4.469793	-6.3290157
183382380652023	5.7834525	-4.508078	-6.4055862
183382393715304	5.7379885	-4.4889355	-6.398408
183382401553898	5.7140603	-4.4889355	-6.4175506
183382408084471	5.771488	-4.3932223	-6.384051
183382419389835	5.7690954	-4.316652	-6.343373
183382430547544	5.7834525	-4.314259	-6.2955165
183382381929002	5.7834525	-4.35733	-6.245267
183382448620981	5.76431	-4.369294	-6.204589
183382456942075	5.771488	-4.3788652	-6.206982
183382466444210	5.7667027	-4.35733	-6.2141604
183382471822700	5.76431	-4.3525443	-6.2213387
183382484429054	5.7690954	-4.2927237	-6.2380886
183382426929002	5.773881	-4.1850467	-6.195018
183382434429002	5.7810597	-4.091727	-6.235696
183382441929002	5.7930236	-4.0845485	-6.3074803
