183373732779839	-0.62531847	-0.6554522	-0.058709763	0.41941926
183373754259370	-0.62531847	-0.6554522	-0.058709763	0.41941926
183373761919839	-0.62531847	-0.6554522	-0.058709763	0.41941926
183373775644578	-0.62531847	-0.6554522	-0.058709763	0.41941926
183373834315255	-0.62531847	-0.6554522	-0.058709763	0.41941926
183373841815255	-0.62531847	-0.6554522	-0.058709763	0.41941926
183373850644578	-0.62531847	-0.6554522	-0.058709763	0.41941926
183373865644578	-0.62562644	-0.6551098	-0.05849211	0.41952533
183373880644578	-0.66963	-0.5969086	0.0067910026	0.44187078
183373895644578	-0.7041413	-0.5445446	0.057300482	0.45207614
183373910644578	-0.71555334	-0.52895164	0.06750407	0.45126146
183373924065828	-0.7174631	-0.5279334	0.065211125	0.44975612
183373936957495	-0.7146143	-0.5324944	0.060465723	0.44957757
183373947474578	-0.713687	-0.533828	0.059107754	0.44964963
183373957320932	-0.71571565	-0.53118175	0.06055424	0.44936657
183373924315255	-0.7158882	-0.5309569	0.06040689	0.44937718
183373977148536	-0.71451527	-0.5327356	0.059033804	0.4496397
183373939315255	-0.7146206	-0.5325995	0.058849856	0.4496574
183373997889057	-0.71536756	-0.531626	0.05915805	0.44958135
183374007771974	-0.7150662	-0.53205913	0.058542464	0.4496291
183373961815255	-0.7145668	-0.5327332	0.057832997	0.4497166
183374025481609	-0.7147703	-0.53251	0.05766955	0.44967845
183374037008797	-0.7149657	-0.53236043	0.05732173	0.44958958
183374047842547	-0.71478784	-0.5327523	0.056605358	0.449499
183374055472703	-0.7147871	-0.5329397	0.055991393	0.44935483
183374064571297	-0.715071	-0.5327615	0.055608522	0.44916195
183374068241453	-0.71523434	-0.5326983	0.055184357	0.44902915
183374081779734	-0.7151992	-0.5328572	0.05466619	0.44896004
183374088525984	-0.71522987	-0.5328777	0.054292362	0.44893193
183374101120568	-0.71533316	-0.53277826	0.054036263	0.44891644
183374108948328	-0.7153638	-0.532777	0.053743865	0.44890416
183374117559474	-0.7153617	-0.53283715	0.053398788	0.44887736
183374129687078	-0.71543705	-0.53282404	0.053051345	0.44881403
183374139688745	-0.7154869	-0.5328371	0.052680884	0.44876266
183374152114422	-0.7154024	-0.53297514	0.052269697	0.44878143
183374158988224	-0.7152346	-0.5331806	0.051869612	0.44885138
183374169324161	-0.71505255	-0.5334181	0.051460244	0.44890636
183374181577599	-0.714818	-0.53374887	0.051007986	0.4489383
183374187722234	-0.71456236	-0.5341178	0.050496884	0.44896436
183374200383276	-0.71436876	-0.5344545	0.049962554	0.4489315
183374209042234	-0.7142838	-0.5346951	0.049467858	0.44883505
183374218806088	-0.7141629	-0.5350404	0.04879371	0.44868973
183374229269161	-0.71403867	-0.5353979	0.048116222	0.44853392
183374237054161	-0.7139068	-0.53577214	0.047419623	0.448371
183374247344943	-0.7137736	-0.5361301	0.04673938	0.4482267
183374254606349	-0.71364117	-0.53647083	0.046081133	0.44809827
183374264939891	-0.7134925	-0.53682745	0.045395933	0.44797778
183374274604838	-0.71336895	-0.5371728	0.044670425	0.44783342
183374284732703	-0.71328294	-0.5374975	0.04392613	0.44765434
183374293820047	-0.7132431	-0.53781086	0.0431169	0.44742
183374302314318	-0.71323484	-0.5381245	0.042206336	0.44714278
183374315268380	-0.713266	-0.53835124	0.04137119	0.44689828
183374322981193	-0.71329886	-0.5385565	0.040570814	0.44667172
183374334116922	-0.7132756	-0.53880286	0.03972472	0.44648793
183374344071297	-0.7132414	-0.5390485	0.038896427	0.44631892
183374352028693	-0.7131727	-0.53932	0.038060658	0.44617268
183374364691765	-0.713056	-0.53965646	0.037149657	0.44602925
183374371209682	-0.71292806	-0.540046	0.03622254	0.44583842
183374383915151	-0.71281844	-0.54049027	0.03516074	0.4455604
183374390959578	-0.71269226	-0.5410152	0.03396591	0.4452176
183374357883276	-0.7125309	-0.5415942	0.032728396	0.4448643
183374365383276	-0.71235085	-0.5421555	0.031623006	0.44454893
183374372883276	-0.71211386	-0.5428667	0.030293515	0.44415304
183374380383276	-0.7119239	-0.5435638	0.028948091	0.4436945
183374387883276	-0.7116984	-0.54440075	0.02730676	0.44313395
183374395383276	-0.7115067	-0.5451496	0.02582254	0.44260982
183374402883276	-0.7112936	-0.54586387	0.024408529	0.4421521
183374410383276	-0.71107846	-0.5465592	0.023095023	0.44170937
183374417883276	-0.71082443	-0.5472982	0.02179438	0.4412691
183374425383276	-0.7106327	-0.54796696	0.020523941	0.4408086
183374432883276	-0.71051	-0.5485807	0.01918957	0.44030276
183374440383276	-0.7104427	-0.5491574	0.017796542	0.4397507
183374447883276	-0.7103996	-0.5497079	0.016368465	0.4391876
183374455383276	-0.7103574	-0.55018467	0.015063558	0.4387052
183374462883276	-0.71029645	-0.55060714	0.013868713	0.43831295
183374470383276	-0.71023166	-0.5509555	0.01294183	0.43800855
183374477883276	-0.71013534	-0.5513143	0.012055091	0.43773866
183374485383276	-0.7100483	-0.55163795	0.011192603	0.4374948
183374571473380	-0.7099347	-0.55198693	0.010295018	0.43726113
183374500383276	-0.7098111	-0.55232465	0.009416962	0.4370549
183374594913328	-0.709668	-0.55269575	0.008438373	0.43683824
183374603719682	-0.70948684	-0.5530975	0.0074734497	0.4366415
183374612200307	-0.70929384	-0.5535313	0.0064796153	0.4364213
183374530383276	-0.7091259	-0.55392534	0.0055910503	0.4362063
183374649365047	-0.7085782	-0.55508465	0.003042477	0.4356475
183374649537963	-0.7085782	-0.55508465	0.003042477	0.4356475
183374655674370	-0.7084095	-0.5554389	0.0022504418	0.4354751
183374666288849	-0.7082101	-0.5558086	0.0015007155	0.43533108
183374678685880	-0.7079976	-0.55614525	8.8739756E-4	0.4352484
183374691151974	-0.70779085	-0.55646324	3.6331295E-4	0.43517902
183374698507703	-0.70759434	-0.556788	-1.3589866E-4	0.4350832
183374693303015	-0.70739335	-0.55714536	-6.511592E-4	0.4349522
183374700803015	-0.7072259	-0.55745476	-0.0011680452	0.43482703
183374724071244	-0.7070455	-0.5577464	-0.0016956793	0.43474457
183374737639057	-0.70684886	-0.5580796	-0.002280105	0.43463418
183374723303015	-0.70671374	-0.5583863	-0.0029186117	0.43445584
183374755565515	-0.706611	-0.5586754	-0.0036172317	0.4342462
183374770565515	-0.7063672	-0.55917263	-0.0049514985	0.43398967
183374753303015	-0.7063672	-0.55917263	-0.0049514985	0.43398967
183374760803015	-0.7062066	-0.55940485	-0.0055678855	0.43394428
183374768303015	-0.70605725	-0.5596352	-0.006185031	0.43388197
183374775803015	-0.7059229	-0.5598701	-0.0068208086	0.4337879
183374783303015	-0.70576096	-0.56015825	-0.007587793	0.4336665
183374790803015	-0.70543015	-0.56083935	-0.009533679	0.43328586
183374798303015	-0.70527434	-0.56117404	-0.010564651	0.43308228
183374850568640	-0.7050968	-0.56154597	-0.011641488	0.43286157
183374859844630	-0.7048994	-0.5619267	-0.012699126	0.43265912
183374820803015	-0.7046578	-0.56231445	-0.013689276	0.43251887
183374882309526	-0.7043234	-0.56280833	-0.014720949	0.43238714
183374835803015	-0.7039824	-0.56336063	-0.015842458	0.43218368
183374843303015	-0.7036104	-0.5640263	-0.017271146	0.43186605
183374850803015	-0.7031842	-0.56477594	-0.018886784	0.43151295
183374858303015	-0.70276964	-0.56548226	-0.02040207	0.43119428
183374865803015	-0.7024928	-0.5659495	-0.021375777	0.43098512
183374873303015	-0.7022304	-0.56640804	-0.022309773	0.43076292
183374880803015	-0.7019472	-0.56688344	-0.023179963	0.4305531
183374888303015	-0.7017097	-0.56729597	-0.02392367	0.43035635
183374895803015	-0.70153683	-0.5676419	-0.024605706	0.4301434
183374903303015	-0.7013585	-0.56799984	-0.025259309	0.42992383
183374984481349	-0.7011728	-0.5683576	-0.025874201	0.42971718
183374992940828	-0.7009679	-0.56872517	-0.026490496	0.42952782
183375006035932	-0.7007664	-0.5690765	-0.027125621	0.42935154
183375013998796	-0.7005955	-0.5693889	-0.027679056	0.42918068
183375019184005	-0.7004532	-0.56967604	-0.028241659	0.42899543
183375033281244	-0.70035607	-0.5699521	-0.028888725	0.42874408
183375052407859	-0.70018244	-0.5704616	-0.030181902	0.42826074
183375052524890	-0.70018244	-0.5704616	-0.030181902	0.42826074
183375064433380	-0.7000649	-0.5707076	-0.030731913	0.42808592
183375071748588	-0.7000147	-0.5709261	-0.03145384	0.4278242
183375081045359	-0.6999506	-0.5711499	-0.03210475	0.42758188
183375096045359	-0.6997201	-0.5717007	-0.03359242	0.42710876
183375097524890	-0.6997201	-0.5717007	-0.03359242	0.42710876
183375105024890	-0.69956785	-0.5720475	-0.034466684	0.42682377
183375112524890	-0.69942623	-0.5723843	-0.035371054	0.42653036
183375120024890	-0.69932795	-0.5726986	-0.036274336	0.42619368
183375127524890	-0.6991961	-0.57306755	-0.03720025	0.42583388
183375135024890	-0.69901186	-0.5734164	-0.037981585	0.42559773
183375142524890	-0.6988115	-0.5737431	-0.038639132	0.42542738
183375173961036	-0.6982257	-0.57479227	-0.040743403	0.42477608
183375165024890	-0.6982257	-0.57479227	-0.040743403	0.42477608
183375172524890	-0.698028	-0.57535046	-0.042114545	0.4242112
183375180024890	-0.697954	-0.57557696	-0.042731576	0.4239641
183375225776973	-0.697873	-0.5757858	-0.043258082	0.42376027
183375233449369	-0.69777644	-0.57599777	-0.04370465	0.42358533
183375246183119	-0.6976549	-0.57622916	-0.044105962	0.42342922
183375252984526	-0.6974838	-0.57649416	-0.044511996	0.42330804
183375267984526	-0.69713783	-0.5770257	-0.045581207	0.4230399
183375232524890	-0.69713783	-0.5770257	-0.045581207	0.4230399
183375240024890	-0.69695824	-0.5773154	-0.046289567	0.4228634
183375298802651	-0.6965798	-0.57789177	-0.047909427	0.42251915
183375255024890	-0.6965798	-0.57789177	-0.047909427	0.42251915
183375318218588	-0.6963771	-0.57823396	-0.049186833	0.4222382
183375270024890	-0.6963068	-0.5783751	-0.04970092	0.42210057
183375277524890	-0.6962295	-0.5785153	-0.050184954	0.42197874
183375347459578	-0.6961551	-0.57864094	-0.050648384	0.42187393
183375360832182	-0.6960726	-0.5788045	-0.05118167	0.4217213
183375367689213	-0.69599086	-0.578961	-0.051766727	0.42157
183375307524890	-0.69590026	-0.57911295	-0.05234439	0.42143938
183375315024890	-0.6958173	-0.5792397	-0.052854087	0.42133862
183375393574578	-0.69572455	-0.5793633	-0.05330798	0.42126468
183375330024890	-0.6956188	-0.5795032	-0.05374094	0.4211919
183375337524890	-0.6955171	-0.57965237	-0.054210093	0.42109445
183375345024890	-0.6954579	-0.579789	-0.054673348	0.4209443
183375447534109	-0.6954316	-0.57991654	-0.0551608	0.4207482
183375448473588	-0.69532657	-0.5800906	-0.055576283	0.42062724
183375454270828	-0.69522214	-0.5802688	-0.056021124	0.42049503
183375467891192	-0.69512546	-0.5804311	-0.05645063	0.42037335
183375473260463	-0.6949869	-0.5806188	-0.056891266	0.42028388
183375486610463	-0.69481647	-0.58082813	-0.057363406	0.42021203
183375494298432	-0.6946199	-0.5810715	-0.057845905	0.42013463
183375491770828	-0.69442403	-0.58131975	-0.05841054	0.42003685
183375499270828	-0.69419134	-0.5816497	-0.05921636	0.41985166
183375506770828	-0.6939137	-0.5820347	-0.060215496	0.41963506
183375514270828	-0.6936851	-0.582364	-0.061155684	0.41942003
183375521770828	-0.6935019	-0.5826146	-0.06186933	0.41927043
183375529270828	-0.6933724	-0.58279425	-0.062403552	0.4191556
183375536770828	-0.6932479	-0.58294475	-0.06282208	0.41908988
183375544270828	-0.693105	-0.5830977	-0.06318018	0.41905946
183375551770828	-0.69297254	-0.58326334	-0.06355859	0.41899082
183375559270828	-0.6928646	-0.58341014	-0.06392756	0.41890877
183375597180307	-0.6927551	-0.5835506	-0.06426186	0.41884312
183375574270828	-0.6926305	-0.5837026	-0.064625844	0.4187812
183375581770828	-0.6924839	-0.58387	-0.06503752	0.41872674
183375589270828	-0.69234073	-0.58402765	-0.065441795	0.41868067
183375649797025	-0.69207966	-0.58436626	-0.06652703	0.4184686
183375611770828	-0.69207966	-0.58436626	-0.06652703	0.4184686
183375619270828	-0.69200516	-0.5844977	-0.06710692	0.4183157
183375626770828	-0.691936	-0.5846218	-0.06768918	0.4181627
183375634270828	-0.6918661	-0.5847208	-0.06818864	0.41805893
183375641770828	-0.6916825	-0.58495533	-0.06890984	0.4179164
183375649270828	-0.6916305	-0.58505744	-0.06916642	0.41781718
183375656770828	-0.69158405	-0.58517087	-0.06942345	0.41769263
183375664270828	-0.69153094	-0.5852933	-0.069686696	0.4175651
183375671770828	-0.69146353	-0.58542866	-0.06997548	0.41743842
183375679270828	-0.6913833	-0.58558327	-0.07030847	0.41729867
183375686770828	-0.69127727	-0.5857349	-0.0706607	0.41720203
183375694270828	-0.69118005	-0.585844	-0.070979066	0.41715577
183375701770828	-0.69107115	-0.58595294	-0.07125434	0.41713637
183375778152130	-0.6909411	-0.5860834	-0.07157499	0.41711348
183375716770828	-0.69077796	-0.5862416	-0.0719862	0.41709054
183375724270828	-0.69065875	-0.5863718	-0.072444	0.41702572
183375731770828	-0.6905917	-0.5864757	-0.07293167	0.41690597
183375739270828	-0.6905427	-0.58655095	-0.07338986	0.41680053
183375746770828	-0.69051826	-0.5865949	-0.073759146	0.41671407
183375869059004	-0.6905041	-0.58663785	-0.074071966	0.41662166
183375870190515	-0.6904372	-0.58673	-0.074309304	0.41656038
183375871257963	-0.69038785	-0.586808	-0.07451632	0.41649544
183375872220046	-0.69033444	-0.58688295	-0.07471134	0.41644323
183375879720046	-0.69027877	-0.58697593	-0.07491702	0.41636756
183375887220046	-0.6901924	-0.587114	-0.07518175	0.4162684
183375894720046	-0.6901058	-0.5872565	-0.075506955	0.4161521
183375902220046	-0.690024	-0.5873684	-0.07579125	0.4160781
183375909720046	-0.6899394	-0.5874622	-0.0760582	0.4160374
183375917220046	-0.6898611	-0.58754534	-0.07630742	0.41600388
183375931846817	-0.68979836	-0.5876328	-0.07656545	0.41593713
183375944557650	-0.68972945	-0.5877289	-0.07682016	0.41586858
183375939720046	-0.6896729	-0.5878123	-0.07705905	0.41580033
183375963647129	-0.6896407	-0.5878658	-0.07726685	0.4157395
183375971289265	-0.68960994	-0.5878929	-0.07742438	0.41572297
183375981500463	-0.6895331	-0.5879609	-0.077572145	0.41572675
183375994128484	-0.6894551	-0.5880341	-0.077778764	0.415714
183375977220046	-0.6893654	-0.5881131	-0.07806719	0.41569683
183375984720046	-0.68926126	-0.58819956	-0.078387246	0.4156869
183375992220046	-0.68916935	-0.58826655	-0.0787234	0.41568103
183375999720046	-0.6891113	-0.5883047	-0.079040654	0.41566318
183376007220046	-0.68904954	-0.5883581	-0.079340614	0.4156327
183376014720046	-0.6889706	-0.58843905	-0.0796129	0.41559702
183376022220046	-0.6888967	-0.5885306	-0.07986844	0.41554075
183376029720046	-0.68886375	-0.58860725	-0.08009306	0.41544357
183376037220046	-0.68885106	-0.5886687	-0.08027685	0.41534215
183376044720046	-0.68883675	-0.58871764	-0.08044103	0.41526484
183376052220046	-0.68883365	-0.58885384	-0.08063069	0.41504
183376059720046	-0.6886316	-0.5889698	-0.08077911	0.41518176
183376067220046	-0.6884243	-0.589155	-0.080994904	0.41522068
183376074720046	-0.6883056	-0.58932376	-0.08117555	0.4151427
183376082220046	-0.68826234	-0.58944154	-0.081396095	0.41500413
183376089720046	-0.6882165	-0.5895365	-0.08164224	0.41489673
183376097220046	-0.68813944	-0.5896494	-0.08185513	0.41482213
183376104720046	-0.6880483	-0.5897703	-0.08211927	0.4147493
183376112220046	-0.6880242	-0.58985174	-0.08241587	0.41461474
183376119720046	-0.688046	-0.5898813	-0.08266729	0.41448635
183376233189994	-0.6879651	-0.59002495	-0.08324034	0.41430137
183376233400723	-0.6879651	-0.59002495	-0.08324034	0.41430137
183376233475671	-0.6879651	-0.59002495	-0.08324034	0.41430137
183376238667390	-0.68794125	-0.5900767	-0.08334474	0.41424632
183376242364681	-0.6878364	-0.59019756	-0.08345713	0.41422567
183376249363536	-0.6877317	-0.5903056	-0.08366167	0.41420445
183376261083640	-0.68760026	-0.5904487	-0.0838508	0.41418043
183376270569942	-0.68745327	-0.59058434	-0.08402013	0.41419655
183376280616504	-0.6872886	-0.5907208	-0.08418597	0.4142416
183376288758796	-0.6871052	-0.5908698	-0.08435608	0.41429877
183376297173588	-0.6869448	-0.59101295	-0.084547244	0.4143216
183376305884994	-0.6868098	-0.59115404	-0.0847475	0.4143033
183376320884994	-0.68669474	-0.5912829	-0.08492876	0.41427284
183376327571713	-0.6866014	-0.5913737	-0.085130684	0.41425663
183376318013536	-0.686526	-0.5914383	-0.085371	0.41423973
183376325513536	-0.6864585	-0.5914938	-0.08560794	0.4142234
183376333013536	-0.6864161	-0.5915635	-0.08583305	0.41414773
183376340513536	-0.68638736	-0.5916072	-0.08607118	0.41408357
183376348013536	-0.6863669	-0.59163225	-0.08627518	0.41403908
183376355513536	-0.68636924	-0.59165585	-0.08646187	0.41396254
183376363013536	-0.6863983	-0.5916746	-0.086658	0.41384652
183376370513536	-0.6864704	-0.59168124	-0.0868594	0.41367537
183376378013536	-0.68653864	-0.59167606	-0.08705082	0.4135291
183376385513536	-0.68659025	-0.59167445	-0.087264985	0.4134007
183376393013536	-0.6865977	-0.5917104	-0.087459065	0.41329578
183376400513536	-0.6866013	-0.591749	-0.08768421	0.4131867
183376408013536	-0.6865795	-0.59179646	-0.087985076	0.4130909
183376415513536	-0.6865741	-0.5918327	-0.08832099	0.41297644
183376423013536	-0.68659717	-0.59184915	-0.08866574	0.4128407
183376430513536	-0.686641	-0.59184706	-0.08899994	0.41269872
183376438013536	-0.6866508	-0.5918667	-0.0892701	0.412596
183376445513536	-0.6866156	-0.5919133	-0.08944602	0.41254967
183376453013536	-0.6865573	-0.59199005	-0.08957974	0.4125076
183376460513536	-0.6865188	-0.5920527	-0.0896827	0.41245937
183376468013536	-0.68645877	-0.5921353	-0.08978775	0.41241777
183376475513536	-0.68637264	-0.59223217	-0.08992	0.4123931
183376483013536	-0.68632495	-0.5923056	-0.09004935	0.41233885
183376490513536	-0.6862547	-0.59241056	-0.09018699	0.41227484
183376498013536	-0.68615896	-0.5925372	-0.090330735	0.41222072
183376505513536	-0.68608296	-0.59265685	-0.09048975	0.41214046
183376513013536	-0.6860411	-0.59274215	-0.09066472	0.41204894
183376520513536	-0.6860035	-0.59281343	-0.09087973	0.41196167
183376528013536	-0.6859637	-0.59286094	-0.09107971	0.4119154
183376535513536	-0.68591857	-0.5928895	-0.091245264	0.41191265
183376543013536	-0.68588644	-0.5929107	-0.09139208	0.41190305
183376550513536	-0.6858231	-0.5929575	-0.091555364	0.41190502
183376558013536	-0.68576103	-0.59301174	-0.09178313	0.41187954
183376565513536	-0.6857247	-0.5930607	-0.0919464	0.41183326
183376573013536	-0.6856829	-0.59308517	-0.09208905	0.4118356
183376580513536	-0.68562967	-0.5931148	-0.09223495	0.41184905
183376680798900	-0.6855825	-0.5931396	-0.09237556	0.41186035
183376688298900	-0.6855446	-0.5931702	-0.092485026	0.41185454
183376695798900	-0.6854663	-0.59323484	-0.09259128	0.41186792
183376703298900	-0.68537873	-0.59332424	-0.09268933	0.411863
183376710798900	-0.6852952	-0.593399	-0.09278867	0.41187182
183376718298900	-0.6852188	-0.59344393	-0.092893824	0.4119104
183376725798900	-0.68513954	-0.59349924	-0.09300868	0.4119367
183376733298900	-0.68506336	-0.593569	-0.09316514	0.41192764
183376740798900	-0.6850482	-0.5935868	-0.09334235	0.411887
183376748298900	-0.6850537	-0.5935978	-0.09358543	0.41180685
183376755798900	-0.6850643	-0.5936064	-0.09377753	0.41173318
183376763298900	-0.68506294	-0.5936042	-0.09388006	0.4117153
183376770798900	-0.6850094	-0.59364164	-0.09396415	0.41173112
183376778298900	-0.6849708	-0.5936913	-0.09404063	0.41170636
183376785798900	-0.6849172	-0.5937214	-0.09410851	0.4117366
183376793298900	-0.6848307	-0.59377074	-0.09417945	0.41179296
183376800798900	-0.68475294	-0.5938135	-0.094278656	0.41183797
183376808298900	-0.6846849	-0.59387004	-0.094402246	0.41184133
183376815798900	-0.68463403	-0.59391344	-0.09453286	0.41183335
183376823298900	-0.68457824	-0.59394735	-0.094662115	0.41184756
183376830798900	-0.68451035	-0.59399223	-0.094822384	0.41185868
183376838298900	-0.6844489	-0.59400535	-0.094946906	0.4119133
183376845798900	-0.68435585	-0.59402937	-0.09506599	0.4120056
183376853298900	-0.6842308	-0.59408593	-0.09520494	0.41209966
183376860798900	-0.684113	-0.59415156	-0.09534421	0.41216838
183376926262181	-0.6839992	-0.5942257	-0.0955281	0.41220802
183376875798900	-0.6839128	-0.59427506	-0.095720604	0.41223547
183376883298900	-0.68383855	-0.59428954	-0.09593977	0.41228673
183376890798900	-0.68376267	-0.59429806	-0.09615862	0.4123493
183376898298900	-0.6837064	-0.5942708	-0.09633103	0.41244167
183376905798900	-0.6836659	-0.59421957	-0.096481696	0.41254753
183376913298900	-0.68364155	-0.59415144	-0.09661015	0.4126558
183376920798900	-0.68361366	-0.5940914	-0.09675743	0.41275394
183376928298900	-0.68354845	-0.59407073	-0.096941836	0.41284832
183376935798900	-0.68348587	-0.59402436	-0.09712576	0.41297558
183376943298900	-0.68344104	-0.59393775	-0.09731162	0.41313055
183376950798900	-0.68337977	-0.59384245	-0.09752744	0.41331795
183376958298900	-0.68333066	-0.59373647	-0.09782734	0.41348058
183376965798900	-0.6833017	-0.5935847	-0.09811393	0.41367835
183376973298900	-0.68328416	-0.59339184	-0.09832044	0.41393486
183377065014212	-0.68321675	-0.5932504	-0.09854681	0.41419503
183376988298900	-0.68314785	-0.59311	-0.098806486	0.41444767
183376995798900	-0.6830937	-0.59295326	-0.09911376	0.4146877
183377096815202	-0.68301034	-0.59278893	-0.09943542	0.41498297
183377103811087	-0.6829334	-0.5927821	-0.0995793	0.415085
183377111311087	-0.6828576	-0.59258705	-0.099922135	0.41540545
183377118811087	-0.68277264	-0.59238535	-0.10030839	0.4157397
183377126311087	-0.6826705	-0.59220403	-0.100675896	0.41607684
183377133811087	-0.68256164	-0.5920113	-0.10101643	0.41644695
183377141311087	-0.68244046	-0.59182084	-0.10131728	0.41684297
183377148811087	-0.68230516	-0.5916529	-0.10162641	0.41722733
183377156311087	-0.68216336	-0.59150416	-0.101936914	0.4175942
183377163811087	-0.6820602	-0.591332	-0.10226841	0.41792527
183377171311087	-0.68197376	-0.5911403	-0.10257491	0.4182624
183377178811087	-0.68186027	-0.5909472	-0.10290944	0.4186379
183377186311087	-0.6817288	-0.59075475	-0.103239	0.41904235
183377193811087	-0.6816085	-0.59053534	-0.10355291	0.41946962
183377201311087	-0.68146944	-0.5903211	-0.103851326	0.41992304
183377208811087	-0.68130255	-0.5901022	-0.10413223	0.42043158
183377216311087	-0.6811451	-0.58987355	-0.104427904	0.4209341
183377223811087	-0.6810273	-0.5896201	-0.10475536	0.4213982
183377231311087	-0.6809638	-0.5893123	-0.10511748	0.42184076
183377238811087	-0.6808879	-0.58899397	-0.105501644	0.42231178
183377246311087	-0.6807765	-0.5886913	-0.105912775	0.4228103
183377253811087	-0.680667	-0.58836377	-0.10630247	0.4233444
183377306317285	-0.6805473	-0.58803564	-0.10670447	0.42389122
183377268811087	-0.68038386	-0.5877344	-0.10713388	0.42446262
183377276311087	-0.680186	-0.5874607	-0.1076179	0.42503577
183377283811087	-0.67997503	-0.58717734	-0.108121626	0.4256364
183377291311087	-0.67975163	-0.5868956	-0.108609125	0.42625743
183377298811087	-0.6794987	-0.5866405	-0.10909411	0.42688748
183377306311087	-0.67924565	-0.5863879	-0.10958154	0.427512
183377313811087	-0.67899305	-0.5861508	-0.11009268	0.42810664
183377387465462	-0.6787297	-0.5859421	-0.110621944	0.4286732
183377328811087	-0.67848337	-0.5857224	-0.111082256	0.42924398
183377407842441	-0.67824644	-0.5855063	-0.11149681	0.42980537
183377414903275	-0.6780163	-0.58529913	-0.11191711	0.43034104
183377429903275	-0.6776299	-0.58486915	-0.112788744	0.4313057
183377366311087	-0.6774685	-0.5846215	-0.11322268	0.4317811
183377453248327	-0.67727643	-0.58442277	-0.11364391	0.4322403
183377458356921	-0.6770469	-0.5842516	-0.114036664	0.43272787
183377473356921	-0.6768359	-0.58403724	-0.11444116	0.43324018
183377478474004	-0.67660046	-0.5837965	-0.11487106	0.4338181
183377492222493	-0.6763648	-0.5835529	-0.115244314	0.4344139
183377499685983	-0.67613024	-0.58331007	-0.115672946	0.43499085
183377515171139	-0.67589474	-0.58304346	-0.11615869	0.4355845
183377522867546	-0.6758463	-0.58303285	-0.11623508	0.43565354
183377531403327	-0.6756866	-0.5826916	-0.11672729	0.43622586
183377537671139	-0.6755318	-0.58233565	-0.117217325	0.43680906
183377545171139	-0.6753757	-0.58195424	-0.11770966	0.4374258
183377552671139	-0.67518586	-0.5815623	-0.11821879	0.4381025
183377560171139	-0.67500055	-0.58117396	-0.118752226	0.43875855
183377567671139	-0.674853	-0.5807574	-0.11928741	0.4393915
183377575171139	-0.6747135	-0.58032733	-0.119839266	0.4400233
183377582671139	-0.6745337	-0.57993454	-0.1204261	0.44065598
183377590171139	-0.6743867	-0.5795213	-0.12101542	0.441263
183377597671139	-0.6742639	-0.57909435	-0.12159472	0.44185138
183377605171139	-0.674121	-0.57868963	-0.12213899	0.44244918
183377612671139	-0.67394865	-0.57832485	-0.122681074	0.4430383
183377620171139	-0.6738018	-0.5779533	-0.12325596	0.4435867
183377627671139	-0.67369604	-0.5775591	-0.1237768	0.4441153
183377635171139	-0.6736074	-0.5771732	-0.12423781	0.44462243
183377642671139	-0.6735139	-0.5767777	-0.12462536	0.4451686
183377650171139	-0.6734059	-0.57640207	-0.12495156	0.44572678
183377657671139	-0.6732907	-0.57607865	-0.12525463	0.44623342
183377665171139	-0.673188	-0.5757691	-0.12554485	0.4467061
183377672671139	-0.6730826	-0.57548326	-0.12583993	0.44715008
183377680171139	-0.6729745	-0.5752168	-0.1261178	0.44757715
183377687671139	-0.6728826	-0.5749484	-0.1264299	0.44797194
183377695171139	-0.672803	-0.57465816	-0.12673968	0.44837612
183377702671139	-0.6727208	-0.57436424	-0.12705453	0.44878682
183377710171139	-0.67266357	-0.5740607	-0.12734756	0.44917792
183377717671139	-0.6726215	-0.5737742	-0.1276487	0.44952133
183377778024108	-0.6726104	-0.57346374	-0.1279749	0.44984126
183377732671139	-0.6726193	-0.573161	-0.12829909	0.45012134
183377740171139	-0.6726457	-0.5728633	-0.12861857	0.45036954
183377747671139	-0.6726856	-0.5725833	-0.12895796	0.45056885
183377755171139	-0.67276394	-0.5723022	-0.1293266	0.45070344
183377762671139	-0.6728722	-0.5720155	-0.12968247	0.45080346
183377770171139	-0.6729832	-0.5717532	-0.12996624	0.45088866
183377777671139	-0.6730993	-0.5715246	-0.1302616	0.45092016
183377785171139	-0.6732417	-0.57130694	-0.13055167	0.45089957
183377792671139	-0.6734007	-0.571105	-0.13077693	0.45085257
183377800171139	-0.6735445	-0.57093304	-0.1309178	0.45081457
183377807671139	-0.6736696	-0.57081306	-0.13098326	0.45076075
183377815171139	-0.67379767	-0.57071733	-0.13101676	0.45068058
183377822671139	-0.6739532	-0.570646	-0.13102041	0.45053735
183377830171139	-0.67410296	-0.5706228	-0.13101266	0.45034492
183377933429108	-0.67426455	-0.5706411	-0.13095422	0.45009682
183377934716452	-0.6743309	-0.5706991	-0.13089553	0.44994095
183377943996087	-0.67442524	-0.570774	-0.1308166	0.4497274
183377949716452	-0.6746273	-0.5709105	-0.13064219	0.44930163
183377961778483	-0.6748512	-0.5710789	-0.13039632	0.44882256
183377973097702	-0.67508364	-0.5712563	-0.13007988	0.4483387
183377984188379	-0.67531836	-0.5714798	-0.1297365	0.44779962
183377990543379	-0.6755926	-0.5717441	-0.12941392	0.44714153
183377987216452	-0.6759028	-0.57200867	-0.12906559	0.44643435
183377994716452	-0.67624444	-0.5722877	-0.12865344	0.44567776
183378002216452	-0.67662793	-0.5725761	-0.12829103	0.4448288
183378009716452	-0.6769985	-0.5729272	-0.12787157	0.44393295
183378017216452	-0.67736775	-0.57329357	-0.1273613	0.4430424
183378024716452	-0.67773074	-0.57368386	-0.12685399	0.44212672
183378032216452	-0.67810404	-0.5741219	-0.12639585	0.44111565
183378039716452	-0.6785036	-0.57460415	-0.12595254	0.43999875
183378078301035	-0.67895126	-0.5751189	-0.12548576	0.43876734
183378091552649	-0.6794353	-0.5756381	-0.12494255	0.4374905
183378062216452	-0.6799163	-0.5762173	-0.12432632	0.43615422
183378110306504	-0.6804274	-0.5768363	-0.12363671	0.43473265
183378077216452	-0.6809394	-0.5775123	-0.12289271	0.43324187
183378084716452	-0.68138725	-0.5782373	-0.12208714	0.43179613
183378092216452	-0.6817787	-0.57899034	-0.12131122	0.43038547
183378099716452	-0.6821704	-0.5798094	-0.12055201	0.4288729
183378154879368	-0.68262714	-0.5806475	-0.11982137	0.42721376
183378169879368	-0.6836792	-0.58238673	-0.11778296	0.42371657
183378129716452	-0.6836792	-0.58238673	-0.11778296	0.42371657
183378137216452	-0.684172	-0.5833112	-0.116638355	0.42196232
183378144716452	-0.68469524	-0.58423173	-0.11546986	0.42015764
183378152216452	-0.6852233	-0.585166	-0.11433371	0.4183035
183378159716452	-0.6858456	-0.586134	-0.11326886	0.4162128
183378167216452	-0.68646455	-0.58705944	-0.11217189	0.41418
183378174716452	-0.6870665	-0.587995	-0.111012176	0.4121624
183378182216452	-0.687744	-0.5890245	-0.10993655	0.4098444
183378189716452	-0.68848467	-0.5899611	-0.10885212	0.40753657
183378197216452	-0.6892583	-0.5908349	-0.1076359	0.40527973
183378204716452	-0.68994457	-0.5917937	-0.106316276	0.4030554
183378212216452	-0.6906278	-0.59279275	-0.1049392	0.4007715
183378219716452	-0.6913205	-0.5937907	-0.103480816	0.39847252
183378227216452	-0.69202846	-0.5947741	-0.10208089	0.3961312
183378234716452	-0.6927277	-0.59581035	-0.10067703	0.39370373
183378339303066	-0.6940232	-0.5980732	-0.09785445	0.38867062
183378339418587	-0.6940232	-0.5980732	-0.09785445	0.38867062
183378347311556	-0.69402945	-0.5982922	-0.098179586	0.38824025
183378351404629	-0.6946242	-0.599357	-0.09679912	0.38587347
183378358904629	-0.6950486	-0.5999213	-0.096004166	0.3844284
183378370939576	-0.6955949	-0.6008761	-0.09453092	0.3823083
183378385939576	-0.6960838	-0.6018518	-0.09338359	0.38015956
183378395091608	-0.69664395	-0.6028381	-0.09230346	0.37782744
183378399772337	-0.69726825	-0.603688	-0.09117731	0.3755856
183378411774993	-0.69786566	-0.60446954	-0.09001178	0.37349442
183378423709941	-0.698407	-0.60525906	-0.088808745	0.3714865
183378436089368	-0.69898266	-0.6059653	-0.08770282	0.36950997
183378443461139	-0.6995834	-0.6066153	-0.08666193	0.36754692
183378426404629	-0.70018375	-0.6072153	-0.0856488	0.3656455
183378464686087	-0.7013728	-0.608339	-0.08380818	0.3619061
183378448904629	-0.7013728	-0.608339	-0.08380818	0.3619061
183378456404629	-0.7019449	-0.60887164	-0.082976125	0.36008838
183378463904629	-0.7024813	-0.60939497	-0.08217513	0.35833654
183378471404629	-0.70295805	-0.6099438	-0.08139901	0.3566409
183378478904629	-0.7037934	-0.61106396	-0.079869404	0.35340723
183378486404629	-0.7041363	-0.6116604	-0.07909224	0.35186383
183378493904629	-0.7044621	-0.6122664	-0.07831129	0.35032886
183378501404629	-0.70476294	-0.6128628	-0.07746121	0.3488671
183378558300149	-0.70499104	-0.6134878	-0.07656887	0.347502
183378563283639	-0.705161	-0.6141502	-0.075629845	0.34619012
183378576000774	-0.7052694	-0.6148608	-0.07468631	0.34491068
183378588655931	-0.70535904	-0.61558336	-0.0738046	0.34362578
183378596273431	-0.7054003	-0.6163172	-0.072850086	0.3424272
183378609700514	-0.7054071	-0.61704606	-0.07190825	0.34129775
183378617064108	-0.70536476	-0.61779374	-0.07099557	0.34022212
183378627481712	-0.70525014	-0.618564	-0.07004506	0.3392559
183378636218691	-0.7050787	-0.61932623	-0.06905684	0.33842316
183378648064941	-0.7048541	-0.62009853	-0.06805001	0.3376801
183378655464316	-0.7046156	-0.62086636	-0.06710866	0.33695447
183378667079785	-0.7043668	-0.62163484	-0.06627083	0.3362228
183378674632753	-0.70413226	-0.62234807	-0.06550839	0.33554345
183378686260358	-0.7038935	-0.62301767	-0.0648537	0.33492845
183378693046555	-0.7036739	-0.62362605	-0.06424058	0.33437538
183378704266087	-0.7034402	-0.6241737	-0.06356274	0.33397457
183378713091347	-0.7031458	-0.6247101	-0.062841676	0.3337278
183378720938118	-0.70284575	-0.62521327	-0.062160466	0.33354503
183378741990305	-0.70254993	-0.62562877	-0.061657377	0.3334827
183378742088951	-0.70254993	-0.62562877	-0.061657377	0.3334827
183378746590670	-0.7025133	-0.62561625	-0.061709087	0.33357373
183378754090670	-0.70242256	-0.62575114	-0.061555374	0.3335402
183378768653274	-0.7022964	-0.6259216	-0.06127713	0.3335372
183378775754941	-0.7021532	-0.6260595	-0.06099521	0.3336315
183378786967337	-0.7020158	-0.62616867	-0.060779758	0.33375505
183378799920826	-0.7018921	-0.62623316	-0.060618907	0.33392355
183378808652285	-0.70176345	-0.6262738	-0.060498536	0.33413932
183378819118274	-0.70167434	-0.62626874	-0.060421847	0.3343498
183378806590670	-0.70159787	-0.626228	-0.060430154	0.3345853
183378814090670	-0.7015099	-0.6261853	-0.060502917	0.33483618
183378821590670	-0.70143795	-0.6260881	-0.060617138	0.3351478
183378829090670	-0.7013728	-0.6259504	-0.060767014	0.33551416
183378836590670	-0.7012881	-0.62579364	-0.060910195	0.3359574
183378873416191	-0.7011583	-0.62566626	-0.061052404	0.3364393
183378888122389	-0.70101386	-0.62554556	-0.061193448	0.3369387
183378895890253	-0.7008613	-0.6254105	-0.061289053	0.33748904
183378903695930	-0.7006856	-0.6252723	-0.061408192	0.3380879
183378914287597	-0.70048136	-0.6251533	-0.061577916	0.33869952
183378881590670	-0.70030653	-0.62500066	-0.061788507	0.33930397
183378933352232	-0.70003307	-0.6245961	-0.0622838	0.3405205
183378904090670	-0.70003307	-0.6245961	-0.0622838	0.3405205
183378911590670	-0.6998756	-0.6243958	-0.062598266	0.34115338
183378919090670	-0.69961244	-0.6239094	-0.06331884	0.34244755
183378926590670	-0.6995013	-0.6236106	-0.06367391	0.34315225
183378934090670	-0.6993362	-0.6233539	-0.064081006	0.3438786
183378941590670	-0.6991365	-0.62311596	-0.064525664	0.34463194
183378949090670	-0.6989632	-0.6228282	-0.06496633	0.34542
183378956590670	-0.698812	-0.622509	-0.065455735	0.34620804
183378964090670	-0.69870174	-0.62215894	-0.06594975	0.34696528
183378971590670	-0.69860107	-0.6218117	-0.066447064	0.34769487
183378979090670	-0.698526	-0.62142384	-0.066996224	0.34843266
183378986590670	-0.6984613	-0.6210155	-0.06762255	0.34916878
183379067957857	-0.69840705	-0.6205858	-0.068228535	0.34992266
183379001590670	-0.6983488	-0.6201456	-0.06880776	0.35070476
183379009090670	-0.69825923	-0.6197089	-0.06938458	0.3515405
183379093134837	-0.6981564	-0.6192882	-0.06998107	0.352367
183379100098951	-0.6980229	-0.61889035	-0.07061978	0.35320204
183379031590670	-0.69790536	-0.61848104	-0.07123641	0.35402644
183379039090670	-0.69777626	-0.61806977	-0.07181208	0.35488185
183379046590670	-0.6976218	-0.61767346	-0.07234528	0.35576606
183379054090670	-0.6974636	-0.6172767	-0.0728882	0.35665312
183379061590670	-0.6973304	-0.61687446	-0.07351431	0.3574799
183379163162909	-0.6972616	-0.61645514	-0.07414553	0.35820648
183379169599316	-0.6973445	-0.6165066	-0.07404091	0.357978
183379177099316	-0.6972835	-0.616165	-0.07454299	0.35858023
183379184599316	-0.6972335	-0.6157285	-0.07513978	0.3593019
183379192099316	-0.69717735	-0.6153038	-0.07570631	0.3600188
183379199599316	-0.69711715	-0.61487967	-0.07622013	0.36075085
183379207099316	-0.69705796	-0.6144693	-0.07669722	0.36146262
183379214599316	-0.6969754	-0.61411005	-0.07721352	0.36212188
183379222099316	-0.696878	-0.61374474	-0.07780962	0.3628005
183379250728899	-0.6968174	-0.6133631	-0.07842211	0.3634298
183379258770149	-0.6967677	-0.61296165	-0.07902077	0.3640721
183379244599316	-0.69671524	-0.6125777	-0.079597816	0.3646926
183379286278951	-0.6966019	-0.61184216	-0.08058132	0.36592573
183379267099316	-0.6966019	-0.61184216	-0.08058132	0.36592573
183379274599316	-0.6965447	-0.611115	-0.08148658	0.36704767
183379316242649	-0.6965457	-0.6107451	-0.0819357	0.36756116
183379327156764	-0.6965082	-0.61039495	-0.08243388	0.36810195
183379336202597	-0.69651	-0.6100326	-0.082903184	0.36859354
183379304599316	-0.6964992	-0.6096868	-0.083362974	0.36908206
183379354911555	-0.69646615	-0.6093892	-0.08380075	0.36953652
183379319599316	-0.69640934	-0.60909975	-0.084165454	0.37003756
183379377860253	-0.6963558	-0.608804	-0.08453012	0.3705415
183379384024211	-0.6963442	-0.60846895	-0.08490226	0.37102816
183379399024211	-0.69633985	-0.60777885	-0.08557551	0.37201157
183379357099316	-0.69633985	-0.60777885	-0.08557551	0.37201157
183379364599316	-0.6963633	-0.6074336	-0.08594687	0.37244576
183379372099316	-0.6964284	-0.6070626	-0.08636987	0.3728307
183379379599316	-0.6965383	-0.6066627	-0.086755514	0.37318662
183379387099316	-0.6966424	-0.6062673	-0.08713814	0.37354568
183379394599316	-0.69690025	-0.60544556	-0.087867744	0.37422594
183379402099316	-0.6970428	-0.6050403	-0.088259764	0.37452355
183379478488847	-0.69721335	-0.60459346	-0.08862567	0.37484124
183379417099316	-0.69741195	-0.604099	-0.088936865	0.3751949
183379497322857	-0.6975989	-0.6036357	-0.08928701	0.37550995
183379509141243	-0.6978229	-0.60315084	-0.08961786	0.37579384
183379520066503	-0.6981216	-0.60260785	-0.08993572	0.37603405
183379528314211	-0.6984073	-0.60205984	-0.09031643	0.37629
183379539974524	-0.6987038	-0.6015349	-0.09078828	0.37646547
183379545803743	-0.69904	-0.6009713	-0.09130164	0.3766173
183379557706868	-0.69938457	-0.6004098	-0.0917811	0.37675658
183379568701659	-0.69972974	-0.59986794	-0.09221117	0.3768738
183379484599316	-0.7001093	-0.59930134	-0.09259833	0.37697554
183379589741451	-0.70050275	-0.5987037	-0.09297066	0.37710258
183379595305982	-0.7005454	-0.59868354	-0.092820615	0.37709236
183379602805982	-0.70083076	-0.59826165	-0.09300495	0.37718618
183379610305982	-0.70121497	-0.59766674	-0.09329294	0.37734392
183379617805982	-0.7015846	-0.5970518	-0.093612395	0.37755117
183379642293534	-0.70194256	-0.5964155	-0.093956195	0.3778062
183379632805982	-0.70227444	-0.59576577	-0.09431786	0.3781244
183379651436816	-0.70262486	-0.5950734	-0.0946772	0.3784736
183379661057701	-0.70300466	-0.5943439	-0.09507209	0.37881547
183379667996503	-0.7033881	-0.5936202	-0.09551722	0.37912634
183379662805982	-0.70379084	-0.5928849	-0.09597792	0.379413
183379670305982	-0.7042251	-0.5921344	-0.096434146	0.37966344
183379696676451	-0.70467174	-0.5913961	-0.09689524	0.37986803
183379708177545	-0.70508945	-0.5906984	-0.09738489	0.38005334
183379716435357	-0.705495	-0.5900095	-0.09781258	0.38026088
183379731435357	-0.70585674	-0.5893482	-0.09814491	0.3805294
183379707805982	-0.70615727	-0.588728	-0.09840845	0.3808636
183379715305982	-0.70638514	-0.5881697	-0.09862545	0.38124722
183379722805982	-0.7065844	-0.5876317	-0.09878152	0.38166708
183379730305982	-0.7067644	-0.58711064	-0.0988874	0.38210797
183379737805982	-0.70691925	-0.58662146	-0.09900736	0.38254157
183379745305982	-0.70707375	-0.58612025	-0.0991627	0.38298377
183379752805982	-0.7072524	-0.58561593	-0.09932413	0.3833833
183379760305982	-0.7074433	-0.58511245	-0.09952235	0.38374826
183379767805982	-0.70760703	-0.5846197	-0.099718906	0.3841463
183379775305982	-0.7077656	-0.5841119	-0.099860325	0.3845894
183379782805982	-0.7079601	-0.5835569	-0.099956185	0.38504875
183379840283482	-0.70810753	-0.58299345	-0.10001098	0.3856168
183379797805982	-0.7082334	-0.58247966	-0.1001124	0.38613516
183379859558326	-0.7083352	-0.582005	-0.10024919	0.3866284
183379871631920	-0.7084444	-0.5815343	-0.10051745	0.38706666
183379885119003	-0.7085521	-0.5810771	-0.10085025	0.38746953
183379892149784	-0.7086383	-0.58064836	-0.10116425	0.38787234
183379903632440	-0.70872504	-0.5802209	-0.1014021	0.38829136
183379842805982	-0.7087866	-0.5798293	-0.101601966	0.38871148
183379922546659	-0.70882684	-0.579466	-0.10178995	0.3891306
183379937546659	-0.70884436	-0.5787804	-0.102075435	0.39004314
183379872805982	-0.7087982	-0.5785097	-0.10214731	0.3905094
183379880305982	-0.70870054	-0.5782718	-0.10222409	0.39101875
183379887805982	-0.7085382	-0.5780798	-0.1022415	0.39159164
183379980605149	-0.7083837	-0.5778699	-0.10223817	0.39218152
183379989835982	-0.70824015	-0.57766813	-0.102259696	0.3927319
183379910305982	-0.7080597	-0.5775059	-0.10228603	0.39328864
183379917805982	-0.7078501	-0.57740927	-0.10220868	0.3938278
183380018410774	-0.7076621	-0.5773404	-0.10224442	0.39425677
183380025816138	-0.7074751	-0.5773324	-0.10256077	0.3945221
183380033316138	-0.7072747	-0.5772448	-0.10276199	0.39495704
183380040816138	-0.70714325	-0.57717484	-0.1027195	0.39530534
183380048316138	-0.7069767	-0.57716596	-0.102549985	0.3956601
183380055816138	-0.7067564	-0.57722837	-0.102319516	0.39602214
183380063316138	-0.7065068	-0.57733315	-0.10201891	0.39639226
183380070816138	-0.7062579	-0.57747865	-0.10167149	0.3967129
183380078316138	-0.7059839	-0.5776706	-0.10132475	0.39701003
183380085816138	-0.70571077	-0.577893	-0.10106076	0.397239
183380093316138	-0.7054539	-0.5781233	-0.10091407	0.3973975
183380100816138	-0.70524067	-0.57832247	-0.100806475	0.39751333
183380108316138	-0.70504385	-0.57848585	-0.10069356	0.39765337
183380115816138	-0.7048305	-0.57864624	-0.1005448	0.39783573
183380123316138	-0.7046006	-0.5788122	-0.10033767	0.3980538
183380130816138	-0.70435184	-0.5790142	-0.10008343	0.39826435
183380138316138	-0.7040942	-0.5792379	-0.09984565	0.3984541
183380145816138	-0.703842	-0.5794879	-0.09965584	0.39858377
183380153316138	-0.7035774	-0.5797739	-0.09950936	0.39867157
183380160816138	-0.70332026	-0.58006454	-0.0994162	0.3987258
183380168316138	-0.70308626	-0.5803422	-0.09936557	0.39874724
183380175816138	-0.7028527	-0.5806254	-0.09932355	0.39875683
183380183316138	-0.702607	-0.58092546	-0.09923518	0.39877507
183380190816138	-0.7023243	-0.58125645	-0.09908016	0.39882922
183380198316138	-0.7019819	-0.581644	-0.09882291	0.39893058
183380205816138	-0.7015168	-0.5821127	-0.09836919	0.39917716
183380213316138	-0.70098215	-0.5826722	-0.09787287	0.39942214
183380220816138	-0.70043206	-0.58331203	-0.09748036	0.39954934
183380228316138	-0.69994795	-0.58395845	-0.097232886	0.39951375
183380235816138	-0.6994989	-0.5845969	-0.097045705	0.3994121
183380243316138	-0.69901234	-0.5852716	-0.096839584	0.39932576
183380250816138	-0.6984733	-0.5859881	-0.09661774	0.39927205
183380258316138	-0.69789714	-0.58673644	-0.09631276	0.39925408
183380265816138	-0.6973046	-0.5874853	-0.095875144	0.39929345
183380273316138	-0.69668084	-0.58827156	-0.0953968	0.39933932
183380280816138	-0.6960625	-0.58911747	-0.09491225	0.39928606
183380288316138	-0.6955025	-0.5899737	-0.094370164	0.39912608
183380295816138	-0.69502336	-0.59083354	-0.09384712	0.39881194
183380303316138	-0.69463146	-0.5916309	-0.09336008	0.39842698
183380310816138	-0.69431764	-0.5923697	-0.09283072	0.3979997
183380318316138	-0.69398385	-0.5930582	-0.0922417	0.3976931
183380325816138	-0.6935944	-0.593718	-0.09160595	0.39753532
183380333316138	-0.6932041	-0.5943219	-0.09097993	0.3974573
183380340816138	-0.69282806	-0.5948826	-0.09038173	0.39741063
183380348316138	-0.69248277	-0.5954202	-0.089837044	0.3973309
183380454532024	-0.692183	-0.59590554	-0.089357905	0.3972336
183380459060982	-0.6922619	-0.5960328	-0.08938893	0.3968981
183380466560982	-0.69213337	-0.5964303	-0.08935767	0.39653188
183380474060982	-0.69193137	-0.59694874	-0.08932022	0.39611256
183380481560982	-0.69175726	-0.5974448	-0.08932537	0.39566743
183380489060982	-0.6915934	-0.59791553	-0.08930549	0.39524704
183380496560982	-0.69142836	-0.598441	-0.089276925	0.3947467
183380504060982	-0.6911913	-0.59888905	-0.08929553	0.3944781
183380511560982	-0.69089997	-0.5992994	-0.08939084	0.3943434
183380536995826	-0.69036394	-0.60006636	-0.08989975	0.394
183380534060982	-0.69015825	-0.6004066	-0.09024596	0.393763
183380541560982	-0.6899665	-0.60071105	-0.09059527	0.39355442
183380549060982	-0.68978834	-0.60098654	-0.09084063	0.39338937
183380556560982	-0.68956816	-0.60128725	-0.09102881	0.39327243
183380594180461	-0.6893745	-0.60157615	-0.09130316	0.39310646
183380598746711	-0.68922126	-0.6018353	-0.091657795	0.39289585
183380612777023	-0.68909854	-0.6021036	-0.09211572	0.39259297
183380622153326	-0.6890589	-0.60235566	-0.092828095	0.39210767
183380637153326	-0.68956244	-0.6028547	-0.09588172	0.38971335
183380616560982	-0.68956244	-0.6028547	-0.09588172	0.38971335
183380624060982	-0.68966514	-0.6029901	-0.0966172	0.38914016
183380631560982	-0.6896608	-0.60312235	-0.09707535	0.38882896
183380639060982	-0.6895589	-0.6033174	-0.09738503	0.38862938
183380646560982	-0.6894632	-0.6035576	-0.09772266	0.38834128
183380706089159	-0.68942225	-0.6042892	-0.09899092	0.3869527
183380669060982	-0.68942225	-0.6042892	-0.09899092	0.3869527
183380676560982	-0.68943447	-0.60457844	-0.09950091	0.3863478
183380743329419	-0.6893572	-0.6052008	-0.10033186	0.38529506
183380691560982	-0.68922484	-0.6054555	-0.10044469	0.38510212
183380699060982	-0.68902755	-0.605662	-0.100282006	0.38517302
183380771738430	-0.68877876	-0.6058978	-0.09997575	0.38532647
183380786738430	-0.6882733	-0.6065108	-0.09962992	0.38535482
183380729060982	-0.6882733	-0.6065108	-0.09962992	0.38535482
183380736560982	-0.68800825	-0.6068442	-0.09955165	0.38532367
183380744060982	-0.68777925	-0.6071604	-0.09959109	0.3852241
183380751560982	-0.6876566	-0.6074233	-0.099818386	0.38496965
183380759060982	-0.68763644	-0.60763264	-0.10016349	0.38458565
183380766560982	-0.687624	-0.6078198	-0.10051735	0.38421953
183380774060982	-0.6876949	-0.6079124	-0.1007292	0.38389048
183380781560982	-0.6877208	-0.6079932	-0.10079085	0.3836999
183380894560930	-0.68762124	-0.6081367	-0.10090356	0.3836212
183380894655409	-0.68762124	-0.6081367	-0.10090356	0.3836212
183380900091242	-0.6876245	-0.6081464	-0.10092031	0.38359582
183380914953430	-0.6881201	-0.60789096	-0.1024692	0.38270026
183380922013742	-0.6881201	-0.60789096	-0.1024692	0.38270026
183380930294992	-0.68854886	-0.60764116	-0.10365833	0.3820049
183380939255305	-0.6889418	-0.6073835	-0.1048687	0.38137528
183380954255305	-0.689369	-0.6069828	-0.10689177	0.3806788
183380952591242	-0.6893706	-0.6068537	-0.10768421	0.3806586
183380960091242	-0.68927634	-0.6067926	-0.10840174	0.3807231
183380967591242	-0.6891478	-0.60673904	-0.109110415	0.38083878
183380975091242	-0.68899965	-0.60671437	-0.10985827	0.38093108
183380982591242	-0.68884957	-0.6067202	-0.1106978	0.38094994
183380990091242	-0.6887556	-0.60670096	-0.11165999	0.38086984
183380997591242	-0.6887544	-0.6066269	-0.11275281	0.38066798
183381005091242	-0.6888193	-0.60652316	-0.11386131	0.3803858
183381012591242	-0.68881583	-0.6064054	-0.11471351	0.38032377
183381020091242	-0.6886488	-0.6062387	-0.1150593	0.38078701
183381027591242	-0.6883019	-0.6061074	-0.115095735	0.3816114
183381035091242	-0.68786854	-0.60607034	-0.11514512	0.38243598
183381042591242	-0.68749267	-0.6060373	-0.11531947	0.3831109
183381050091242	-0.6872358	-0.60592544	-0.11565133	0.38364863
183381106146398	-0.68705535	-0.6057854	-0.11612456	0.38404968
183381113782388	-0.68699896	-0.6056036	-0.11673506	0.38425237
183381124058117	-0.6871349	-0.60529596	-0.117493846	0.38426262
183381137086138	-0.6874206	-0.6049034	-0.11838067	0.38409743
183381087591242	-0.6877764	-0.60446155	-0.11938611	0.38384488
183381151419732	-0.6881766	-0.60396653	-0.1204242	0.38358247
183381155550305	-0.6885757	-0.60346997	-0.12144047	0.3833274
183381168881398	-0.6889125	-0.6029964	-0.122300595	0.38319394
183381117591242	-0.6891375	-0.60255593	-0.12293769	0.38327822
183381125091242	-0.6892168	-0.60213894	-0.123429365	0.38363284
183381132591242	-0.6891893	-0.601788	-0.123771206	0.3841224
183381207806398	-0.6891659	-0.6014351	-0.12404643	0.38462812
183381220062492	-0.68913996	-0.60110337	-0.12443658	0.3850667
183381228496867	-0.6891588	-0.6007708	-0.124950215	0.38538566
183381238266190	-0.6892504	-0.60041606	-0.12560575	0.38556153
183381248341346	-0.68943447	-0.60000837	-0.12637308	0.38561633
183381257976034	-0.68971515	-0.5995563	-0.12719631	0.3855467
183381185091242	-0.69007313	-0.5990956	-0.12801944	0.38535008
183381276826971	-0.69039375	-0.59864044	-0.12864643	0.38527423
183381288425773	-0.69061834	-0.59819406	-0.12901482	0.38544196
183381293614679	-0.69069356	-0.5978038	-0.12925161	0.38583302
183381215091242	-0.690864	-0.5973715	-0.12923947	0.3862013
183381222591242	-0.6911357	-0.59701616	-0.12942766	0.38620153
183381321350357	-0.6912716	-0.5967577	-0.12964205	0.3862858
183381331251294	-0.69146276	-0.59646016	-0.12973659	0.38637146
183381338751294	-0.691448	-0.5964924	-0.12980141	0.3863266
183381346251294	-0.691724	-0.59618825	-0.12997739	0.38624278
183381353751294	-0.69206375	-0.5958268	-0.13010165	0.38614997
183381361251294	-0.69235975	-0.59549916	-0.13022651	0.38608277
183381368751294	-0.69260484	-0.59522545	-0.13033336	0.38602915
183381376251294	-0.69293016	-0.5949052	-0.13039082	0.38591954
183381383751294	-0.6931054	-0.59464216	-0.13035414	0.38602257
183381416835669	-0.6933818	-0.5940911	-0.13000451	0.38649237
183381406251294	-0.6934847	-0.5938427	-0.12992385	0.38671666
183381437972388	-0.6936246	-0.5935659	-0.12985271	0.38691443
183381448341190	-0.69377464	-0.59327996	-0.12979847	0.38710207
183381458305721	-0.6939492	-0.59297657	-0.12984635	0.38723803
183381436251294	-0.69418955	-0.59260315	-0.1298998	0.387361
183381443751294	-0.6944075	-0.5922256	-0.1300335	0.38750273
183381451251294	-0.6946362	-0.59177667	-0.13008238	0.3877622
183381458751294	-0.694816	-0.59130126	-0.13005964	0.38817284
183381466251294	-0.694974	-0.5907574	-0.12991682	0.3887654
183381473751294	-0.69510853	-0.59023386	-0.1297434	0.3893775
183381481251294	-0.6952417	-0.58973265	-0.12961192	0.38994262
183381488751294	-0.6954437	-0.58920187	-0.12947808	0.39042893
183381496251294	-0.69564635	-0.5887265	-0.12934716	0.390828
183381503751294	-0.69587153	-0.58828723	-0.12924254	0.39112327
183381511251294	-0.6960955	-0.58785427	-0.12918796	0.39139363
183381518751294	-0.69637364	-0.58734876	-0.12908694	0.39169094
183381526251294	-0.69665915	-0.58685213	-0.12902327	0.3919486
183381533751294	-0.6969754	-0.5863211	-0.12898888	0.39219216
183381541251294	-0.6972731	-0.58579165	-0.12887979	0.3924899
183381548751294	-0.6975838	-0.5852497	-0.12874067	0.39279202
183381556251294	-0.6979107	-0.58474606	-0.12864606	0.39299238
183381563751294	-0.6982326	-0.58425605	-0.12863372	0.39315328
183381650955252	-0.6988215	-0.58332235	-0.12867819	0.39347878
183381586251294	-0.6988215	-0.58332235	-0.12867819	0.39347878
183381593751294	-0.6993568	-0.5823992	-0.12860742	0.393918
183381601251294	-0.6996447	-0.5819306	-0.12860438	0.3941003
183381608751294	-0.69999	-0.58144873	-0.12867554	0.39417526
183381701716502	-0.7004022	-0.5809294	-0.12879936	0.3941683
183381707831919	-0.7008222	-0.58043677	-0.12895876	0.39409536
183381631251294	-0.70125353	-0.57991284	-0.1290505	0.39406937
183381638751294	-0.7016638	-0.5793778	-0.12903814	0.39413014
183381646251294	-0.7019223	-0.57896143	-0.12899488	0.39429584
183381653751294	-0.7022032	-0.578549	-0.12883247	0.39445406
183381661251294	-0.70242786	-0.5781664	-0.12857884	0.3946975
183381764424471	-0.7025635	-0.5778386	-0.12827532	0.39503482
183381771924471	-0.70255107	-0.57779396	-0.12825058	0.3951303
183381779424471	-0.7026352	-0.5775384	-0.12789677	0.3954688
183381786924471	-0.702861	-0.57718706	-0.1274728	0.39571738
183381794424471	-0.70299625	-0.5770004	-0.12709038	0.39587238
183381801924471	-0.70303327	-0.5768402	-0.12669028	0.3961683
183381809424471	-0.70302325	-0.57669914	-0.12630886	0.39651293
183381816924471	-0.7030656	-0.57641006	-0.12564877	0.39706758
183381824424471	-0.7030615	-0.576107	-0.12493788	0.3977384
183381831924471	-0.7030064	-0.5758201	-0.12407857	0.3985194
183381862304158	-0.7029124	-0.57556087	-0.123108804	0.3993597
183381846924471	-0.7027822	-0.5753494	-0.12215233	0.4001865
183381854424471	-0.7026635	-0.5751983	-0.121297374	0.40087157
183381861924471	-0.7026759	-0.5749959	-0.12047553	0.40138766
183381869424471	-0.7026833	-0.5748042	-0.11968726	0.40188468
183381876924471	-0.70271236	-0.5745803	-0.11889192	0.40238982
183381884424471	-0.70275354	-0.57439417	-0.11823573	0.40277693
183381891924471	-0.7028465	-0.57418036	-0.11762038	0.40309942
183381938419940	-0.7029914	-0.5738696	-0.11684912	0.4035134
183381949832283	-0.7031176	-0.5735695	-0.11607808	0.40394247
183381956323950	-0.7031858	-0.57331663	-0.115331374	0.40439638
183381969526033	-0.70324636	-0.5730815	-0.11464829	0.40481853
183381977846502	-0.70333564	-0.5728211	-0.1140749	0.40519378
183381936924471	-0.70346683	-0.57255256	-0.11362921	0.4054707
183381944424471	-0.7036798	-0.5722409	-0.11324523	0.40564847
183381951924471	-0.70393485	-0.57189536	-0.11293519	0.40577966
183381959424471	-0.7041844	-0.571551	-0.11266308	0.40590754
183381966924471	-0.7044834	-0.5711621	-0.112382576	0.40601373
183381974424471	-0.70474035	-0.5707177	-0.11209092	0.40627342
183381981924471	-0.7050413	-0.57014716	-0.111970186	0.40658554
183381989424471	-0.7054959	-0.5694923	-0.11192963	0.4067259
183381996924471	-0.7060859	-0.5687937	-0.11193332	0.40667847
183382071774575	-0.70674473	-0.56813306	-0.111930184	0.40645823
183382077365356	-0.7073907	-0.56752974	-0.111765034	0.40622282
183382091528846	-0.70801675	-0.56697214	-0.11157023	0.4059644
183382026924471	-0.7086076	-0.5664803	-0.111324504	0.40568736
183382034424471	-0.7091602	-0.56605566	-0.11101047	0.4054005
183382041924471	-0.70961004	-0.5656584	-0.110698424	0.40525317
183382049424471	-0.7100204	-0.56525695	-0.110400416	0.4051756
183382056924471	-0.71040714	-0.56485426	-0.11017678	0.4051204
183382064424471	-0.71078527	-0.56448	-0.10998977	0.4050296
183382071924471	-0.7111906	-0.56405556	-0.10985352	0.40494633
183382079424471	-0.7115782	-0.5636284	-0.10975907	0.4048858
183382086924471	-0.7119476	-0.56321603	-0.109751344	0.4048123
183382186929002	-0.71236134	-0.5628093	-0.109783724	0.40464127
183382194429002	-0.7123229	-0.56281817	-0.10984962	0.40467867
183382201929002	-0.71280015	-0.5624166	-0.10993367	0.40437394
183382209429002	-0.7132236	-0.5620573	-0.10994939	0.40412235
183382216929002	-0.71364164	-0.56173027	-0.10993436	0.4038432
183382224429002	-0.7140618	-0.5614125	-0.10992969	0.40354338
183382231929002	-0.7145001	-0.561121	-0.109921664	0.40317512
183382239429002	-0.7149439	-0.56076777	-0.10985604	0.4028977
183382246929002	-0.7155515	-0.56020373	-0.10962035	0.40266782
183382254429002	-0.7159138	-0.55979615	-0.10939787	0.40265107
183382261929002	-0.7161542	-0.5595657	-0.10933455	0.40256116
183382269429002	-0.71644956	-0.55935514	-0.10931932	0.40233207
183382276929002	-0.7167362	-0.5591873	-0.10923374	0.4020783
183382284429002	-0.7170077	-0.5590084	-0.10919943	0.40185222
183382291929002	-0.7173181	-0.55881363	-0.109097406	0.4015966
183382332561033	-0.71764207	-0.5585906	-0.10913976	0.4013167
183382341970825	-0.7180041	-0.55832314	-0.10922183	0.40101868
183382353506919	-0.7184018	-0.5580357	-0.1093571	0.40066954
183382359777231	-0.7188503	-0.55772245	-0.109523445	0.40025568
183382373908898	-0.71926624	-0.5574131	-0.10960359	0.39991724
183382380652023	-0.7195936	-0.5571708	-0.10960138	0.3996667
183382393715304	-0.71982044	-0.5569928	-0.109545685	0.39952126
183382401553898	-0.72000897	-0.55684924	-0.10941731	0.39941707
183382408084471	-0.72016203	-0.5567387	-0.10935123	0.39931315
183382419389835	-0.72028416	-0.55669224	-0.109365195	0.39915377
183382430547544	-0.7204551	-0.5566161	-0.10946803	0.39892322
183382381929002	-0.7206787	-0.55650204	-0.109617114	0.39863747
183382448620981	-0.7209325	-0.5563667	-0.109784015	0.3983214
183382456942075	-0.72120875	-0.55621415	-0.10996724	0.39798367
183382466444210	-0.72150284	-0.55606097	-0.11019732	0.3976008
183382471822700	-0.7218017	-0.5558883	-0.11042767	0.39723584
183382484429054	-0.72211856	-0.55569506	-0.110679865	0.39686003
183382426929002	-0.72241545	-0.5555106	-0.11096823	0.3964972
183382434429002	-0.7227065	-0.55536526	-0.11129788	0.39607778
183382441929002	-0.7229986	-0.5552389	-0.11161849	0.39563143
