1538711083097, -0.018146, -0.017007, -0.853882, 0.519871
1538711083158, -0.120663, -0.075002, -0.845295, 0.515063
1538711083217, -0.460315, -0.267831, -0.721675, 0.442223
1538711083278, -0.640422, -0.369791, -0.573367, 0.352652
1538711083337, -0.724234, -0.417436, -0.466995, 0.288351
1538711083398, -0.762781, -0.440551, -0.402316, 0.249439
1538711083457, -0.77941, -0.450583, -0.369356, 0.23037
1538711083517, -0.786028, -0.454895, -0.354818, 0.222109
1538711083578, -0.790519, -0.458196, -0.344804, 0.215047
1538711083638, -0.793705, -0.460855, -0.337877, 0.208526
1538711083699, -0.795964, -0.462327, -0.331998, 0.206085
1538711083758, -0.797601, -0.463954, -0.327155, 0.203831
1538711083819, -0.798354, -0.465144, -0.323849, 0.203451
1538711083879, -0.799157, -0.466823, -0.319962, 0.202599
1538711083939, -0.798709, -0.467575, -0.319552, 0.203278
1538711083998, -0.798719, -0.468395, -0.318209, 0.20346
1538711084060, -0.798257, -0.469354, -0.317641, 0.203945
1538711084119, -0.797988, -0.470408, -0.316487, 0.204366
1538711084179, -0.797709, -0.471289, -0.315489, 0.20497
1538711084240, -0.797581, -0.47239, -0.31452, 0.204421
1538711084298, -0.797463, -0.473357, -0.313457, 0.204275
1538711084358, -0.797569, -0.474233, -0.312234, 0.203705
1538711084418, -0.797556, -0.474819, -0.311557, 0.203422
1538711084479, -0.797508, -0.474877, -0.311743, 0.203194
1538711084538, -0.797478, -0.475645, -0.310949, 0.20273
1538711084598, -0.79744, -0.475839, -0.310605, 0.202951
1538711084658, -0.797752, -0.475097, -0.310478, 0.203656
1538711084718, -0.798252, -0.474181, -0.310515, 0.203776
1538711084778, -0.798495, -0.47344, -0.311399, 0.203197
1538711084838, -0.798977, -0.473293, -0.311866, 0.200918
1538711084898, -0.799629, -0.473149, -0.312423, 0.19777
1538711084958, -0.799795, -0.472339, -0.315133, 0.194712
1538711085019, -0.800434, -0.471604, -0.317147, 0.190557
1538711085078, -0.801421, -0.470345, -0.319565, 0.185407
1538711085138, -0.802601, -0.468261, -0.323312, 0.17897
1538711085198, -0.804371, -0.465579, -0.327446, 0.170295
1538711085258, -0.805541, -0.462585, -0.333503, 0.160914
1538711085318, -0.807041, -0.460721, -0.337567, 0.14989
1538711085378, -0.80952, -0.456554, -0.341714, 0.13952
1538711085439, -0.81118, -0.452292, -0.347104, 0.130135
1538711085499, -0.811787, -0.448539, -0.353329, 0.122359
1538711085561, -0.812185, -0.446859, -0.35675, 0.115759
1538711085620, -0.812907, -0.444429, -0.359295, 0.112116
1538711085678, -0.813403, -0.443127, -0.360004, 0.111397
1538711085738, -0.813298, -0.443347, -0.358615, 0.115688
1538711085798, -0.812317, -0.446034, -0.354993, 0.123182
1538711085859, -0.811044, -0.449366, -0.35044, 0.132169
1538711085919, -0.809159, -0.453847, -0.344346, 0.143902
1538711085978, -0.805963, -0.458854, -0.338726, 0.158556
1538711086038, -0.800816, -0.466287, -0.331554, 0.177035
1538711086099, -0.79454, -0.474693, -0.322284, 0.198754
1538711086159, -0.787826, -0.484096, -0.309203, 0.222202
1538711086219, -0.77875, -0.494029, -0.295238, 0.249633
1538711086278, -0.770186, -0.502819, -0.27993, 0.274999
1538711086339, -0.76183, -0.510094, -0.266833, 0.297015
1538711086398, -0.754978, -0.516066, -0.256017, 0.313268
1538711086459, -0.749919, -0.519698, -0.247268, 0.326178
1538711086519, -0.746724, -0.521151, -0.240602, 0.336026
1538711086578, -0.743553, -0.523238, -0.235652, 0.343246
1538711086639, -0.741052, -0.524403, -0.23208, 0.349258
1538711086699, -0.739406, -0.524945, -0.229338, 0.353715
1538711086759, -0.739008, -0.522504, -0.230494, 0.357389
1538711086819, -0.739831, -0.521813, -0.230096, 0.356952
1538711086878, -0.739066, -0.522912, -0.229849, 0.357089
1538711086940, -0.739228, -0.521895, -0.23051, 0.357815
1538711086999, -0.740116, -0.520747, -0.231316, 0.357131
1538711087059, -0.741832, -0.519639, -0.232329, 0.354516
1538711087119, -0.743105, -0.518847, -0.23509, 0.351175
1538711087179, -0.74488, -0.517351, -0.238187, 0.347514
1538711087239, -0.746963, -0.515361, -0.241598, 0.343624
1538711087299, -0.749897, -0.512772, -0.245714, 0.338145
1538711087358, -0.75417, -0.509234, -0.251834, 0.329373
1538711087419, -0.758398, -0.505882, -0.259561, 0.318657
1538711087479, -0.760817, -0.503655, -0.269233, 0.308222
1538711087539, -0.761154, -0.501953, -0.281876, 0.298718
1538711087610, -0.764753, -0.499465, -0.290309, 0.285318
1538711087658, -0.767934, -0.496554, -0.298968, 0.272631
1538711087718, -0.769967, -0.494373, -0.306957, 0.261768
1538711087779, -0.771661, -0.492886, -0.31228, 0.253143
1538711087839, -0.773801, -0.490079, -0.316812, 0.246339
1538711087898, -0.775085, -0.488056, -0.320194, 0.241905
1538711087959, -0.776095, -0.486091, -0.322871, 0.239051
1538711088020, -0.776718, -0.484739, -0.324781, 0.237179
1538711088079, -0.777191, -0.483138, -0.326821, 0.236091
1538711088139, -0.777427, -0.481936, -0.328362, 0.23563
1538711088199, -0.777833, -0.480653, -0.329158, 0.235801
1538711088258, -0.777803, -0.480436, -0.329034, 0.236516
1538711088318, -0.778272, -0.480222, -0.32812, 0.236676
1538711088379, -0.77815, -0.480404, -0.327712, 0.237269
1538711088439, -0.777928, -0.480517, -0.327806, 0.23764
1538711088499, -0.777767, -0.481008, -0.327748, 0.237256
1538711088559, -0.777573, -0.481162, -0.328327, 0.236777
1538711088620, -0.777762, -0.481488, -0.328045, 0.235882
1538711088679, -0.777825, -0.481295, -0.328687, 0.235171
1538711088739, -0.77834, -0.480898, -0.329447, 0.233209
1538711088799, -0.779487, -0.479545, -0.330746, 0.230307
1538711088859, -0.780679, -0.476912, -0.333016, 0.228459
1538711088919, -0.781398, -0.474088, -0.335692, 0.227962
1538711088978, -0.782129, -0.471078, -0.338148, 0.228067
1538711089039, -0.783287, -0.468124, -0.340834, 0.226168
1538711089098, -0.784678, -0.465469, -0.343007, 0.223526
1538711089159, -0.785892, -0.463465, -0.343676, 0.222394
1538711089219, -0.78614, -0.462431, -0.344413, 0.222532
1538711089279, -0.786518, -0.46166, -0.345099, 0.221733
1538711089338, -0.787067, -0.461246, -0.344813, 0.221088
1538711089398, -0.78701, -0.460321, -0.346047, 0.221289
1538711089458, -0.787305, -0.460174, -0.345825, 0.220893
1538711089518, -0.787398, -0.460037, -0.346458, 0.219853
1538711089579, -0.787452, -0.460137, -0.346378, 0.219575
1538711089640, -0.787588, -0.460326, -0.345931, 0.219399
1538711089701, -0.787747, -0.460362, -0.345685, 0.21914
1538711089758, -0.788339, -0.460028, -0.345528, 0.217954
1538711092997, -0.787998, -0.46104, -0.345068, 0.217779
1538711093058, -0.789486, -0.462297, -0.342046, 0.214465
1538711093117, -0.78949, -0.464283, -0.34022, 0.213064
1538711093178, -0.789895, -0.466153, -0.337489, 0.211817
1538711093237, -0.789707, -0.468932, -0.335262, 0.209913
1538711093298, -0.789974, -0.470797, -0.332622, 0.20893
1538711093359, -0.790512, -0.473323, -0.329413, 0.206254
1538711093417, -0.791601, -0.474106, -0.326702, 0.204587
1538711093480, -0.791925, -0.475101, -0.325823, 0.202416
1538711093538, -0.792299, -0.476474, -0.32407, 0.200526
1538711093597, -0.792142, -0.475993, -0.32465, 0.201352
1538711093660, -0.79272, -0.476054, -0.323465, 0.200838
1538711093717, -0.79334, -0.476239, -0.322182, 0.200014
1538711093778, -0.79325, -0.476189, -0.322376, 0.200179
1538711093838, -0.793028, -0.476116, -0.322604, 0.200859
1538711093898, -0.792621, -0.476483, -0.32272, 0.201413
1538711093958, -0.792053, -0.476849, -0.323074, 0.202211
1538711094023, -0.791705, -0.476866, -0.323798, 0.202375
1538711094080, -0.791577, -0.476075, -0.325213, 0.20247
1538711094139, -0.791935, -0.475917, -0.325753, 0.200563
1538711094199, -0.792462, -0.476696, -0.325113, 0.197648
1538711094258, -0.792423, -0.477031, -0.32659, 0.194534
1538711094319, -0.793309, -0.476402, -0.327965, 0.190104
1538711094378, -0.794887, -0.474527, -0.330093, 0.184434
1538711094439, -0.797294, -0.471882, -0.332415, 0.176488
1538711094498, -0.800308, -0.467888, -0.335342, 0.167725
1538711094558, -0.803981, -0.463127, -0.337843, 0.158074
1538711094619, -0.807606, -0.457379, -0.341317, 0.148586
1538711094678, -0.81074, -0.451933, -0.344694, 0.14015
1538711094739, -0.813069, -0.447919, -0.346779, 0.134275
1538711094798, -0.813886, -0.445417, -0.349344, 0.130961
1538711094859, -0.814375, -0.445207, -0.34828, 0.131464
1538711094918, -0.81416, -0.445751, -0.346695, 0.135093
1538711094980, -0.813526, -0.447043, -0.34441, 0.140384
1538711095038, -0.812074, -0.449361, -0.341674, 0.147875
1538711095098, -0.809652, -0.453496, -0.337248, 0.158322
1538711095159, -0.806553, -0.45887, -0.33061, 0.172065
1538711095218, -0.801922, -0.465359, -0.324072, 0.187982
1538711095279, -0.796322, -0.472086, -0.317577, 0.205304
1538711095339, -0.791349, -0.477758, -0.307891, 0.225202
1538711095399, -0.785605, -0.483054, -0.297842, 0.246521
1538711095459, -0.779817, -0.488519, -0.286375, 0.266875
1538711095519, -0.774743, -0.493078, -0.27614, 0.283536
1538711095578, -0.770799, -0.496258, -0.268647, 0.295675
1538711095638, -0.767942, -0.499346, -0.262277, 0.303526
1538711095698, -0.765505, -0.501101, -0.258632, 0.309851
1538711095758, -0.763023, -0.503735, -0.256299, 0.313617
1538711095818, -0.761338, -0.505081, -0.255762, 0.315977
1538711095877, -0.760877, -0.50605, -0.255762, 0.315537
1538711095938, -0.760918, -0.506361, -0.256893, 0.314018
1538711095999, -0.761426, -0.50597, -0.258732, 0.311897
1538711096059, -0.762572, -0.503674, -0.26238, 0.309761
1538711096118, -0.764735, -0.500835, -0.267614, 0.304508
1538711096178, -0.767683, -0.498468, -0.273056, 0.296024
1538711096238, -0.771146, -0.496155, -0.278504, 0.285655
1538711096298, -0.774038, -0.493011, -0.287038, 0.274613
1538711096358, -0.777134, -0.489818, -0.296051, 0.261712
1538711096418, -0.780138, -0.486112, -0.305658, 0.248295
1538711096478, -0.782722, -0.482504, -0.313953, 0.236575
1538711096538, -0.784565, -0.479313, -0.320965, 0.227369
1538711096599, -0.786734, -0.476706, -0.324623, 0.220045
1538711096658, -0.788093, -0.474119, -0.328034, 0.215667
1538711096718, -0.789494, -0.471882, -0.330043, 0.21236
1538711096778, -0.790531, -0.470398, -0.330609, 0.210909
1538711096838, -0.790903, -0.469092, -0.331358, 0.211248
1538711096898, -0.791059, -0.468506, -0.331301, 0.21205
1538711096959, -0.791254, -0.468396, -0.33048, 0.212847
1538711097019, -0.790981, -0.468245, -0.330588, 0.214022
1538711097079, -0.790668, -0.468893, -0.330223, 0.214322
1538711097138, -0.790445, -0.469754, -0.329586, 0.21424
1538711097198, -0.790013, -0.470808, -0.329104, 0.214264
1538711097258, -0.789478, -0.472222, -0.328251, 0.214431
1538711097320, -0.788995, -0.473244, -0.328088, 0.214204
1538711097379, -0.788945, -0.474068, -0.327322, 0.213739
1538711097438, -0.788696, -0.474596, -0.327056, 0.213892
1538711097499, -0.788361, -0.475002, -0.326748, 0.214693
1538711097558, -0.787218, -0.475393, -0.329146, 0.214358
1538711097619, -0.785886, -0.474815, -0.333302, 0.214107
1538711097678, -0.784745, -0.474153, -0.337005, 0.213964
1538711097738, -0.784415, -0.473066, -0.339569, 0.213525
1538711097798, -0.783795, -0.471904, -0.342788, 0.213228
1538711097859, -0.783328, -0.470792, -0.345268, 0.213403
1538711097919, -0.783514, -0.470241, -0.346563, 0.21183
1538711097979, -0.784003, -0.470344, -0.346388, 0.210067
1538711098041, -0.783357, -0.470959, -0.3468, 0.210421
1538711098098, -0.783604, -0.471947, -0.345753, 0.209009
1538711098158, -0.783539, -0.47233, -0.345676, 0.208512
1538711098219, -0.784082, -0.472, -0.34568, 0.207208
1538711098279, -0.784137, -0.472002, -0.345738, 0.206898
1538711098338, -0.783997, -0.472255, -0.345581, 0.207114
1538711098398, -0.78464, -0.472057, -0.345064, 0.20599
1538711098459, -0.785179, -0.471285, -0.345408, 0.205123
1538711098520, -0.785513, -0.470938, -0.345599, 0.20432
1538711098577, -0.786123, -0.469593, -0.347229, 0.202296
1538711098637, -0.786195, -0.46892, -0.3481, 0.202078
