107792347724790	-0.02151104	0.0076108724	-0.0075941086
107792362724790	-0.054461606	0.029364739	-0.010440826
107792377724790	-0.11357481	0.011138238	-0.010912895
107792392724790	-0.1093349	-0.016099617	-0.019896507
107792407724790	-0.096061714	-0.015556306	-0.019529343
107792422724790	-0.11698925	-0.038814187	-0.015130043
107792437724790	-0.13143148	-0.03255684	-0.01565361
107792452724790	-0.11058122	-0.031191446	-0.007951736
107792467724790	-0.10807083	-0.041651003	-0.007744789
107792482724790	-0.10967723	-0.04650403	-0.010107994
107792497724790	-0.10049262	-0.03768947	-0.040740013
107792512724790	-0.122369245	-0.059098095	-0.022202492
107792527724790	-0.122369245	-0.059098095	-0.022202492
107792542724790	-0.095604844	-0.034682073	-0.016996384
107792557724790	-0.095604844	-0.034682073	-0.016996384
107792572724790	-0.09314707	-0.040119603	-0.009788513
107792587724790	-0.0834792	-0.029289834	-0.016739845
107792593611613	-0.08808448	-0.027305357	-0.024007797
107792608611613	-0.10644931	-0.027319536	-0.005630493
107792612792603	-0.10435986	-0.029144354	-0.00792408
107792620774634	-0.0943447	-0.017215624	-0.04805088
107792628722446	-0.08075489	-0.014977977	-0.031111717
107792643067863	-0.066659	-0.016079642	-0.037792206
107792658067863	-0.07173288	-0.032140702	-0.006978035
107792660649738	-0.054865643	-0.007006377	-0.016287804
107792670278853	-0.065274976	-0.03806193	-0.03041935
107792676495259	-0.06890736	-0.059093565	-0.011329651
107792685511613	-0.069645114	-0.03889951	-0.004527092
107792693370051	-0.0933929	-0.035299107	-0.010023117
107792705351613	-0.09140563	-0.043621108	-0.021708488
107792714735103	-0.08142363	-0.009492949	-0.04554844
107792729735103	-0.0823847	-0.017787881	-0.06679726
107792737662394	-0.06933356	-0.021906279	-0.047437668
107792752662394	-0.07449701	-0.023984775	-0.016833305
107792763907030	-0.0769188	-0.028703794	-0.007370949
107792763981248	-0.10038823	-0.04166618	0.0063295364
107792777432603	-0.099810675	-0.014822215	0.0012464523
107792783878853	-0.0971544	-0.008583382	-0.022460938
107792791442707	-0.07054738	-0.010660946	0.0019807816
107792798438176	-0.0724293	0.0077604875	-0.012535095
107792812836821	-0.07465623	-0.013839185	-0.026550293
107792822268853	-0.09124471	-0.0039679557	-0.017695427
107792834668592	-0.07012112	-0.050451197	-0.018878937
107792848620519	-0.07087629	-0.048319615	-0.01893711
107792863620519	-0.07694503	-0.059014365	0.0070638657
107792869908019	-0.06846742	-0.03923168	0.040175438
107792884441301	-0.088908546	-0.057480372	0.02562046
107792897091196	-0.0784979	-0.038333282	0.001964569
107792912091196	-0.082308054	-0.03769375	-0.0029325485
107792923798853	-0.06988565	-0.0038650595	-0.029075623
107792923877446	-0.08606832	-0.034000285	-0.019694328
107792923948696	-0.08606832	-0.034000285	-0.019694328
107792938948696	-0.04576742	-0.022289842	-0.01640606
107792951414113	-0.043857392	-0.022137944	-0.016397476
107792951502655	-0.0427452	-0.0272225	-0.013934135
107792959453800	-0.06992791	-0.041374147	-0.014494896
107792974453800	-0.06435716	-0.025058743	-0.009837151
107792985736509	-0.06234584	-0.02583649	-0.009827614
107792985819634	-0.07453436	-0.03330192	-0.019522667
107793000819634	-0.07621157	0.014990784	-0.03442669
107793009128384	-0.07590834	-0.005124189	-0.05076599
107793023837134	-0.07014378	-0.018383108	-0.019688606
107793024734217	-0.049964268	-0.02305258	-0.016747475
107793034451092	-0.060702056	-0.034871653	0.009151459
107793039268436	-0.050350606	-0.030757122	-0.021425247
107793051609217	-0.036951024	-0.01636473	-0.007074356
107793059654946	-0.027256882	-0.012258742	-0.025828362
107793074350623	-0.038496424	-0.01620173	-0.030812263
107793082964946	-0.030703006	-0.020375852	-0.06135273
107793091813175	-0.037644185	-0.0261771	-0.047263145
107793099148853	-0.032155637	-0.043053497	-0.051638603
107793108513175	-0.062160544	-0.035171315	-0.0406847
107793121431092	-0.05464492	-0.017239865	-0.03128147
107793136431092	-0.047156718	-0.014285404	-0.014580727
107793151431092	-0.045524415	-0.01452839	-0.014572144
107793154863332	-0.042787116	-0.014490724	0.009168625
107793159740311	-0.031952254	0.017492417	0.0018959045
107793174740311	-0.02154554	-0.0055528693	-0.021232605
107793179043332	-0.037501056	-0.0045276135	-0.028754234
107793188928905	-0.027670663	0.020891462	-0.02649498
107793195158540	-0.04037592	-0.018093366	-0.031058311
107793206523488	-0.021800783	-0.009577874	-0.042567253
107793221523488	-0.013321742	-0.021678671	-0.042230606
107793225618592	-0.013321742	-0.021678671	-0.042230606
107793239427498	-0.031379204	-0.04679085	-0.068387985
107793247181717	-0.021549419	-0.06483169	-0.034778595
107793261917498	-0.043279964	-0.06709638	-0.028162003
107793269405936	-0.026677448	-0.038001504	-0.023417473
107793278666925	-0.01458274	-0.036686096	-0.01604557
107793290823384	-0.05546175	-0.051852997	-0.076016426
107793298270936	-0.03324886	0.014589824	-0.03370762
107793313270936	-0.109720424	-0.027397882	-0.008925438
107793325496457	-0.11428691	-0.044482887	-0.030035019
107793340496457	-0.036722638	-0.07066236	-0.07955837
107793342185884	-0.06635286	-0.10195199	-0.0799942
107793342257759	-0.038327016	-0.030203544	-0.006319046
107793357257759	0.34027207	0.1141163	-0.28180218
107793372257759	0.18625079	0.056070603	-0.20546913
107793380819373	-0.071858056	0.041132767	0.004213333
107793395819373	0.09884369	0.16272128	0.022455215
107793403525311	0.40515167	0.13525523	-0.1543026
107793403596509	0.40515167	0.13525523	-0.1543026
107793418012602	0.2096581	0.12845834	-0.57347965
107793426950519	0.05001335	0.3280487	0.21833801
107793427068800	0.41120845	0.36699754	0.1751566
107793442068800	0.34423262	0.10881277	-0.25755978
107793446926561	0.121565856	-0.098427474	-0.33449936
107793461926561	-0.22942106	-0.2009641	-0.09998894
107793468015988	-0.5550449	-0.24181736	0.17478561
107793483015988	-0.59999835	-0.1871785	0.17335415
107793483540311	-0.12044152	0.19836372	0.4154377
107793496272186	0.07773431	-0.17095797	-0.41310787
107793501721717	0.10055092	-0.37396663	-0.69728184
107793512948644	0.07158249	-0.20657496	-0.32685566
107793525637707	0.04673002	-0.051123805	0.013990402
107793536517498	0.14935435	0.09059517	0.07568073
107793551517498	0.13174422	-0.024700325	-0.10214138
107793554456717	-0.0043677934	-0.0096136965	0.029149055
107793569456717	-0.027355798	0.0055263042	0.060995102
107793580835519	0.16543232	-0.016351134	-0.0289011
107793580904165	0.06201115	-0.06723984	-0.064229965
107793592222394	0.08271086	-0.12239467	-0.14675999
107793602801248	-0.091582425	-0.15389453	-0.48424816
107793617801248	0.8528251	-0.6716198	0.3003788
107793632801248	0.90044564	-1.0545918	0.1169281
107793647801248	0.66197336	-0.5775907	-0.086663246
107793662801248	0.3163084	-0.37731272	0.055355072
107793670729946	0.3285377	-0.4377015	-0.08483982
107793685729946	0.3130051	-0.4206257	-0.05612278
107793689067290	0.19483769	-0.29756552	0.10297203
107793689135206	0.17993012	-0.29545116	0.103318214
107793689211769	0.5049348	-0.28759122	0.08990002
107793704211769	0.6245845	-0.24486987	0.06439495
107793718427029	0.6554025	-0.3527978	-0.02099514
107793718502498	0.6554025	-0.3527978	-0.02099514
107793733502498	0.508151	-0.231235	0.13159752
107793748502498	0.1123433	-0.5357685	-0.08454323
107793748732759	-0.30141115	-0.7831851	0.083869934
107793763732759	-0.39088142	-0.69448924	0.23913288
107793775676144	-0.38850263	-0.68991655	0.239542
107793775753019	-0.18463998	-1.1196547	-0.40167713
107793790753019	0.011143258	-0.6020817	-0.022654533
107793805753019	0.035608754	-0.67138577	-0.565897
107793818593488	0.22695617	-0.30408806	0.27068806
107793818670258	0.22695617	-0.30408806	0.27068806
107793818758696	-0.21404167	-0.38284317	0.13293171
107793833758696	-0.31744385	-0.49423945	0.37906933
107793841374686	-0.24230069	-0.5998687	0.5225296
107793852926665	-0.7445138	-1.1726595	-0.28447247
107793857596717	0.004820884	-0.8643679	-0.93755245
107793868717863	0.1394085	-0.33800745	0.24277878
107793876750467	-0.1779682	-0.23341237	1.1120453
107793890287915	-0.105853915	-0.47909123	-0.63292027
107793903527863	-0.4374283	-0.47332224	0.2970934
107793918527863	-0.94080853	-1.1125078	-0.36589718
107793926634946	-1.4105595	-1.6143152	-2.0053902
107793927575883	-1.5433503	-1.1827908	0.15518284
107793942575883	-1.0965472	-0.7054307	-0.02149582
107793947642081	-0.3484876	0.5243762	2.0038567
107793962457863	-0.4080161	0.36623985	0.8563242
107793963443436	-0.7170134	0.2167919	1.6644039
107793975484633	-1.0131297	-0.14967334	0.5842705
107793985427915	-0.47928005	0.30442142	0.16081333
107793992117863	-0.64883333	0.33631736	1.5635157
107794007117863	-0.8730752	0.24292544	0.33642292
107794012140154	-1.2405802	-0.15123299	-0.57426167
107794024962863	-0.87813234	0.6284911	1.384449
107794039962863	-1.0916774	0.3110727	-1.1178799
107794046530102	-0.8710486	0.7914927	-0.6237345
107794061530102	-0.92292637	0.48875064	-1.2733612
107794062001300	-0.92292637	0.48875064	-1.2733612
107794071801665	-1.394817	0.44045937	0.1390276
107794079203592	-1.4286938	0.7465536	1.031992
107794088603435	-1.609832	0.84945196	1.1500854
107794098214633	-1.0609711	1.0600824	0.31629086
107794111530883	-0.9336326	1.4266347	-0.40919495
107794116423435	-0.7507911	1.8091592	2.4541016
107794123239217	-0.66114503	1.4945033	0.62518024
107794132485675	-0.7081958	1.724298	-0.7527981
107794144341560	-0.6255654	1.8889769	0.9290161
107794159341560	-0.21685821	1.7081286	-0.38745213
107794164936196	-0.31438938	1.8115513	0.0818491
107794176898227	-0.6597578	1.7557268	0.78408337
107794185123488	-0.9070622	1.6009152	1.1491499
107794196904165	-0.40756977	1.7161231	-0.09525776
107794207888904	-0.5497966	1.3648847	-2.1137276
107794222888904	-0.53628993	1.3528254	-2.1106281
107794233959269	-0.08767095	1.7916653	0.28676796
107794234026560	0.07560542	1.933357	0.96844864
107794249026560	0.45563886	2.020183	1.5416384
107794264026560	0.20919314	1.9742751	0.3520813
107794264794946	-0.44237873	1.6121008	0.24866009
107794279794946	0.11571454	1.7749709	0.29245567
107794294794946	0.47308034	1.9124947	-0.4141264
107794309794946	1.5045501	1.9438848	0.33258343
107794318031404	1.2807729	1.8172787	0.9457369
107794318707550	1.6093867	1.7704017	0.7537317
107794319356040	1.2257894	1.5376635	-2.252582
107794334356040	0.5165435	1.0073025	-3.5529318
107794348575154	0.23429292	1.2303041	-3.3165922
107794349238592	-0.5244973	0.842169	-2.9799247
107794364238592	-1.0857618	0.43149942	-1.8786821
107794372072133	-0.41083232	0.42551094	-0.7758417
107794387072133	0.6851371	0.85896707	-2.1258698
107794390799008	0.7542352	0.77142304	-1.7211666
107794405799008	0.5209713	0.82564634	-1.653183
107794411762394	0.73635894	0.6728262	-0.825202
107794426762394	0.1270092	-0.024174266	-0.24786377
107794437318383	0.37758738	-0.032338686	0.20402908
107794437395050	0.30105358	0.29939002	1.6618252
107794452395050	0.5417921	0.18327188	1.4759798
107794463583852	0.5417921	0.18327188	1.4759798
107794463660727	0.5680733	0.07120151	-0.11680317
107794474167498	0.4556455	0.034630798	1.2455702
107794478111144	0.6789672	0.0796392	1.4844675
107794490267967	0.7039521	0.0060914345	1.883647
107794502115467	1.046633	0.08008638	-0.029881477
107794514499894	0.6143295	0.023009606	0.28747463
107794525100571	0.5072093	-0.10145891	1.0431099
107794539773539	0.9448877	0.086608745	0.26821423
107794539957029	1.16078	-0.09796208	0.14523983
107794551761873	1.4958024	-0.019659335	-0.32623482
107794560315571	1.219573	-0.24092872	0.44378567
107794571248800	1.5845703	0.049015854	-1.0661001
107794583809321	1.2727592	-0.27472758	0.009442329
107794590971612	1.219324	-0.21179199	0.24613857
107794600582133	1.2146294	-0.42098975	0.78051853
107794615582133	1.1316029	-0.31190154	0.07522488
107794628762029	1.0699675	-0.312999	0.20168495
107794643762029	1.2028486	0.010168396	1.0430622
107794656583904	1.1858335	0.015944142	1.0449362
107794656767342	1.1730695	0.12860195	0.9644375
107794656846039	0.9065425	-0.12644225	0.60152245
107794662054164	0.9803736	-0.2000502	0.34693718
107794677054164	1.1601474	-0.4883778	0.6024275
107794684718019	0.8284511	-0.49168313	0.17685318
107794692783487	1.1655419	-0.33491358	-0.6794691
107794707783487	1.2174172	-0.31855536	-0.94956875
107794711595258	0.69330406	-0.4308366	-0.36939812
107794726595258	0.5107826	-0.5352349	1.6605148
107794735753175	0.7156148	-0.48755467	-0.94663334
107794744408071	0.69682753	-0.34393528	-0.5644398
107794753315675	0.6509106	-0.4364819	-0.523324
107794761388539	0.7372104	-0.409261	-1.0930157
107794775988227	0.40672743	-0.39524502	1.1292181
107794788360675	0.20135331	-0.78632283	-0.12449074
107794803360675	0.18437795	-0.693521	0.6371832
107794818360675	0.18437795	-0.693521	0.6371832
107794826503383	0.4225704	-0.68730825	-0.17253876
107794826581977	0.39805126	-0.67884	-0.170887
107794826743956	0.67264265	-0.27456936	-0.18653011
107794841743956	0.27394807	-0.28349113	0.1679287
107794853729216	-0.11081135	-0.58212626	0.61235523
107794860391925	-0.024702808	-0.6157547	0.44692326
107794864267446	-0.058908056	-0.64092314	0.5572653
107794879107394	-0.31764856	-0.7173929	0.575346
107794894107394	-0.41036734	-0.797223	0.554368
107794903331560	0.16247146	-0.69900316	-0.5150986
107794916904164	0.16649175	-0.7557455	0.08621788
107794917855102	0.14978588	-0.98136485	0.7481203
107794929560779	0.7029158	-0.767974	0.4209547
107794944560779	1.1641537	-0.7111383	-0.7439518
107794959560779	0.78976434	-0.6975455	0.6409216
107794967556352	0.8782986	-0.55391085	-0.34864998
107794974565050	0.54329866	-0.6524513	0.021838188
107794983562446	0.5720312	-0.99918437	-0.956563
107794998562446	0.17744641	-1.1784234	-0.17128754
107795013562446	0.6822109	-1.001818	-0.8688202
107795014818331	0.50067085	-0.94750905	0.5449753
107795017437914	0.74486077	-1.3756006	-0.62831974
107795022123331	0.35667843	-1.1003133	0.29761314
107795025803383	0.6125712	-1.073222	-0.35750198
107795036300727	0.28057078	-0.77373177	0.37544632
107795045982029	0.29994813	-1.3881174	-2.776888
107795060982029	-0.26530826	-1.3059988	-1.2303867
107795067370727	-0.30560282	-1.1168205	0.0986042
107795082370727	-0.080351315	-1.1259125	-0.6089258
107795087980258	0.019214563	-1.357632	-2.3417907
107795102980258	-0.2315642	-0.9142407	-0.91761494
107795109110831	-0.39758968	-0.5317674	0.5344887
107795119541716	-0.34169865	-0.7403071	0.38356018
107795129096091	-0.7434838	-0.9022583	-1.4004488
107795138324008	-1.0704517	-0.4127873	0.917922
107795151662081	-0.7034479	-0.60367525	-1.1970091
107795166662081	-1.098034	-0.2554529	-0.3309374
107795180867758	-0.70842975	0.3728659	0.17594147
107795195022758	-1.2252234	0.38791767	-0.49602127
107795202974060	-1.3883535	0.5938029	-0.26319885
107795203244581	-1.3763009	0.60241705	-0.26198673
107795203319998	-1.4850528	0.35404375	-1.7148256
107795214825466	-1.4252615	0.38889942	-1.5786896
107795229825466	-1.5948061	0.60383826	-0.80056286
107795238606925	-1.1306882	0.254677	-0.12119293
107795253606925	-1.6684139	0.8474214	0.0027370453
107795268606925	-1.2492418	0.8377197	-0.26453304
107795270502810	-1.6195588	0.934176	0.2751608
107795277749268	-1.8589553	1.0960114	0.3757515
107795279125831	-1.5537415	1.1507728	0.34784985
107795291468748	-1.4811236	1.2801197	0.18437958
107795306468748	-1.3841815	1.3466461	0.10502529
107795314163070	-1.0534996	1.1327493	0.099173546
107795329163070	-1.0327638	1.4763223	0.04145336
107795338194529	-0.50706047	0.7882308	0.09623051
107795338260466	-0.19466025	0.43478435	0.10566044
107795343864320	-0.024162818	0.22590299	0.07827377
107795357501456	0.028626364	0.20143889	0.15121841
107795366041716	0.10531914	0.07887968	-0.008024216
107795372883643	0.1068204	0.03455819	0.025024414
107795387883643	0.13796334	0.025643196	0.015579224
107795395425466	0.11738262	-0.00461395	-0.007920265
107795407186716	0.06490726	-0.009000062	-0.07407665
107795422186716	0.09113308	-0.025037419	-0.06671429
107795427391404	0.10407022	-0.04765507	-0.047421455
107795436121560	0.12577114	-0.048287533	-0.051888466
107795443506456	0.10779278	-0.01763106	-0.021269798
107795449063383	0.10436732	-0.052606005	-0.016098976
107795458276820	0.08159774	-0.012130508	-0.011734009
107795473276820	0.08622169	-0.028462475	0.043006897
107795479562237	0.11481848	-0.02378586	0.06217289
107795494562237	0.14933953	-0.15430208	-0.25998783
107795507572081	0.6121298	-0.12671636	-0.46383953
107795508484060	0.52787733	-0.4691715	-0.3453312
107795522907237	0.07634775	-0.043607943	-0.23302174
107795537907237	-0.082878724	0.10040372	-0.15784931
107795548073435	-0.5286531	-0.25098947	-0.43000507
107795548141143	0.24144307	0.22690839	-0.24061489
107795563141143	0.4528623	-0.25493142	-0.43827438
107795576615935	0.7654211	0.10436395	0.38688946
107795576794372	0.7654211	0.10436395	0.38688946
107795591794372	0.1853065	0.25634074	0.461483
107795597821820	0.21031393	0.0023542345	0.04620838
107795605464372	0.30079913	-0.23171546	-0.41631317
107795613839216	0.29620123	-0.049236417	-0.04761696
107795623503852	0.082564585	0.040462337	0.24355698
107795631757914	0.03528517	-0.016956413	0.15658474
107795645384477	0.23226191	-0.0997633	-0.17440605
107795660384477	0.24332525	-0.112450264	-0.17481995
107795664947185	0.18660492	-0.17874435	-0.20991611
107795676143435	0.069758475	0.018900974	0.14936352
107795685195414	0.18250814	-0.09025052	-0.12981796
107795694449268	0.19147637	-0.13237111	-0.181386
107795701050831	0.12887244	-0.011569712	0.06502628
107795715615466	0.10431101	0.0015542284	0.08140755
107795725354372	0.18151356	-0.077004865	-0.10136032
107795736325466	0.14180334	-0.08589752	-0.059023857
107795751325466	0.099770054	-0.030660067	0.096232414
107795761594581	0.099770054	-0.030660067	0.096232414
107795761724268	0.14056574	-0.1257399	-0.0914011
107795776724268	0.11318223	-0.037462886	-0.024085045
107795785383018	0.0285386	-0.07278001	0.063183784
107795785456195	0.098382294	-0.03405627	-0.014800072
107795800456195	0.16569243	-0.016032802	-0.038038254
107795815144529	0.16161226	-0.014855949	-0.037967682
107795815327862	0.11286028	-0.041298624	-0.028626442
107795830327862	0.1092516	-0.040155683	-0.028579712
107795837285831	0.12307047	-0.046100218	0.018978119
107795849071976	0.11939761	-0.0204699	0.032832146
107795856331768	0.1516085	-0.04692365	0.009990692
107795867617393	0.16992414	-0.06726344	-0.05336857
107795882617393	0.14570689	-0.035155296	-0.025618553
107795885785831	-0.03274603	-0.09650923	-0.1828804
107795900785831	-0.10281836	-0.03512114	-0.09226227
107795909990831	-0.07569538	0.024791239	0.11778927
107795918472341	0.053041026	-0.025239527	-0.01490593
107795931114737	0.1680578	-0.0654646	-0.13844204
107795946114737	0.056496076	-0.08144042	-0.061343193
107795953421247	0.07787121	-0.022041924	0.072935104
107795954129893	0.10890588	-0.04043219	-0.028063774
107795969129893	0.10941172	-0.050041582	-0.087073326
107795981361195	0.0837596	-0.0028318912	0.0041685104
107795989388279	0.07858887	0.00695825	0.018321991
107795989549268	0.07858887	0.00695825	0.018321991
107795995967914	0.09566932	-0.038438026	-0.04943657
107796005556872	0.08586694	0.0034800284	0.032658577
107796020240778	0.104093984	-0.009869851	-0.02128315
107796030419789	0.12205893	-0.045609582	-0.0536108
107796041345883	0.11356907	-0.013405491	-0.018713951
107796053852549	0.08411954	-0.0079150535	-0.012019157
107796063994112	0.105718166	-0.022141699	-0.051703453
107796076995987	0.10235429	-0.015766766	-0.04710293
107796080137653	0.095479056	-0.016422603	-0.023478508
107796095137653	0.10010522	-0.03135	-0.01603508
107796110137653	0.0982222	-0.03121902	-0.016015053
107796116108487	0.072072506	-0.025023319	-0.014092445
107796117913487	0.05651082	-0.059409067	-0.0089998245
107796124522497	0.06090228	-0.049333513	-0.02090931
107796139522497	0.059538476	-0.05498614	4.8065186E-4
107796142121924	0.067213625	-0.04238215	-0.035082817
107796153307289	0.07798908	-0.026369479	-0.02095604
107796168307289	0.09445939	-0.006465506	-0.011554718
107796183307289	0.09078551	6.363392E-4	1.4209747E-4
107796195729841	0.07844497	-0.038033865	-0.006498337
107796207407081	0.08713427	-0.027258825	-0.0017881393
107796222407081	0.06357123	-0.029082313	0.0026845932
107796237407081	0.06357123	-0.029082313	0.0026845932
107796248923122	0.0398281	-0.022753395	-0.018951416
107796249001091	0.06438772	-0.026961207	-0.011423111
107796249067393	0.09239653	-0.016414508	-0.0017080307
107796249131299	0.08735378	-0.0024264753	3.6239624E-4
107796262838643	0.095787294	-0.018307496	-0.0015897751
107796265945570	0.102661625	-0.032066163	0.015336037
107796274514528	0.06970481	-0.025467794	-0.008918762
107796287742237	0.058901843	0.0020032153	-0.0071439743
107796297486872	0.060195666	-0.023290869	3.8909912E-4
107796306880883	0.07252988	-0.0015593991	-0.009224892
107796321880883	0.04799857	-0.012645505	-0.02836132
107796332440883	0.048624415	-0.0065178685	-0.037916183
107796343831924	0.06135895	0.021655466	-0.035790443
107796358831924	0.0793995	0.0125728175	-0.028253555
107796373831924	0.073491305	-4.9828365E-4	-0.021021843
107796387929164	0.06874768	-0.01844132	-0.013698578
107796401150778	0.06409019	-0.02457586	-0.020756721
107796416150778	0.047766976	-0.0012496561	-0.016634941
107796431150778	0.050484203	-0.031307627	-0.0066452026
107796446150778	0.022394665	-0.02281424	0.004627228
107796461150778	0.027305584	-0.03651662	-0.013998985
107796474319268	0.06549116	-0.03181808	-0.013437271
107796474977757	0.060954984	-0.034351006	-0.020540237
107796476143330	0.084168956	-0.011452816	-0.011030197
107796477129112	0.04340418	-0.006673746	0.014288902
107796477823903	0.05662876	-0.042758226	0.017471313
107796479479112	0.049763277	-0.03824852	0.01731205
107796483252810	0.037714727	-0.053444944	-0.003923416
107796487010466	0.033589683	-0.044229463	-0.0112257
107796495650153	0.052009128	-0.04089734	-0.027518272
107796510650153	0.06943661	-0.017646674	-0.037057877
107796525650153	0.051425017	-0.010968436	-0.03982544
107796533474112	0.041136347	0.004557602	-0.052075386
107796539548278	0.044049677	0.0075760186	-0.03786373
107796548223278	0.034288432	0.012049314	-0.030996323
107796563223278	0.056354836	-0.0048354343	0.009895325
107796578223278	0.039416306	-0.02949673	0.02421856
107796593223278	0.062396303	-0.017095044	-0.0016098022
107796604022237	0.063196234	0.011346865	0.016892433
107796605306299	0.061300337	-0.013616975	0.01964283
107796619634997	0.053822692	-0.008284591	-0.006606102
107796631958487	0.03337759	-0.0019923933	-0.04493332
107796632694632	0.05335351	-0.009110093	-0.02789402
107796636381403	0.058109395	-0.004260149	-0.0065755844
107796639405414	0.06050998	-0.019249652	0.012656212
107796651904268	0.047119495	-0.0027367882	0.016898155
107796666904268	0.035811942	-0.015352227	-0.01149559
107796670599893	0.03051459	-0.016618125	-0.011565208
107796685599893	0.029032353	-0.026621554	-0.009058952
107796692535674	0.046961125	-0.018682227	-0.04436779
107796699984684	0.008673134	-0.015908416	-0.035607338
107796710354164	0.021231465	-0.03836221	-0.032652855
107796717987445	0.033724423	-0.034880538	-0.07271862
107796732987445	0.03577412	-0.004193235	-0.016357422
107796738329059	0.050652336	-0.0010227561	-0.009043694
107796753329059	0.04586153	-0.03430204	-0.022767067
107796761446143	0.04586153	-0.03430204	-0.022767067
107796776446143	0.045571085	-0.041095078	-0.010779381
107796786510049	0.028758444	-0.042820208	-0.020516396
107796786579164	0.048130378	-0.021385182	-0.020525932
107796801579164	0.05088412	-0.0064004473	-0.0017766953
107796813893278	0.036204446	0.011129834	-0.016526222
107796828893278	0.03208374	-0.022104077	-0.03261757
