105853326212212	0.005347237	0.015821863	-0.04334736
105853341212212	-0.0102188	-0.010756727	-0.0385046
105853356212212	-0.04906669	-0.0068445243	-0.03848648
105853371212212	-0.057357766	0.004054114	-0.036089897
105853386212212	-0.07161049	-0.0017060712	-0.036183357
105853401212212	-0.07363096	-0.0065877065	-0.048021317
105853416212212	-0.09107499	-0.03463339	-0.048190117
105853431212212	-0.10970598	-0.02846504	-0.018089294
105853446212212	-0.10970598	-0.02846504	-0.018089294
105853461212212	-0.10884473	-0.05713264	-0.015370369
105853476212212	-0.10884473	-0.05713264	-0.015370369
105853491212212	-0.10459246	-0.042680077	-0.031989098
105853506212212	-0.11535898	-0.020087183	-0.053873062
105853521212212	-0.13027	-0.03178844	-0.047062874
105853536212212	-0.12599657	-0.0053313	-0.03542137
105853551212212	-0.12094827	-0.04669553	-0.037195206
105853566212212	-0.10497749	-0.032350294	-0.029829025
105853581212212	-0.08199026	-0.030717313	-0.04106331
105853596212212	-0.09297717	-0.035932936	-0.012913704
105853607781639	-0.09309259	-0.027717128	-0.0011892319
105853622781639	-0.092193484	-0.02817452	-0.0011816025
105853623878045	-0.12641636	-0.04573501	-0.011396408
105853638878045	-0.1257189	-0.04634984	-0.011390686
105853645109607	-0.11129237	-0.029770069	-0.020648956
105853660109607	-0.07943429	-0.03935159	-0.045726776
105853670391951	-0.1014337	-0.045489058	-0.05337906
105853680940649	-0.11692239	-0.025252521	-0.03509903
105853687545128	-0.11886541	-0.042322576	-0.030247688
105853694900857	-0.07332234	-0.028014995	-0.0055007935
105853709900857	-0.08904818	-0.03495855	-0.003501892
105853724900857	-0.0932481	-0.056942545	-0.0033988953
105853736820753	-0.10725337	-0.053779848	-0.006196022
105853737697889	-0.11344741	-0.029886957	-0.006629944
105853752697889	-0.12875071	-0.04493929	-0.0021591187
105853762971639	-0.10259128	-0.05527995	-0.0037269592
105853763666951	-0.114024095	-0.082813196	-0.015597343
105853775714816	-0.09180952	-0.05216004	-0.022441864
105853783807576	-0.102566935	-0.04935967	-0.018042564
105853794034295	-0.11821413	-0.059601765	-0.025471687
105853800329712	-0.11268172	-0.038901746	-0.030292511
105853815329712	-0.0778676	-0.057082463	-0.026828766
105853817039503	-0.08955256	-0.04894965	-0.024868011
105853825856326	-0.08850778	-0.025655266	-0.044029236
105853840653410	-0.103806876	-0.040827293	-0.039551735
105853848607420	-0.08632809	-0.028099239	-0.0439682
105853862446326	-0.09216672	-0.023959912	-0.032338142
105853875545076	-0.08574248	-0.024683226	-0.022694588
105853883402837	-0.084089234	-0.03038824	-0.039173126
105853896070180	-0.07426893	-0.058600087	-0.029173851
105853911070180	-0.085573785	-0.047486436	-0.031964302
105853922656274	-0.07668642	-0.062366147	-0.041068077
105853934255805	-0.08687918	-0.06485078	-0.046051025
105853947673045	-0.089239545	-0.073276326	-0.048409462
105853962509139	-0.08129969	-0.064259924	-0.029363632
105853968962524	-0.084883675	-0.06753916	-0.017605782
105853983564399	-0.08407627	-0.07274717	0.010860443
105853998564399	-0.08960674	-0.06048925	0.0011100769
105854013560441	-0.08121972	-0.055135183	-0.015309334
105854027572264	-0.069568954	-0.061790306	-0.024427414
105854042572264	-0.090916224	-0.060781214	-0.03682232
105854057572264	-0.113952294	-0.06957224	-0.03495884
105854072572264	-0.09749667	-0.051505625	-0.044187546
105854087572264	-0.10206841	-0.06442301	-0.060753822
105854093520649	-0.08646702	-0.057782788	-0.03674698
105854094261795	-0.08872739	-0.0672607	0.003531456
105854094966274	-0.084369384	-0.049325097	0.0034646988
105854095850389	-0.08422149	-0.06802012	-0.034228325
105854096342420	-0.07464751	-0.03729457	-0.036654472
105854096974191	-0.08130026	-0.03985587	-0.048639297
105854097696847	-0.07709168	-0.045335647	-0.04137516
105854101357524	-0.04702346	-0.04918403	-0.04531288
105854105909711	-0.08548718	-0.037794113	-0.041677475
105854120909711	-0.07533633	-0.04624382	-0.034269333
105854135909711	-0.07036976	-0.048613265	-0.043589592
105854138102420	-0.06338397	-0.044817016	-0.069506645
105854150421951	-0.06660876	-0.047992762	-0.06720638
105854153498305	-0.055782896	-0.042533465	-0.043325424
105854160777524	-0.058822375	-0.06579541	-0.03608799
105854169850336	-0.07616085	-0.06567785	-0.053111076
105854180862784	-0.073261365	-0.03763638	-0.060420036
105854190188982	-0.061990105	-0.032678198	-0.06492996
105854200983514	-0.08951943	-0.04784413	-0.041810036
105854208808409	-0.04240055	-0.042212553	-0.050177574
105854222036274	-0.064015545	-0.05287246	-0.024587631
105854232436066	-0.073829375	-0.055107664	-0.015358925
105854242302264	-0.07262732	-0.063976385	-0.01762867
105854251465441	-0.07294449	-0.06738089	0.006052017
105854266465441	-0.05167934	-0.051917233	0.0016803741
105854275023149	-0.07935731	-0.045481764	-0.03695011
105854290023149	-0.069283	-0.041984495	-0.053322792
105854291672263	-0.08960728	-0.049669918	-0.05613041
105854301960805	-0.0817926	-0.035594594	-0.06081772
105854307542107	-0.06115172	-0.043440737	-0.034220695
105854317422680	-0.069377005	-0.052657306	-0.0012073517
105854327799138	-0.082217455	-0.04621055	-0.027629852
105854341636378	-0.08670841	-0.03227579	-0.008938789
105854344188670	-0.08587032	-0.05617394	-0.027648926
105854353348097	-0.08359018	-0.038264908	-0.060910225
105854368348097	-0.06777842	-0.04738458	-0.03679943
105854372700857	-0.07617945	-0.028297666	-0.039551735
105854387700857	-0.054742336	-0.056418773	-0.02696991
105854394813513	-0.05942559	-0.04261847	-0.013011932
105854402215701	-0.046342567	-0.062904105	-0.024370193
105854411274503	-0.025590144	-0.065478265	-0.02624607
105854422511586	-0.029579401	-0.06363144	-0.024012566
105854437511586	-0.070887275	-0.063850254	-0.017895699
105854444174503	-0.081180744	-0.057768364	-0.013469696
105854454463149	-0.0817988	-0.047872305	-0.032523155
105854462623045	-0.08382416	-0.029322576	-0.02090931
105854473948513	-0.0838812	-0.047903318	-0.018398285
105854485855336	-0.06970901	-0.0766972	-0.03204727
105854493025180	-0.028260209	-0.06372836	-0.040699005
105854505599190	-0.021775763	-0.09157766	-0.026126862
105854511155805	-0.046976164	-0.08198532	-0.026791573
105854524530805	-0.03634257	-0.071795076	-0.03848648
105854530832888	-0.051101953	-0.063618965	-0.055475235
105854539338149	-0.06063371	-0.07417521	-0.048511505
105854548735857	-0.050613426	-0.07545014	-0.019883156
105854555976378	-0.076572284	-0.07213572	-0.037064552
105854564645024	-0.053800475	-0.058437932	-0.034317017
105854576201274	-0.07113774	-0.043038487	-0.03484726
105854588616065	-0.057741795	-0.07192019	-0.024859428
105854597422732	-0.04341757	-0.082386546	-0.019739151
105854610478826	-0.04329984	-0.09776303	-0.026721954
105854625478826	-0.061834242	-0.06897631	-0.036855698
105854627825284	-0.061834242	-0.06897631	-0.036855698
105854639591378	-0.05195725	-0.065501794	-0.05798149
105854648119555	-0.07179459	-0.06311891	-0.03241253
105854661380232	-0.07647409	-0.052804638	-0.025513649
105854673977888	-0.06948772	-0.033840198	-0.04209423
105854684313149	-0.07368304	-0.0435216	-0.03738594
105854698384659	-0.050868563	-0.065092355	-0.036730766
105854712475961	-0.049352642	-0.058658514	-0.032029152
105854726148097	-0.051683903	-0.08210918	-0.05084133
105854735592367	-0.045448333	-0.07479422	-0.02947712
105854749540701	-0.04455436	-0.04347356	-0.062862396
105854763532784	-0.038818426	-0.039320283	-0.04148197
105854774527524	-0.018915316	-0.030263368	-0.022203445
105854783779711	-0.03360519	-0.041981466	-0.010604858
105854797398982	-0.03850131	-0.058309298	-0.00823307
105854803050180	-0.04179369	-0.07327516	0.0036306381
105854815708930	-0.05139601	-0.0674618	-0.0226717
105854830708930	-0.035547286	-0.067741126	-0.05310917
105854838387784	-0.044936724	-0.08161273	-0.07687473
105854852595284	-0.031688992	-0.0598603	-0.055473328
105854863282888	-0.039472453	-0.057197195	-0.02963543
105854876867211	-0.031584617	-0.075299464	-0.024612427
105854888582263	-0.05044125	-0.09357715	-0.034344673
105854902820545	-0.033655085	-0.09581537	-0.026889801
105854917820545	-0.055787746	-0.07794141	-0.015663147
105854931872628	-0.05828476	-0.06944609	-0.04419613
105854937168201	-0.037469257	-0.042018484	-0.029780388
105854941896013	-0.013042774	-0.0453189	-0.060040474
105854951297888	-0.019699454	-0.071524374	-0.052894592
105854961918461	-0.0309403	-0.08385341	-0.06014633
105854972094034	-0.044134233	-0.09915954	-0.0011377335
105854980260961	-0.05478397	-0.09646484	-0.017952919
105854989082367	-0.01788965	-0.07432027	0.0015583038
105855002248826	-0.028146107	-0.05656938	-0.012991905
105855014821013	-0.01586486	-0.048292436	-0.027020454
105855025525128	-0.029960621	-0.07208713	-0.046085358
105855037511378	-0.03212188	-0.07356416	-0.012990952
105855051149451	-0.020610949	-0.08002293	-0.007994652
105855057557784	-0.018011978	-0.07882865	-0.0150642395
105855069727680	-0.030013863	-0.07432092	-0.031917572
105855076546222	-0.01218457	-0.069997266	-0.01977253
105855084623878	-0.03462331	-0.06388566	-0.006070137
105855098030128	-0.004170736	-0.06809262	-0.017287254
105855108675128	-0.007687112	-0.06296345	-0.029242516
105855121997888	-0.014688382	-0.08045073	-0.052926064
105855136157211	-0.040337026	-0.05059549	-0.05364895
105855144445336	-0.058105927	-0.046841606	-0.028000832
105855155017211	-0.05752843	-0.06220801	-0.032632828
105855167955128	-0.03329072	-0.073760316	-0.036826134
105855175814190	-0.035961404	-0.070157975	-0.027442932
105855188750232	-0.033847593	-0.057160012	-0.029863358
105855200234815	-0.015140059	-0.069689885	-0.01995945
105855212147211	0.0060234237	-0.084435694	-0.07862854
105855227147211	0.0022801496	-0.07224375	-0.048021317
105855242147211	-0.035264898	-0.077446125	-0.055808067
105855257147211	-0.027316492	-0.0833669	-0.06744957
105855272147211	-0.026265286	-0.076609	-0.06747532
105855287147211	-0.024805695	-0.06309372	-0.039135933
105855302147211	-0.03794522	-0.08474702	-0.029772758
105855317147211	-0.02352497	-0.07144001	-0.057992935
105855332147211	-0.042320054	-0.097408906	-0.04870987
105855347147211	-0.040691685	-0.09080015	-0.07712555
105855362147211	-0.019356959	-0.08666012	-0.10041618
105855363193826	0.0011246754	-0.070524246	-0.085930824
105855364277940	0.0104414895	-0.071407065	-0.052607536
105855379277940	-0.016328366	-0.079582915	-0.027026176
105855394277940	-0.021120548	-0.07247382	-0.050848007
105855409277940	-0.054961424	-0.0818464	-0.046714783
105855424277940	-0.054961424	-0.0818464	-0.046714783
105855439277940	-0.046232	-0.08717566	-0.032370567
105855454277940	-0.033100598	-0.08050151	-0.053474426
105855454452159	-0.022993505	-0.07004917	-0.065190315
105855454523513	0.007994056	-0.06377762	-0.055187225
105855454588565	0.007994056	-0.06377762	-0.055187225
105855465088826	-0.024448413	-0.051593233	-0.08902264
105855469637471	-0.010599652	-0.035130966	-0.053383827
105855470402471	-0.0061102216	-0.06430933	-0.03181553
105855471132159	-0.0031380537	-0.079763845	-0.010365486
105855471874034	0.005552677	-0.07078761	-0.029206276
105855472557419	0.017180003	-0.074046925	-0.014783859
105855473054711	-0.0040915585	-0.073107734	-0.0270195
105855473754190	0.010624481	-0.09159607	-0.052659035
105855474438461	-0.016430156	-0.079581484	-0.04376602
105855476774294	-0.029103275	-0.05101007	-0.046557426
105855478583461	-7.406804E-4	-0.06452222	-0.031749725
105855479325128	-0.013851416	-0.07450042	-0.03192234
105855480228148	0.0068466994	-0.07013215	-0.024472237
105855480924659	-0.005213527	-0.061810132	-0.03421402
105855481635648	0.0010016812	-0.07407258	-0.0079813
105855482350492	-0.011981925	-0.08407907	-0.015250206
105855488754086	-0.0048816325	-0.104869306	-0.007876396
105855495205284	-0.009964334	-0.09419277	0.013249397
105855504828044	-0.021390395	-0.098082185	-0.0035142899
105855514527680	-0.008395387	-0.10313898	-0.012714386
105855525135909	0.0038464493	-0.08274093	-0.036307335
105855534335388	-0.005203387	-0.078175135	-0.022313118
105855546669398	-1.9286294E-4	-0.060518607	-0.038921356
105855561142888	0.004367759	-0.06614371	-0.029343605
105855569132107	0.007913978	-0.08172086	-0.026824951
105855584132107	-0.001630967	-0.080706075	-0.012816429
105855585895701	0.028305173	-0.07615542	-0.017062187
105855597147107	0.014546005	-0.08447139	-0.026731491
105855610556273	0.015089234	-0.072860315	-0.036275864
105855618008305	0.0020044958	-0.10665804	-0.019724846
105855633008305	-0.0046253423	-0.09745459	-0.010447502
105855636446950	0.0044640843	-0.061581634	-0.010538101
105855651446950	0.0024428042	-0.06995955	-0.022366524
105855655186117	-0.008502867	-0.078699864	-0.015407562
105855669067523	-0.0077128764	-0.078876846	-0.015410423
105855669155075	-0.015243472	-0.11163974	-0.03662777
105855678752992	0.010435081	-0.09468124	-0.012631416
105855689848825	0.0029621006	-0.08068953	-0.0388937
105855699750180	0.02564818	-0.075623795	-0.03617859
105855713787211	0.009117226	-0.07743062	-0.045931816
105855721390284	-0.011503112	-0.07331516	-0.04159355
105855728161378	-0.017269218	-0.09272666	-0.025011063
105855739315909	-0.01992732	-0.08937088	-0.015622139
105855750408096	-0.016372502	-0.09358157	-0.029748917
105855761530023	0.00205951	-0.08584225	-0.029496193
105855771556742	0.007998387	-0.0732204	-0.043685913
105855783020075	0.012113584	-0.06223194	-0.060268402
105855788620284	0.0037768795	-0.066514954	-0.06512833
105855800706534	0.003813014	-0.06303605	-0.013087273
105855808359555	0.0013289917	-0.059490502	-0.022623062
105855816474086	-0.0014561363	-0.06274805	-0.039232254
105855829707002	-4.2367028E-4	-0.06325083	-0.03923607
105855833168409	0.0068512238	-0.06911138	-0.02014637
105855841407940	0.017910674	-0.08257771	-0.055397987
105855853629502	0.016049195	-0.107332006	-0.04344368
105855865579502	0.007499559	-0.09934691	-0.043636322
105855874722002	-0.005496413	-0.097839214	-0.03440094
105855885190388	-0.012706414	-0.09205514	-0.032197
105855893487002	-6.065029E-4	-0.06630703	0.012831688
105855906802575	-0.020904077	-0.056623433	0.09764862
105855917690700	0.0614746	-0.07677165	-0.009731293
105855927317263	0.13871457	-0.023306884	-0.048980713
105855935766586	0.12761712	0.006242633	-0.032782555
105855943755180	0.059418872	-0.05444458	-0.005139351
105855955636950	-0.1307711	-0.207229	-0.14238644
105855967593825	-0.13745402	-0.18562542	-0.07896614
105855974966430	-0.031020528	-0.11265272	-0.032564163
105855982697107	0.116870016	-0.040936716	-0.06106186
105855997697107	0.9615571	0.34880266	-0.059622765
105856009431169	0.9607684	0.29745227	-0.05783558
105856009508409	0.52883536	-0.16090892	0.1061964
105856020910909	-6.0632266E-4	-0.6655306	-0.18183613
105856026008877	0.14962168	-0.8010497	-0.34716988
105856034690700	0.98964745	-1.14116	0.025564194
105856044407575	1.3428046	-1.3528153	-0.048074722
105856057053148	1.918308	-1.8137167	-1.1044531
105856070320023	2.4095798	-2.1913552	-0.11048031
105856080762054	2.6109424	-2.6239715	-0.7367754
105856090302471	2.6568694	-2.840475	-3.2874265
105856104096742	1.9625721	-3.2611363	-0.26790333
105856113545440	2.5582666	-3.5155375	-1.2078447
105856128391117	1.1581881	-3.7039206	9.31515
105856137820961	2.257395	-3.623481	0.72544193
105856145651690	1.3222896	-3.2820888	4.4300804
105856158351742	1.1197232	-3.4825869	-0.4201603
105856170665388	0.70606494	-4.0837126	-4.8125825
105856180309971	0.8550517	-4.1426787	-3.8568459
105856193733357	1.1336864	-3.940864	-4.6405425
105856208733357	-0.06120536	-4.1193066	-0.92978
105856223025857	0.40847403	-3.9052753	-5.4517765
105856232769190	-0.057416096	-3.4628687	-4.6696568
105856247769190	-1.5306553	-3.6472447	-0.37931347
105856262769190	-2.2122617	-4.026344	-1.925158
105856277769190	-2.236986	-3.682461	-0.9868593
105856280931273	-1.9761704	-3.660721	-3.4584246
105856281747836	-2.7811742	-3.1730356	-3.8002949
105856282481586	-2.3519025	-4.0182924	-18.244781
105856283274711	-2.8851652	-3.168044	-12.974589
105856284040179	-4.5897694	-3.4113624	-18.009033
105856299040179	-5.433612	-3.8524432	-21.462229
105856314040179	-6.5632625	-2.9995158	-8.03551
105856319110336	-6.2837043	-3.0194917	-9.514586
105856334110336	-4.1051774	-1.0133597	-0.120521545
105856346963409	-4.0077963	-0.4173181	1.4886494
105856347034919	-2.586753	1.9162257	14.127625
105856347111273	-3.706472	1.5076686	11.067487
105856362111273	-5.188447	0.19518961	7.1761045
105856377111273	-5.5690722	2.1769109	10.666152
105856385048929	-6.187058	1.9224917	4.7479515
105856385129138	-5.854349	1.9870977	-4.895171
105856400129138	-6.0377893	1.3116267	-6.341583
105856406746638	-4.983215	4.198755	13.797845
105856421101481	-5.789119	5.1872497	14.3323965
105856426864502	-4.551963	5.0450573	6.2705755
105856435246273	-2.9414577	6.261541	4.50399
105856445160804	-0.9619196	7.7721205	9.066613
105856454067679	-0.4749289	6.529706	-1.645812
105856465063617	-1.6224287	5.385897	-8.289274
105856480063617	-1.4541911	5.440221	-8.313397
105856493908304	-1.1179812	5.518486	-10.158748
105856493979763	0.24715976	6.4241114	-7.155401
105856508979763	0.83764803	6.1596265	-2.1549006
105856521269398	3.1347463	5.9553595	4.191572
105856521339815	2.0904822	5.2038064	-3.3193045
105856536339815	2.3991838	5.180674	-3.02425
105856548677263	1.4771969	5.0714207	-2.9642262
105856548750075	1.4469358	5.2011156	0.4203186
105856552698877	2.7726173	5.50813	-2.8207612
105856567698877	1.4844469	6.05061	-6.1661863
105856582698877	1.5387201	6.035214	-6.16313
105856588664919	0.7493755	4.517351	-2.5133162
105856599512315	-0.5078798	4.7075005	-3.4337482
105856602228825	-0.99809057	4.074833	-8.07899
105856613361429	0.30721968	4.227708	1.2191801
105856624313981	1.3348563	3.9877918	-1.6477289
105856638368617	1.4178481	3.5797617	-5.196953
105856645869398	1.3704716	3.7923212	-0.8664322
105856652728252	0.06747733	4.0297756	-2.3631234
105856660609971	0.15022369	4.166136	-5.5477777
105856671762471	0.23043202	5.0802383	-3.1004596
105856684903096	-0.4871284	4.975783	-10.125275
105856688701742	-0.8871248	4.360336	-11.750622
105856703701742	-0.6669816	3.7471645	-14.820292
105856708594971	-1.1664228	4.277636	2.5611
105856723594971	0.51799744	2.3716667	3.1044216
105856733085127	1.6953993	2.9045072	5.255002
105856743347731	1.4388133	1.8551381	0.63246346
105856753908044	2.0883718	2.8017437	-0.6249933
105856768908044	3.1612303	3.2381504	-2.6386023
105856783908044	0.73484653	2.1896818	14.962798
105856798908044	2.9764156	3.113254	-12.351685
105856810750596	5.4831095	2.4516292	-5.4329305
105856820744398	3.7774055	1.3931814	1.9402943
105856834725648	3.2189	2.9773078	-6.073676
105856844541169	1.2505581	0.85882	4.1333466
105856851361117	-0.5780588	0.27870953	5.170104
105856862149658	3.2469904	2.6502512	-15.957402
105856875670492	6.7985234	1.7903864	-13.830424
105856890670492	5.4096184	0.29659414	-1.9996405
105856905670492	7.638996	-1.4486716	-2.026373
105856915174658	7.638996	-1.4486716	-2.026373
105856915251481	4.9323783	-2.1429262	-0.4419546
105856920885648	5.326986	-0.62638587	-7.1159587
105856922624242	5.679663	-1.9184116	-9.490728
105856931435231	5.679663	-1.9184116	-9.490728
105856931507002	4.3351088	2.3303392	-9.743363
105856931578669	0.38609403	-0.55637336	13.080459
105856944415335	2.6099339	0.2566716	13.536378
105856954221533	7.557831	-1.7271998	8.963096
105856958444242	5.905424	-3.2112868	21.888588
105856964957835	5.741124	-2.4109073	-3.7287264
105856979957835	7.5284104	-2.2540078	-19.048227
105856989582002	6.2263904	-2.351557	-2.3713503
105856994138721	8.385489	-3.721683	-22.103985
105857004439762	5.154567	-3.3132482	-0.8098469
105857013861898	4.7017775	-2.8569245	-4.833368
105857024785492	1.8340616	-2.830127	8.627118
105857032681377	2.85325	-2.592586	8.576589
105857047681377	3.4454095	-2.6841161	4.6486807
105857060377940	4.2445364	-3.0156271	3.0338945
105857067600648	4.39283	-3.2980986	9.474219
105857075182054	5.2905087	-3.2717912	-1.7826557
105857084053460	5.958848	-3.615358	-11.452606
105857093131742	4.926144	-3.619421	-12.206247
105857105920283	2.8509395	-4.1511455	-4.0741096
105857115223565	0.3527946	-4.0456944	6.137187
105857130223565	-0.10727921	-4.389184	4.7232027
105857135733304	-1.7534862	-4.007402	14.5001745
105857144497783	-0.48197767	-4.8550577	5.94524
105857150821169	0.027198337	-5.244934	1.0875158
105857161782835	-0.6521219	-5.3044653	3.2111635
105857176782835	2.1369078	-5.013047	-13.249396
105857184365387	0.01668485	-5.578232	-9.410544
105857199365387	0.050709084	-5.634164	-3.4634833
105857203481325	-1.0560449	-6.3379445	-1.6567717
105857218481325	-1.7312667	-5.4615693	0.40791225
105857220695492	-1.7996503	-5.590005	2.112403
105857235695492	-1.4017065	-5.4402585	-10.046911
105857250695492	-3.4792814	-4.127826	5.769496
105857253338669	-3.2059388	-4.529058	8.27348
105857268338669	-0.7566157	-4.480516	6.449626
105857271596846	-0.71976393	-5.3156667	-11.3609
105857286596846	-0.6075481	-4.443906	-5.243552
105857288131429	-0.27520686	-4.254154	-6.9662623
105857303131429	-1.3498526	-3.756704	-1.8581014
105857316132314	-1.6885854	-2.5585275	5.531741
105857316816742	-2.7463713	-3.3502066	3.8436012
105857331816742	-0.93218666	-2.5086389	0.61922073
105857336076273	-1.5512476	-1.3458028	15.22648
105857340078825	0.18733877	-0.0038838238	15.236894
105857355078825	-0.64989924	0.9607003	13.257537
105857370078825	-0.7056087	1.1950556	6.728986
105857374210231	-0.7056087	1.1950556	6.728986
105857384470752	-2.710127	3.652848	2.4039822
105857399470752	-2.7360942	3.6355665	2.403347
105857405404450	-2.90693	3.812816	-8.946661
105857420404450	-3.7172217	5.0334587	-2.9462266
105857427660179	-2.5003319	6.429721	-2.068739
105857428439346	-3.8872135	5.803693	-11.287874
105857434699710	-5.236252	5.4631515	-1.9927149
105857444544710	-6.1184683	5.757989	4.346615
105857455476116	-4.9224515	6.4519043	5.508355
105857466525804	-4.772777	6.076901	5.233242
105857476080075	-3.7962327	4.654692	-4.1747074
105857489798669	-3.836199	5.8270736	7.4516706
105857504798669	-3.1193721	5.236438	1.5056429
105857518882158	-2.257561	5.659403	0.09645653
105857518948981	-2.512386	5.1170096	-1.1970425
105857528289658	-2.1637418	3.999664	-0.6423416
105857532208616	-1.0903748	2.060855	-0.2530098
105857545914294	-0.43525526	1.1439328	-0.19985294
105857552599866	0.048119385	-0.011729997	-0.3026991
105857567599866	0.100765586	0.15595983	-0.039652824
105857576659085	-0.08376005	-0.027020939	0.07422447
105857591659085	0.05390682	0.18143506	0.018334389
105857595455491	-0.2935793	1.0131439	1.2252817
105857610455491	0.04781805	0.22693211	0.5383158
105857625192106	0.280949	0.4111429	0.36619568
105857625629762	0.20775439	0.016113449	0.10434532
105857635790804	0.40228137	0.048321083	-0.09413624
105857643180960	0.53706056	-0.045925274	0.08433914
105857647723825	0.0285991	-0.21423563	-0.09614277
105857657816846	0.03613775	-0.4243337	0.16586876
105857672816846	-0.8494812	-0.37641156	-2.018487
105857678270596	-0.8310777	-0.59338975	-0.25515175
105857692469554	-1.2614765	-0.30167028	0.87818146
105857707469554	-0.21466717	0.27275163	-0.9438162
105857710186898	-0.21466717	0.27275163	-0.9438162
105857725186898	0.6573575	0.6494157	-0.7029896
105857731230804	0.6573575	0.6494157	-0.7029896
105857746230804	0.3609851	0.7222801	0.38131714
105857749059033	0.3609851	0.7222801	0.38131714
105857764059033	0.64311194	-0.118278906	-1.3683958
105857777211637	0.21186057	0.2265462	-0.14292145
105857777365752	0.21186057	0.2265462	-0.14292145
105857786277210	-0.09443526	-0.0033656098	-0.20373249
105857792847054	0.11100303	-0.31009153	-1.1257057
105857799716481	-0.04043337	0.0634376	-0.098882675
105857810531429	-0.25037482	0.2679315	0.3533144
105857825531429	-0.06628385	0.06474106	-0.037254333
105857833295335	0.11096774	-0.17131674	-0.75354767
105857842535908	0.092688814	0.2123658	0.21835613
105857851244450	-0.05535234	0.33275613	0.50996304
105857863914293	-0.23558918	-0.4178221	-0.32298183
105857878914293	-0.015463438	-0.2511879	-0.31305885
105857883595700	-0.08635783	0.11150392	0.24506474
105857898595700	0.045138143	0.19951035	0.27275848
105857907367523	0.18855555	0.09413918	-0.080602646
105857912645700	0.16811697	0.023532141	-0.27087116
105857920572887	-0.051828172	0.2127296	0.22642708
105857931849033	-0.006964121	0.057524797	-0.14083195
105857935729658	0.052210573	-0.036865454	-0.37928486
105857949118460	-0.0034001097	0.11776819	0.02085495
105857960097939	0.06607661	0.1943665	0.11441231
105857968631898	0.17925425	0.11867842	-0.12394714
105857977749137	0.13006413	0.16723642	0.009099007
105857984653148	0.058839675	0.22928746	0.15372944
105857997650648	0.10765832	0.114770725	-0.1199007
105858005152106	0.05232196	0.11722695	-0.0023002625
105858016975179	0.017647598	0.1366013	0.06557751
105858031975179	0.09879792	0.05463351	-0.08311844
105858046975179	0.06652469	0.09821667	0.04797268
105858056313825	0.08893564	0.111509375	0.038454056
105858067009762	0.11501989	0.07136227	-0.08580494
105858067725387	0.090800986	0.13950083	0.070902824
105858082725387	0.11480872	0.09128004	-0.053198814
105858083683356	0.11480872	0.09128004	-0.053198814
105858095100752	0.058540955	0.10314422	0.019342422
105858105612158	0.09070578	0.05124309	-0.080924034
105858117995700	0.09128292	0.049791887	-0.08092213
105858118174137	0.056389146	0.073311105	0.015249252
105858133174137	0.075284615	0.056335706	0.011057854
105858140979658	0.035879873	0.07311467	0.022110939
105858152150856	0.072474234	0.055229757	-0.017372131
105858167150856	0.071045645	0.09201418	0.021998405
105858169110856	0.077983126	0.10226254	-0.0065717697
105858184110856	0.08863002	0.104957804	-0.046779633
105858190337158	0.08863002	0.104957804	-0.046779633
105858199729345	0.07406901	0.0956772	-0.046730995
105858206124502	0.060674783	0.061753817	-0.029545784
105858214641637	0.074480504	0.07376116	-0.046261787
105858223165543	0.081759095	0.06753352	-0.015293121
105858232655074	0.07858738	0.06714217	-0.02715969
105858241533356	0.06702914	0.07837801	-0.008602142
105858255096949	0.08222053	0.097013734	-0.03254795
105858269198460	0.095515534	0.08298169	-0.02502346
105858277292158	0.08704604	0.09362258	-0.013513565
105858290151220	0.08209297	0.06789937	-0.031954765
105858305092054	0.08528806	0.04722525	-0.02200222
105858312215543	0.08324845	0.06909386	-0.008298874
105858327215543	0.072730035	0.07843797	0.0032243729
105858342215543	0.066542014	0.058297116	0.0035848618
105858345936324	0.07717809	0.07166864	0.01758957
105858347313512	0.061430614	0.06424506	0.010476112
105858355627991	0.06744993	0.0672327	-0.010848045
105858362089658	0.075728245	0.06362535	-0.02017498
105858373585647	0.07403312	0.0736741	-0.0085783005
105858388585647	0.09465523	0.10923359	3.299713E-4
105858397218877	0.09482955	0.084631346	-0.022830963
105858409819449	0.079947606	0.07594476	-0.018063545
105858424819449	0.0817634	0.076658055	-0.015704155
105858439241324	0.0730524	0.07559041	-0.0015707016
105858447393720	0.07129316	0.085578844	0.007663727
105858458615491	0.076003686	0.079099566	-0.0016412735
105858469137470	0.089991584	0.07573259	-0.044062614
105858478239241	0.07691809	0.06533377	-0.041615486
105858485972626	0.092071205	0.053046316	-0.038859367
105858494975960	0.066839114	0.055028714	-0.0036411285
105858507296376	0.058265723	0.050420117	-0.0131111145
105858512417783	0.09928447	0.07811268	9.088516E-4
105858520515647	0.08997914	0.08206849	-0.0040016174
105858531745335	0.061361574	0.08017584	4.8828125E-4
105858543353095	0.095435046	0.05831293	-0.010593414
105858549436949	0.077399865	0.06928803	-0.046499252
105858564436949	0.08643602	0.07270606	-0.034659386
105858575091168	0.07908984	0.0786238	-0.008823395
105858576962887	0.07765708	0.07635325	-0.025373459
105858580764085	0.075363465	0.047564507	-0.017737389
105858582779658	0.08425282	0.035941284	-0.01270771
105858589509033	0.084444374	0.04738457	0.0012578964
105858598233720	0.06553476	0.060420398	-0.039426804
105858611110699	0.06708985	0.046258073	-0.032050133
105858622881064	0.0798813	0.048816506	-0.04856491
105858632921533	0.070559286	0.05297206	-0.044006348
105858647274241	0.08177361	0.057196416	-0.058203697
105858656902106	0.057294868	0.046218146	-0.072431564
105858669065335	0.059518505	0.05131882	-0.027544975
105858680501220	0.08561757	0.056036536	-0.01321125
105858694499397	0.072282284	0.03375495	-0.012911797
105858709499397	0.06932293	0.060470555	-0.027647018
105858724499397	0.06950063	0.048438568	-0.0061302185
105858735518564	0.09271522	0.033129618	0.0038232803
105858747961376	0.086212374	0.033244364	-0.012813568
105858762163408	0.06555491	0.04033578	-0.02260685
105858771289033	0.052531987	0.04167941	-0.013293266
105858784322678	0.08885215	0.036838017	0.00605011
105858798801845	0.10574043	0.04495517	-0.0389328
105858813310699	0.09761504	0.035753332	-0.015175819
105858823088251	0.086311065	0.050440084	0.0033769608
105858835572626	0.09666249	0.0399657	-0.0034446716
105858848976585	0.10694291	0.03783622	-0.02462864
105858855981012	0.09051754	0.06317694	-0.001584053
105858867180751	0.07409257	0.0763057	-0.0019788742
105858877730491	0.045435738	0.050814684	-0.011244774
105858886654605	0.07461521	0.051431708	-0.02757454
105858894597001	0.05775986	0.037970763	-0.03458786
105858902916324	0.065090336	0.028236888	-0.031992912
105858911713772	0.08278894	0.020634014	-0.026975632
105858920777158	0.057848398	0.02167654	-0.03905201
105858934456324	0.07125859	0.035404187	0.005783081
105858947682366	0.07008487	0.03668225	-0.0013599396
105858962682366	0.06568945	0.026629362	-0.013063431
105858977682366	0.076263726	0.055328224	-0.008747101
105858992682366	0.0921206	0.049267173	-0.029799461
105859002803772	0.09736134	0.041584164	-0.029611588
105859003497470	0.110523775	0.04310271	-0.020048141
105859004233668	0.09309293	0.030037038	-0.01996708
105859005542158	0.11390827	0.025455505	-0.019693375
105859006307001	0.095079854	0.014436014	-0.012560844
105859006758043	0.09227988	0.03341293	0.0060186386
105859007727158	0.09569267	0.036215715	0.013102531
105859008399710	0.09369561	0.022342246	-0.017436028
105859023399710	0.093816	0.021652348	-0.017436028
105859038399710	0.08770369	0.025770735	-0.019929886
105859039033980	0.08770369	0.025770735	-0.019929886
105859049209189	0.08832249	0.028852366	-0.0034227371
105859060141845	0.062370814	0.030953407	-0.032114983
105859068447522	0.071006574	0.030905474	-0.03441143
105859072562626	0.081266925	0.044254933	-0.027456284
105859078326168	0.08845303	0.057892397	-0.02763462
105859089289710	0.090744175	0.038495727	-0.020190239
105859104289710	0.066746145	0.02265038	-0.01777649
105859119289710	0.09735957	0.025722012	0.015576363
105859121619501	0.08497062	0.006862484	0.001581192
105859122268095	0.07105001	0.013484158	0.0036993027
105859137268095	0.07638954	0.0025719889	0.006296158
105859141569241	0.07253877	0.030502077	-0.02736187
105859156569241	0.073230594	0.024902534	-0.015434265
105859161985439	0.08173244	0.036995254	0.0033636093
105859176985439	0.100078695	0.020501468	-0.017508507
105859180041428	0.08988841	0.0294046	-0.029593468
105859195041428	0.094588414	-0.0048994385	0.0041542053
105859202768460	0.07881528	-0.011945512	-0.017178535
105859209984293	0.08718161	0.01976566	-0.029480934
105859216690907	0.083076954	0.036384888	-0.02270794
105859225078564	0.08358684	0.016022012	-0.010539055
105859231191741	0.069939606	0.0021321718	-0.017537117
105859244649085	0.07635644	0.009366345	-0.017611504
105859256660439	0.079763696	-0.002917599	-0.007920265
105859271660439	0.077258974	0.0127056725	0.0036296844
105859275831116	0.08544392	0.021266721	-0.010644913
105859288266064	0.108148746	0.025811959	-0.01763153
105859297137314	0.07207951	0.018334351	-0.010738373
105859303274553	0.05888541	0.016314369	-0.008467674
105859310963824	0.083621226	0.019416604	-0.015421867
105859324678512	0.07610269	0.0210535	-0.055757523
105859331920387	0.09478359	0.03181925	-0.046313286
105859342910959	0.0956476	0.015298132	0.008381844
105859350623147	0.08668208	0.007532455	-0.005783081
105859364064032	0.100794226	0.012199052	0.0108213425
105859370739762	0.07765946	-0.008560263	0.022780418
105859375859501	0.09531175	0.0069626383	0.015572548
105859384898147	0.09415269	0.007910762	-0.022324562
105859395005282	0.0710136	0.010284428	-0.024933815
105859410005282	0.08163186	0.023547776	-0.022695541
105859418928564	0.103149615	0.05323924	-0.04902363
105859433815282	0.12854859	0.019341428	-0.026993752
105859445954084	0.09838064	0.023145752	0.0058288574
105859460954084	0.09795231	0.011419129	0.010744095
105859467647209	0.11065933	0.013813719	-0.019966125
105859475564032	0.09793816	0.0067112055	0.0013246536
105859484652053	0.10656154	0.0184873	0.0012073517
105859490434762	0.12863947	0.0085315	0.0039052963
105859499498095	0.10776335	6.6660345E-5	-0.045847893
105859511737366	0.12836519	-0.007796131	-0.031359673
105859517083616	0.10133002	-0.007467132	-0.003194809
105859521032053	0.10345354	-0.0064378995	-0.010302544
105859532362105	0.1028592	0.010161541	-0.020031929
105859544298928	0.10585453	0.006294163	-0.0104904175
105859551201324	0.09410556	-0.00598906	-0.003312111
105859564574970	0.07890941	-0.009433258	-0.01996231
105859571191845	0.08670778	0.0076063294	-0.036725044
105859586191845	0.08724751	0.0068551525	-0.036729813
105859587608668	0.08525795	0.005594494	-0.02489376
105859598611116	0.08097253	0.0107884	-0.015545845
105859606600751	0.09516187	0.015654935	-0.0013065338
105859617748303	0.11659552	0.014151083	-0.0011053085
105859632140334	0.0950501	0.015015963	-0.010767937
105859637547678	0.079371095	-0.0036200546	-0.022465706
105859648473095	0.09229802	0.002755098	-0.01772976
105859654761741	0.072571464	0.016747259	0.003191948
105859665683564	0.065990984	0.024962544	-0.025395393
105859673974501	0.08258435	0.02259903	-0.008667946
105859688974501	0.07774007	0.021237042	-0.008696556
105859703974501	0.0588928	0.030163245	0.007581711
105859705872678	0.07699446	0.013890825	8.544922E-4
105859719112157	0.09787807	0.00563829	-0.0036001205
105859734112157	0.085803516	0.001726158	-0.008384705
105859736019814	0.09007131	-0.015841493	0.008457184
105859751019814	0.09715841	-0.002135804	-0.0035171509
105859764508563	0.101819105	0.0071035437	0.0011196136
105859779508563	0.07313821	-0.0063620172	0.0034389496
105859786597782	0.06323516	-0.03226068	-0.010486603
105859787312418	0.05691704	-0.019947752	-0.010718346
105859802312418	0.100166924	-0.010488842	0.0060577393
105859813632209	0.1149881	-0.0026664808	-0.0034074783
105859813710022	0.120211765	0.009886941	-0.0035438538
