179689729695622	0.0012211112	0.0	0.0036633336
179689752775205	29.936762	30.071083	-28.845087
179689827477184	-1.0513767	-0.037854444	-0.20514667
179689841672288	-0.01099	0.028085556	-0.03297
179689856672288	-3.2225122	1.0318389	2.4776344
179689871672288	1.1429601	4.833158	3.3128746
179689878459319	2.2712667	5.048074	-2.570439
179689885959319	-1.416489	-0.02198	-0.15386
179689916121194	-1.009859	-0.15019667	0.02075889
179689900959319	-0.48722336	-0.09036223	0.11112112
179689908459319	-0.06105556	-0.047623336	0.08425667
179689947222132	0.03174889	-0.03297	0.057392225
179689923459319	0.017095556	-0.018316668	0.054950003
179689962818226	0.009768889	-0.015874445	0.03297
179689975765101	0.0	-0.017095556	0.025643334
179689979883851	0.0	-0.014653334	0.017095556
179689992522288	-0.0036633336	-0.01099	0.008547778
179690003795205	-0.0024422223	0.0012211112	-0.0012211112
179690014262028	-0.0036633336	0.0048844446	-0.0061055557
179690023789163	-0.0024422223	0.0	-0.009768889
179690035130101	-0.0048844446	0.0024422223	-0.01099
179690042835153	-0.008547778	0.0048844446	-0.008547778
179690051949424	-0.012211111	0.007326667	-0.017095556
179690060660778	-0.017095556	0.0048844446	-0.014653334
179690070037028	-0.01099	0.0036633336	-0.014653334
179690080482861	-0.014653334	0.012211111	-0.014653334
179690088065830	-0.009768889	0.017095556	-0.008547778
179690098476767	-0.014653334	0.01099	-0.008547778
179690104459632	-0.018316668	0.01099	-0.0036633336
179690116631403	-0.014653334	0.017095556	0.0024422223
179690129230153	-0.007326667	0.019537779	0.007326667
179690065959319	0.0	0.013432222	0.014653334
179690073459319	-0.0036633336	0.014653334	0.02198
179690080959319	-0.008547778	0.01099	0.025643334
179690088459319	-0.0061055557	0.007326667	0.026864445
179690095959319	-0.0024422223	0.0048844446	0.03052778
179690103459319	-0.0036633336	0.007326667	0.026864445
179690110959319	-0.01099	0.0024422223	0.02075889
179690118459319	-0.024422223	0.007326667	0.018316668
179690125959319	-0.02198	0.007326667	0.013432222
179690133459319	-0.026864445	0.014653334	0.012211111
179690140959319	-0.029306669	0.028085556	0.0036633336
179690242374215	-0.013432222	0.03052778	0.0048844446
179690249727444	0.0036633336	0.028085556	0.01099
179690257227444	0.013432222	0.03052778	0.008547778
179690264727444	0.012211111	0.04029667	0.0036633336
179690272227444	-0.017095556	0.03174889	0.0036633336
179690279727444	-0.029306669	0.023201112	0.0048844446
179690287227444	-0.028085556	0.018316668	0.0
179690294727444	-0.015874445	0.018316668	0.0012211112
179690302227444	-0.02075889	0.0048844446	0.009768889
179690309727444	-0.026864445	0.01099	0.009768889
179690317227444	-0.013432222	0.012211111	0.009768889
179690324727444	-0.0061055557	0.0061055557	0.015874445
179690332227444	-0.013432222	0.01099	0.012211111
179690339727444	-0.02198	0.008547778	0.01099
179690347227444	-0.025643334	0.009768889	0.0048844446
179690387165726	-0.03174889	0.012211111	0.0
179690397468225	-0.025643334	0.0061055557	-0.0036633336
179690405372236	-0.02198	0.013432222	-0.008547778
179690377227444	-0.026864445	0.014653334	-0.013432222
179690426451871	-0.03052778	0.019537779	-0.02198
179690434329475	-0.042738892	0.026864445	-0.029306669
179690441879111	-0.025643334	0.02075889	-0.02198
179690407227444	-0.008547778	0.018316668	-0.024422223
179690414727444	-0.012211111	0.018316668	-0.025643334
179690422227444	-0.007326667	0.026864445	-0.024422223
179690429727444	0.0024422223	0.026864445	-0.028085556
179690437227444	0.015874445	0.029306669	-0.03297
179690444727444	0.009768889	0.035412222	-0.036633335
179690452227444	0.0024422223	0.035412222	-0.036633335
179690459727444	0.02075889	0.04029667	-0.035412222
179690467227444	0.008547778	0.034191113	-0.037854444
179690474727444	0.0012211112	0.028085556	-0.03174889
179690482227444	0.018316668	0.03297	-0.026864445
179690489727444	0.03174889	0.042738892	-0.034191113
179690497227444	0.05006556	0.04029667	-0.024422223
179690504727444	0.07204556	0.047623336	-0.02075889
179690512227444	0.07448778	0.05250778	-0.023201112
179690519727444	0.070824444	0.045181114	-0.017095556
179690527227444	0.09646778	0.05250778	-0.01099
179690534727444	0.089141116	0.048844445	-0.012211111
179690542227444	0.078151114	0.04396	-0.008547778
179690632570517	0.06349778	0.039075557	-0.018316668
179690640942652	0.06594	0.034191113	-0.024422223
179690564727444	0.08669889	0.02198	-0.036633335
179690572227444	0.07937223	0.025643334	-0.05617111
179690579727444	0.04151778	0.013432222	-0.06716111
179690680790048	0.029306669	0.0048844446	-0.08059334
179690688290048	0.057392225	-0.0024422223	-0.10379445
179690695790048	0.09524667	-0.009768889	-0.12089001
179690703290048	0.068382226	-0.012211111	-0.12821667
179690710790048	-0.0036633336	-0.0048844446	-0.14164889
179690718290048	-0.035412222	-0.0012211112	-0.15141778
179690738681507	0.0012211112	0.018316668	-0.15630223
179690753681507	0.02198	0.017095556	-0.16118668
179690740790048	0.04396	0.019537779	-0.14897557
179690748290048	0.042738892	0.029306669	-0.14042778
179690755790048	0.019537779	0.036633335	-0.12577444
179690786666715	0.028085556	0.039075557	-0.10745778
179690770790048	0.06594	0.048844445	-0.081814446
179690802415882	0.08425667	0.064718895	-0.06594
179690785790048	0.081814446	0.05617111	-0.036633335
179690793290048	0.07326667	0.06105556	-0.014653334
179690800790048	0.06349778	0.068382226	0.012211111
179690842402652	0.05006556	0.070824444	0.042738892
179690815790048	0.036633335	0.081814446	0.06227667
179690860218746	0.037854444	0.07570889	0.06349778
179690830790048	0.05372889	0.07204556	0.06105556
179690880033434	0.085477784	0.07448778	0.057392225
179690889276767	0.10867889	0.070824444	0.054950003
179690853290048	0.14164889	0.07326667	0.045181114
179690860790048	0.12821667	0.06105556	0.042738892
179690868290048	0.081814446	0.06227667	0.036633335
179690875790048	0.05006556	0.06594	0.025643334
179690883290048	0.02198	0.057392225	0.0
179690890790048	-0.007326667	0.04029667	-0.019537779
179690898290048	0.0061055557	0.034191113	-0.036633335
179690968497809	0.035412222	0.024422223	-0.054950003
179690913290048	0.07326667	0.029306669	-0.07326667
179690988061298	0.12699556	0.023201112	-0.08792
179690928290048	0.15019667	0.02075889	-0.10867889
179690935790048	0.14897557	0.023201112	-0.12211112
179691014349267	0.12821667	0.03297	-0.12211112
179691069731819	0.09036223	0.047623336	-0.11478445
179691077231819	0.08425667	0.05250778	-0.09646778
179691084731819	0.091583334	0.05372889	-0.08425667
179691092231819	0.08425667	0.064718895	-0.07570889
179691104349267	0.05617111	0.07570889	-0.05617111
179691119349267	0.024422223	0.07937223	-0.025643334
179691134349267	0.017095556	0.07937223	-0.013432222
179691225601611	0.026864445	0.07204556	-0.0036633336
179691233101611	0.02198	0.06594	0.008547778
179691233689111	0.009768889	0.059834447	0.018316668
179691218211402	0.017095556	0.064718895	0.03052778
179691233211402	0.0048844446	0.054950003	0.028085556
179691240606246	0.012211111	0.059834447	0.019537779
179691242311975	0.02198	0.057392225	0.01099
179691243142444	0.009768889	0.058613338	-0.0012211112
179691243867236	0.0024422223	0.05006556	0.0
179691244581819	0.007326667	0.04396	-0.009768889
179691245279684	-0.0061055557	0.042738892	-0.024422223
179691246005517	-0.023201112	0.039075557	-0.03174889
179691246694163	-0.014653334	0.025643334	-0.03052778
179691249381923	-0.018316668	0.019537779	-0.035412222
179691250085361	-0.014653334	0.008547778	-0.025643334
179691265085361	0.0061055557	0.007326667	-0.02075889
179691271974319	0.02198	0.008547778	-0.014653334
179691279642131	0.037854444	0.007326667	-0.0061055557
179691290381767	0.046402223	-0.0024422223	0.0036633336
179691299019058	0.13188	0.0061055557	0.029306669
179691295462861	0.16729222	0.0048844446	0.025643334
179691302962861	0.14897557	0.0036633336	0.024422223
179691328129683	0.14409111	0.0	0.026864445
179691317962861	0.13676445	-0.0048844446	0.018316668
179691348715308	0.11844778	0.0	0.018316668
179691332962861	0.10745778	0.0024422223	0.014653334
179691340462861	0.106236674	0.008547778	0.013432222
179691347962861	0.08059334	0.0	0.01099
179691355462861	0.08303556	0.007326667	0.017095556
179691362962861	0.10501556	0.013432222	0.015874445
179691370462861	0.14164889	0.017095556	0.012211111
179691377962861	0.14409111	0.014653334	0.0036633336
179691385462861	0.13310112	0.01099	0.0036633336
179691392962861	0.11478445	0.0	0.0012211112
179691496001819	0.10379445	0.0024422223	-0.0024422223
179691497200985	0.07448778	0.0048844446	-0.0012211112
179691498253694	0.036633335	0.0024422223	-0.0061055557
179691499080777	0.03052778	0.013432222	-0.013432222
179691499618121	0.046402223	0.014653334	0.0
179691500402496	0.057392225	0.0061055557	0.0061055557
179691504369163	0.058613338	0.0024422223	0.0061055557
179691511869163	0.06594	0.0048844446	0.008547778
179691519369163	0.054950003	0.007326667	0.0024422223
179691526869163	0.029306669	0.017095556	-0.009768889
179691542272027	0.018316668	0.01099	-0.012211111
179691541869163	0.03174889	0.01099	-0.017095556
179691549369163	0.037854444	0.008547778	-0.012211111
179691571829110	0.03174889	0.0024422223	-0.0036633336
179691582491767	0.015874445	-0.009768889	0.0012211112
179691591807027	0.0048844446	-0.012211111	-0.0012211112
179691599057704	-0.0012211112	-0.013432222	0.0
179691609307027	-0.012211111	-0.019537779	-0.0036633336
179691594369163	-0.025643334	-0.017095556	-0.007326667
179691624376454	-0.04029667	-0.0061055557	-0.01099
179691636733381	-0.037854444	-0.007326667	-0.0036633336
179691649019163	-0.019537779	-0.01099	-0.0036633336
179691656520569	-0.007326667	-0.0012211112	-0.0012211112
179691669266558	-0.007326667	0.0	0.0
179691676673433	0.013432222	0.012211111	-0.0036633336
179691689294735	0.03297	0.012211111	0.0
179691696688850	0.03174889	0.008547778	-0.0024422223
179691661869163	0.013432222	0.0024422223	0.0012211112
179691715823642	0.014653334	0.0	0.0048844446
179691724365829	0.03052778	0.0061055557	-0.0012211112
179691684369163	0.05250778	0.0024422223	-0.0048844446
179691691869163	0.042738892	0.0024422223	-0.008547778
179691754232652	0.026864445	0.0061055557	-0.023201112
179691769232652	0.029306669	0.0061055557	-0.037854444
179691721869163	0.045181114	0.009768889	-0.048844445
179691729369163	0.047623336	0.012211111	-0.057392225
179691736869163	0.019537779	0.019537779	-0.06960334
179691744369163	0.012211111	0.026864445	-0.089141116
179691818489267	0.018316668	0.023201112	-0.09768889
179691829783537	0.009768889	0.02198	-0.109900005
179691840159892	0.0048844446	0.036633335	-0.11966889
179691849341402	0.017095556	0.045181114	-0.11112112
179691859748277	0.026864445	0.04396	-0.10013112
179691868697652	0.013432222	0.04396	-0.08303556
179691879397444	0.01099	0.05372889	-0.06716111
179691888657652	0.02198	0.06594	-0.05250778
179691896417652	0.024422223	0.05617111	-0.035412222
179691909065569	0.023201112	0.06349778	-0.02198
179691915929683	0.03174889	0.06105556	-0.0061055557
179691928025621	0.02075889	0.07448778	-0.0048844446
179691942901402	0.0024422223	0.081814446	-0.0024422223
179691954450985	0.0	0.078151114	0.0012211112
179691958025621	-0.0036633336	0.06716111	-0.0048844446
179691965525621	-0.019537779	0.057392225	-0.008547778
179691973025621	-0.04396	0.064718895	-0.025643334
179691980525621	-0.05617111	0.070824444	-0.03174889
179691988025621	-0.064718895	0.08303556	-0.035412222
179691995525621	-0.07570889	0.09280445	-0.042738892
179692003025621	-0.06960334	0.089141116	-0.04151778
179692010525621	-0.05372889	0.098910004	-0.04029667
179692018025621	-0.051286668	0.10745778	-0.034191113
179692025525621	-0.05617111	0.11478445	-0.028085556
179692033025621	-0.058613338	0.12821667	-0.037854444
179692040525621	-0.058613338	0.13920668	-0.026864445
179692048025621	-0.046402223	0.13920668	-0.028085556
179692055525621	-0.04396	0.14775445	-0.023201112
179692063025621	-0.035412222	0.1526389	-0.009768889
179692070525621	-0.05006556	0.15386	0.0024422223
179692078025621	-0.06105556	0.16118668	0.012211111
179692085525621	-0.07326667	0.16851334	0.015874445
179692093025621	-0.08425667	0.17584	0.014653334
179692100525621	-0.091583334	0.17095557	0.013432222
179692108025621	-0.07204556	0.17828223	0.01099
179692115525621	-0.06960334	0.1856089	0.0061055557
179692123025621	-0.07204556	0.17950334	0.008547778
179692130525621	-0.058613338	0.17828223	0.007326667
179692138025621	-0.06105556	0.17828223	0.007326667
179692145525621	-0.070824444	0.17828223	0.007326667
179692153025621	-0.081814446	0.18072446	0.0012211112
179692160525621	-0.09036223	0.18072446	-0.007326667
179692232996298	-0.098910004	0.17828223	-0.019537779
179692239710412	-0.109900005	0.17828223	-0.024422223
179692249413746	-0.10013112	0.18438779	-0.026864445
179692261755256	-0.08792	0.19171445	-0.025643334
179692269678069	-0.07937223	0.20148334	-0.024422223
179692279055881	-0.07693	0.20636779	-0.02075889
179692290428485	-0.085477784	0.2185789	-0.017095556
179692297907339	-0.081814446	0.2283478	-0.0061055557
179692305268173	-0.06960334	0.23323223	0.0061055557
179692317838277	-0.06960334	0.24178001	0.0061055557
179692325074058	-0.06594	0.23933779	0.009768889
179692346193589	-0.06594	0.2283478	0.019537779
179692346290100	-0.047623336	0.23689556	0.019537779
179692350168694	-0.054950003	0.23567446	0.023201112
179692363238641	-0.057392225	0.24178001	0.024422223
179692373973746	-0.057392225	0.2503278	0.014653334
179692384764371	-0.06349778	0.2515489	0.015874445
179692393508589	-0.07448778	0.24910668	0.014653334
179692406153641	-0.081814446	0.24910668	0.013432222
179692411207964	-0.09768889	0.24544334	0.008547778
179692423157496	-0.098910004	0.24788557	0.013432222
179692434889787	-0.09646778	0.23811668	0.007326667
179692441941402	-0.08669889	0.23323223	0.009768889
179692452810100	-0.07326667	0.24300112	0.008547778
179692461623746	-0.05617111	0.23811668	0.012211111
179692469679266	-0.05372889	0.23811668	0.014653334
179692478222391	-0.05250778	0.24300112	0.012211111
179692455168694	-0.058613338	0.23567446	0.013432222
179692462668694	-0.064718895	0.23811668	0.014653334
179692470168694	-0.07204556	0.23323223	0.014653334
179692477668694	-0.07570889	0.22590557	0.018316668
179692485168694	-0.07326667	0.21613668	0.024422223
179692492668694	-0.058613338	0.21613668	0.019537779
179692500168694	-0.05006556	0.21980001	0.012211111
179692551988850	-0.05250778	0.21003112	0.008547778
179692563976714	-0.054950003	0.2075889	0.0048844446
179692573768381	-0.05250778	0.21003112	0.0
179692530168694	-0.054950003	0.19171445	0.0061055557
179692593349995	-0.039075557	0.19171445	0.0036633336
179692605772860	-0.024422223	0.18927222	0.0012211112
179692611693277	-0.028085556	0.18438779	0.0048844446
179692560168694	-0.037854444	0.17706113	0.0024422223
179692567668694	-0.057392225	0.16485001	0.008547778
179692575168694	-0.07204556	0.15996556	0.01099
179692582668694	-0.08303556	0.15141778	0.01099
179692590168694	-0.064718895	0.1526389	0.018316668
179692597668694	-0.059834447	0.14531223	0.02075889
179692605168694	-0.05006556	0.13554333	0.02198
179692612668694	-0.039075557	0.12455334	0.029306669
179692620168694	-0.048844445	0.11478445	0.025643334
179692627668694	-0.05372889	0.11478445	0.01099
179692635168694	-0.06349778	0.10379445	0.0036633336
179692642668694	-0.06227667	0.08792	-0.0012211112
179692650168694	-0.045181114	0.085477784	-0.007326667
179692657668694	-0.03297	0.07448778	-0.009768889
179692665168694	-0.024422223	0.064718895	-0.013432222
179692672668694	-0.02198	0.07326667	-0.017095556
179692773980881	-0.029306669	0.058613338	-0.009768889
179692781480881	-0.03174889	0.039075557	-0.0024422223
179692788980881	-0.047623336	0.034191113	0.0024422223
179692796480881	-0.051286668	0.034191113	0.0024422223
179692803980881	-0.051286668	0.02075889	0.0036633336
179692811480881	-0.051286668	0.0061055557	0.0024422223
179692818980881	-0.039075557	-0.0012211112	0.0061055557
179692826480881	-0.007326667	-0.03174889	0.018316668
179692833980881	0.024422223	-0.048844445	0.02075889
179692841480881	0.034191113	-0.05617111	0.018316668
179692848980881	0.04029667	-0.06960334	0.014653334
179692856480881	0.024422223	-0.081814446	0.013432222
179692863980881	0.014653334	-0.09402556	0.01099
179692871480881	0.035412222	-0.11844778	0.019537779
179692878980881	0.046402223	-0.13798556	0.02198
179692886480881	0.068382226	-0.14164889	0.023201112
179692893980881	0.07326667	-0.16729222	0.025643334
179692901480881	0.051286668	-0.18438779	0.02198
179692908980881	0.034191113	-0.21491556	0.012211111
179692916480881	0.037854444	-0.23323223	-0.0012211112
179692923980881	0.051286668	-0.25277	-0.0061055557
179692931480881	0.07326667	-0.2759711	-0.012211111
179692938980881	0.04396	-0.3052778	-0.018316668
179692997296610	0.03052778	-0.32725778	-0.026864445
179692953980881	0.03297	-0.3504589	-0.036633335
179692961480881	0.034191113	-0.36877558	-0.045181114
179692968980881	0.042738892	-0.39930335	-0.048844445
179692976480881	0.070824444	-0.42128336	-0.048844445
179692983980881	0.06594	-0.4493689	-0.05617111
179692991480881	0.06349778	-0.46768558	-0.06594
179692998980881	0.05372889	-0.48600224	-0.06594
179693006480881	0.046402223	-0.51653004	-0.064718895
179693013980881	0.058613338	-0.5482789	-0.06594
179693021480881	0.07448778	-0.5641534	-0.06594
179693096470568	0.07937223	-0.58124894	-0.06594
179693106661193	0.07570889	-0.6007867	-0.07204556
179693043980881	0.089141116	-0.6227667	-0.07570889
179693051480881	0.106236674	-0.6227667	-0.085477784
179693243924162	0.09524667	-0.6337567	-0.09036223
179693251424162	0.106236674	-0.63986224	-0.09280445
179693258924162	0.11356334	-0.6447467	-0.10013112
179693266424162	0.11966889	-0.6557367	-0.09280445
179693273924162	0.11600556	-0.6618422	-0.08669889
179693281424162	0.1306589	-0.6655056	-0.08059334
179693288924162	0.16973445	-0.6655056	-0.07326667
179693296424162	0.18316667	-0.6581789	-0.07204556
179693305487495	0.21491556	-0.6789378	-0.059834447
179693312709474	0.22712667	-0.6984756	-0.05250778
179693312778537	0.34557447	-0.7754056	-0.06349778
179693312840464	0.3602278	-0.7070234	-0.05617111
179693320831818	-0.03052778	-0.7546467	-0.085477784
179693320890516	0.070824444	-0.7448778	-0.04151778
179693320956297	0.19782001	-0.7204556	-0.045181114
179693321024162	0.22102112	-0.7082445	-0.05372889
179693321500881	0.23445335	-0.7082445	-0.06105556
179693326332339	0.16362889	-0.70580226	-0.07448778
179693336321610	0.106236674	-0.7082445	-0.06960334
179693341428641	0.15874445	-0.7082445	-0.07204556
179693354290881	0.17950334	-0.7106867	-0.08669889
179693356428641	0.19537778	-0.6984756	-0.09646778
179693363928641	0.18805112	-0.68138003	-0.10745778
179693371428641	0.18438779	-0.67039	-0.10745778
179693378928641	0.16485001	-0.66306335	-0.11112112
179693386428641	0.15874445	-0.6447467	-0.11356334
179693393928641	0.14775445	-0.63009334	-0.12211112
179693401428641	0.15386	-0.61666113	-0.12455334
179693408928641	0.17095557	-0.59834445	-0.13188
179693416428641	0.17706113	-0.58247	-0.12211112
179693423928641	0.15386	-0.57148004	-0.11966889
179693431428641	0.12577444	-0.5482789	-0.11966889
179693438928641	0.10745778	-0.52996224	-0.11356334
179693446428641	0.10135223	-0.50554	-0.10745778
179693453928641	0.08303556	-0.48600224	-0.09768889
179693461428641	0.07326667	-0.46035892	-0.085477784
179693524080151	0.10745778	-0.4163989	-0.08425667
179693483928641	0.11356334	-0.39197668	-0.09036223
179693491428641	0.11234222	-0.36999667	-0.08792
179693498928641	0.089141116	-0.35778558	-0.091583334
179693560870881	0.05617111	-0.33458444	-0.09402556
179693513928641	0.051286668	-0.3162678	-0.089141116
179693521428641	0.045181114	-0.29917222	-0.089141116
179693528928641	0.02075889	-0.27963445	-0.08425667
179693536428641	0.0061055557	-0.26498112	-0.07693
179693543928641	-0.0061055557	-0.24788557	-0.07448778
179693551428641	-0.0036633336	-0.22590557	-0.06594
179693558928641	0.007326667	-0.20026223	-0.064718895
179693636239318	0.007326667	-0.18072446	-0.057392225
179693645300985	0.013432222	-0.15630223	-0.05372889
179693657968433	0.019537779	-0.13798556	-0.054950003
179693668034422	0.013432222	-0.12211112	-0.051286668
179693675448016	0.0	-0.10379445	-0.045181114
179693684653068	0.0036633336	-0.08303556	-0.047623336
179693692551401	-0.01099	-0.06349778	-0.04396
179693700832235	-0.02198	-0.047623336	-0.037854444
179693626428641	-0.029306669	-0.03052778	-0.036633335
179693633928641	-0.035412222	-0.008547778	-0.037854444
179693735467547	-0.035412222	0.0036633336	-0.039075557
179693741808328	-0.04396	0.013432222	-0.037854444
179693749308328	-0.045181114	0.04151778	-0.036633335
179693757484735	-0.045181114	0.05617111	-0.036633335
179693769802495	-0.047623336	0.07570889	-0.035412222
179693774510985	-0.054950003	0.09402556	-0.028085556
179693789510985	-0.05250778	0.11234222	-0.02198
179693794578328	-0.046402223	0.13798556	-0.024422223
179693808029266	-0.05372889	0.15630223	-0.029306669
179693818093276	-0.07326667	0.17217667	-0.03052778
179693828314891	-0.091583334	0.18438779	-0.029306669
179693837581349	-0.09768889	0.20636779	-0.029306669
179693849188120	-0.10135223	0.22102112	-0.03052778
179693856597078	-0.11478445	0.23689556	-0.034191113
179693868526141	-0.11234222	0.25643334	-0.024422223
179693876120672	-0.10867889	0.27475002	-0.023201112
179693887824370	-0.11112112	0.28085557	-0.017095556
179693895172651	-0.10745778	0.29917222	-0.019537779
179693906798068	-0.12821667	0.30772	-0.02198
179693915727755	-0.14897557	0.31993112	-0.03052778
179693922644735	-0.18316667	0.31138334	-0.03174889
179693891808328	-0.19537778	0.30894113	-0.03297
179693899308328	-0.20026223	0.3174889	-0.03052778
179693949880620	-0.20270446	0.31993112	-0.026864445
179693959922235	-0.19537778	0.31871	-0.025643334
179693970695620	-0.20148334	0.32115224	-0.025643334
179693975847912	-0.20270446	0.31382558	-0.024422223
179693989712912	-0.19415668	0.31138334	-0.024422223
179694000277807	-0.18927222	0.31504667	-0.019537779
179694008038901	-0.18438779	0.31138334	-0.02075889
179694020319110	-0.18194556	0.31138334	-0.012211111
179694028245412	-0.18194556	0.3052778	-0.0061055557
179694039819162	-0.16118668	0.30039334	-0.0024422223
179694047548432	-0.15752333	0.2942878	0.013432222
179694059737495	-0.1526389	0.30649891	0.014653334
179694067511662	-0.13798556	0.30405667	0.0048844446
179694077722339	-0.10013112	0.2955089	0.008547778
179694011808328	-0.085477784	0.27963445	0.01099
179694094184318	-0.07204556	0.27108666	0.015874445
179694103118224	-0.05372889	0.2625389	0.015874445
179694114919630	-0.03052778	0.24055889	0.026864445
179694118974682	-0.009768889	0.23689556	0.024422223
179694129590672	-0.01099	0.2283478	0.024422223
179694142913328	-0.013432222	0.21735778	0.019537779
179694149672964	-0.028085556	0.20881	0.0012211112
179694162686974	-0.036633335	0.18438779	-0.014653334
179694175238953	-0.009768889	0.16362889	-0.029306669
179694182671349	0.0	0.13920668	-0.046402223
179694191437807	-0.009768889	0.10867889	-0.054950003
179694202008016	0.0024422223	0.09524667	-0.06960334
179694210195307	0.013432222	0.08303556	-0.08425667
179694218460932	0.023201112	0.058613338	-0.09280445
179694230961714	0.04029667	0.03052778	-0.09280445
179694238739318	0.06227667	0.01099	-0.09402556
179694247539162	0.08303556	-0.0048844446	-0.102573335
179694259539526	0.09036223	-0.015874445	-0.098910004
179694274539526	0.05372889	-0.036633335	-0.098910004
179694265171349	0.024422223	-0.05617111	-0.106236674
179694272671349	0.035412222	-0.06594	-0.106236674
179694280171349	0.070824444	-0.07326667	-0.12211112
179694287671349	0.085477784	-0.089141116	-0.13554333
179694295171349	0.102573335	-0.10013112	-0.14409111
179694302671349	0.10379445	-0.09524667	-0.14653334
179694310171349	0.10745778	-0.089141116	-0.15386
179694317671349	0.09646778	-0.08669889	-0.15508112
179694325171349	0.085477784	-0.08303556	-0.14531223
179694332671349	0.068382226	-0.091583334	-0.13798556
179694340171349	0.06716111	-0.08669889	-0.13188
179694347671349	0.06716111	-0.08425667	-0.13676445
179694355171349	0.051286668	-0.07448778	-0.14287001
179694362671349	0.07570889	-0.051286668	-0.14164889
179694370171349	0.07693	-0.019537779	-0.14164889
179694377671349	0.05006556	0.008547778	-0.12821667
179694385171349	0.04396	0.03174889	-0.11478445
179694392671349	0.048844445	0.05617111	-0.106236674
179694400171349	0.03297	0.06594	-0.09036223
179694407671349	0.025643334	0.08059334	-0.070824444
179694415171349	0.013432222	0.089141116	-0.047623336
179694422671349	-0.0012211112	0.08669889	-0.03174889
179694430171349	0.0048844446	0.091583334	-0.014653334
179694437671349	-0.0024422223	0.08303556	0.0024422223
179694445171349	-0.026864445	0.08669889	0.014653334
179694452671349	-0.02198	0.09036223	0.028085556
179694460171349	-0.034191113	0.09646778	0.036633335
179694467671349	-0.064718895	0.10135223	0.037854444
179694475171349	-0.06960334	0.11356334	0.04151778
179694482671349	-0.06960334	0.12089001	0.04151778
179694490171349	-0.05250778	0.13432223	0.042738892
179694497671349	-0.037854444	0.16240779	0.04029667
179694505171349	-0.03174889	0.18316667	0.037854444
179694512671349	-0.03052778	0.21980001	0.036633335
179694520171349	-0.064718895	0.24788557	0.045181114
179694527671349	-0.07326667	0.2759711	0.059834447
179694629189005	-0.06716111	0.31260446	0.08425667
179694636689005	-0.08303556	0.34191114	0.109900005
179694644189005	-0.07204556	0.3614489	0.13920668
179694651689005	-0.024422223	0.3858711	0.15508112
179694659189005	-0.013432222	0.41029334	0.17095557
179694666689005	-0.0012211112	0.43227336	0.18683001
179694674189005	0.03297	0.45059	0.20392556
179694681689005	0.037854444	0.4591378	0.22224224
179694689189005	0.0061055557	0.46402225	0.24178001
179694696689005	-0.035412222	0.46646446	0.26376
179694704189005	-0.07204556	0.46280113	0.28574002
179694711689005	-0.11112112	0.46035892	0.29795113
179694719189005	-0.123332225	0.44692668	0.30161446
179694726689005	-0.089141116	0.4383789	0.29673
179694734189005	-0.064718895	0.44204223	0.2759711
179694741689005	-0.05617111	0.4481478	0.2613178
179694749189005	-0.03297	0.44204223	0.24300112
179694791374890	-0.03052778	0.4371578	0.23689556
179694805126870	-0.025643334	0.4261678	0.23201112
179694810948120	-0.015874445	0.41273558	0.2283478
179694779189005	-0.014653334	0.3809867	0.2295689
179694829690463	-0.0012211112	0.36877558	0.22102112
179694840856661	0.013432222	0.3492378	0.21247335
179694845449318	0.019537779	0.31504667	0.20636779
179694859142911	0.034191113	0.2942878	0.19537778
179694866763432	0.037854444	0.26376	0.17950334
179694877858380	0.03297	0.2295689	0.16851334
179694891469265	0.037854444	0.20270446	0.14531223
179694906469265	0.03174889	0.12943779	0.12699556
179694854189005	0.014653334	0.098910004	0.11844778
179694861689005	0.013432222	0.064718895	0.106236674
179694869189005	0.0	0.024422223	0.09524667
179694876689005	-0.0036633336	0.007326667	0.07693
179694884189005	0.013432222	0.008547778	0.05250778
179694891689005	0.007326667	-0.0024422223	0.02075889
179694899189005	0.007326667	-0.0024422223	-0.007326667
179694906689005	-0.0036633336	0.0	-0.036633335
179694914189005	-0.0012211112	0.012211111	-0.06960334
179694921689005	-0.0012211112	0.007326667	-0.09280445
179694929189005	-0.0048844446	-0.0024422223	-0.102573335
179694936689005	0.017095556	-0.008547778	-0.117226675
179695042869109	0.018316668	-0.024422223	-0.11966889
179695047839630	0.0012211112	-0.036633335	-0.12455334
179695049213588	-0.0061055557	-0.047623336	-0.12577444
179695056713588	0.018316668	-0.06960334	-0.12821667
179695064213588	0.017095556	-0.09036223	-0.12699556
179695071713588	0.0024422223	-0.11600556	-0.14164889
179695079213588	-0.019537779	-0.15019667	-0.13798556
179695086713588	-0.047623336	-0.18316667	-0.14653334
179695094213588	-0.07326667	-0.21247335	-0.15874445
179695101713588	-0.11844778	-0.23811668	-0.16607112
179695109213588	-0.12089001	-0.24910668	-0.18072446
179695116713588	-0.11234222	-0.25765446	-0.19293556
179695124213588	-0.081814446	-0.2503278	-0.19293556
179695167497338	-0.06227667	-0.22712667	-0.17339778
179695154213588	-0.06960334	-0.23323223	-0.15630223
179695161713588	-0.078151114	-0.22712667	-0.15141778
179695169213588	-0.07570889	-0.22468445	-0.14653334
179695176713588	-0.068382226	-0.22224224	-0.14531223
179695184213588	-0.058613338	-0.22712667	-0.14897557
179695230318640	-0.07693	-0.22346334	-0.15019667
179695199213588	-0.07448778	-0.21247335	-0.15386
179695206713588	-0.068382226	-0.20881	-0.16362889
179695214213588	-0.081814446	-0.2075889	-0.16607112
179695221713588	-0.089141116	-0.21247335	-0.16118668
179695229213588	-0.07326667	-0.20392556	-0.15630223
179695236713588	-0.06716111	-0.20148334	-0.15752333
179695244213588	-0.051286668	-0.20392556	-0.15996556
179695251713588	-0.04029667	-0.19293556	-0.17828223
179695259213588	-0.048844445	-0.16851334	-0.17339778
179695266713588	-0.064718895	-0.15874445	-0.17950334
179695274213588	-0.05006556	-0.13920668	-0.18072446
179695281713588	-0.03297	-0.12089001	-0.18316667
179695289213588	-0.028085556	-0.109900005	-0.17584
179695296713588	-0.0012211112	-0.106236674	-0.16485001
179695304213588	-0.0061055557	-0.09280445	-0.16240779
179695311713588	-0.05006556	-0.08059334	-0.16118668
179695319213588	-0.047623336	-0.064718895	-0.15752333
179695326713588	-0.03297	-0.048844445	-0.14287001
179695334213588	-0.028085556	-0.023201112	-0.12089001
179695341713588	-0.01099	-0.0036633336	-0.09768889
179695349213588	-0.0048844446	0.007326667	-0.081814446
179695459409161	-0.0061055557	0.02075889	-0.068382226
179695461783692	-0.023201112	0.036633335	-0.05250778
179695461900255	-0.029306669	0.047623336	-0.046402223
179695469378119	-0.017095556	0.06960334	-0.04151778
179695476878119	-0.014653334	0.078151114	-0.03297
179695484378119	0.0024422223	0.09036223	-0.025643334
179695491878119	0.0024422223	0.09524667	-0.026864445
179695499378119	0.008547778	0.09768889	-0.024422223
179695506878119	0.03174889	0.09402556	-0.02075889
179695514378119	0.04029667	0.08059334	-0.023201112
179695521878119	0.046402223	0.07204556	-0.028085556
179695529378119	0.051286668	0.059834447	-0.03174889
179695536878119	0.054950003	0.042738892	-0.034191113
179695544378119	0.06960334	0.042738892	-0.039075557
179695551878119	0.085477784	0.042738892	-0.035412222
179695589713692	0.12577444	0.024422223	-0.019537779
179695574378119	0.10501556	0.007326667	-0.023201112
179695581878119	0.10379445	0.0036633336	-0.03174889
179695589378119	0.106236674	-0.0024422223	-0.04029667
179695706319786	0.09768889	-0.012211111	-0.04396
179695860066192	0.08792	-0.019537779	-0.039075557
179695867566192	0.07204556	-0.009768889	-0.036633335
179695869411192	0.045181114	-0.0048844446	-0.03297
179695870447807	0.03174889	-0.0048844446	-0.029306669
179695871122807	0.046402223	-0.007326667	-0.028085556
179695871778744	0.03052778	-0.019537779	-0.026864445
179695872426348	0.009768889	-0.03174889	-0.019537779
179695873075619	0.013432222	-0.042738892	-0.013432222
179695873717494	0.009768889	-0.05617111	-0.0012211112
179695874394005	0.0036633336	-0.051286668	0.0012211112
179695875057442	0.009768889	-0.051286668	0.012211111
179695875729890	0.008547778	-0.048844445	0.01099
179695876400307	0.012211111	-0.047623336	0.024422223
179695877074890	0.036633335	-0.039075557	0.029306669
179695878025359	0.046402223	-0.028085556	0.039075557
179695879380775	0.023201112	-0.025643334	0.04151778
179695879453119	0.018316668	-0.024422223	0.035412222
179695879518692	0.035412222	-0.008547778	0.026864445
179695879590046	0.024422223	-0.012211111	0.0048844446
179695879651036	0.019537779	-0.0048844446	-0.014653334
179695879715150	0.02198	-0.0012211112	-0.029306669
179695879780775	0.009768889	0.01099	-0.042738892
179695880766400	0.0036633336	0.015874445	-0.05250778
179695888266400	0.0024422223	0.015874445	-0.058613338
179695898883900	-0.023201112	0.008547778	-0.059834447
179695898979213	-0.037854444	-0.0061055557	-0.05250778
179695899048223	-0.039075557	-0.009768889	-0.046402223
179695906548223	-0.03052778	-0.019537779	-0.039075557
179695913634578	-0.023201112	-0.028085556	-0.029306669
179695920681505	-0.024422223	-0.03052778	-0.02075889
179695927610411	-0.026864445	-0.042738892	-0.007326667
179695935110411	-0.05006556	-0.04151778	0.0012211112
179695947501765	-0.070824444	-0.045181114	0.02075889
179695950110411	-0.06227667	-0.048844445	0.03174889
179695957610411	-0.05617111	-0.059834447	0.036633335
179695965110411	-0.051286668	-0.051286668	0.034191113
179695972610411	-0.05006556	-0.04029667	0.023201112
179695980110411	-0.054950003	-0.037854444	0.014653334
179695987610411	-0.05372889	-0.024422223	-0.0061055557
179695995110411	-0.048844445	-0.009768889	-0.02075889
179696002610411	-0.028085556	0.0061055557	-0.03174889
179696010110411	-0.03297	0.019537779	-0.04151778
179696017610411	-0.04396	0.034191113	-0.05006556
179696025110411	-0.039075557	0.039075557	-0.05250778
179696066408900	-0.029306669	0.03297	-0.047623336
179696040110411	-0.03297	0.023201112	-0.046402223
179696047610411	-0.03174889	0.013432222	-0.042738892
179696055110411	-0.026864445	0.014653334	-0.037854444
179696062610411	-0.0061055557	0.013432222	-0.034191113
179696070110411	-0.014653334	0.012211111	-0.029306669
179696077610411	-0.02198	0.018316668	-0.026864445
179696085110411	-0.017095556	0.012211111	-0.008547778
179696092610411	-0.008547778	0.0048844446	0.009768889
179696100110411	-0.0048844446	0.0012211112	0.02075889
179696107610411	-0.0048844446	-0.0024422223	0.03174889
179696115110411	0.0024422223	-0.0061055557	0.045181114
179696122610411	0.015874445	-0.0036633336	0.054950003
179696130110411	0.04151778	0.007326667	0.06105556
179696203403275	0.035412222	0.01099	0.048844445
179696152610411	0.037854444	0.023201112	0.036633335
179696160110411	0.034191113	0.023201112	0.015874445
179696231975411	0.028085556	0.02198	0.0
179696246956557	0.03052778	0.013432222	-0.008547778
179696252917442	0.04151778	0.008547778	-0.017095556
179696190110411	0.026864445	0.01099	-0.03174889
179696197610411	0.0024422223	-0.0012211112	-0.037854444
179696205110411	-0.008547778	-0.0036633336	-0.03297
179696212610411	-0.018316668	-0.0061055557	-0.026864445
179696220110411	-0.017095556	-0.014653334	-0.018316668
179696227610411	-0.0024422223	-0.018316668	-0.0048844446
179696235110411	0.0	-0.023201112	0.008547778
179696242610411	-0.0061055557	-0.02198	0.028085556
179696250110411	-0.0061055557	-0.017095556	0.039075557
179696257610411	-0.007326667	-0.0048844446	0.046402223
179696358308223	-0.0061055557	0.0024422223	0.05006556
179696365808223	0.013432222	0.009768889	0.051286668
179696373308223	0.014653334	0.018316668	0.05250778
179696380808223	0.019537779	0.025643334	0.05006556
179696388308223	0.023201112	0.03297	0.047623336
179696395808223	0.02075889	0.04029667	0.045181114
179696403308223	0.0012211112	0.03052778	0.046402223
179696410808223	-0.0024422223	0.03052778	0.037854444
179696418308223	-0.0061055557	0.02198	0.035412222
179696425808223	-0.013432222	0.012211111	0.024422223
179696433308223	-0.02075889	-0.0024422223	0.02198
179696440808223	-0.026864445	-0.0061055557	0.018316668
179696448308223	-0.02198	-0.007326667	0.01099
179696455808223	-0.026864445	-0.012211111	0.0036633336
179696463308223	-0.035412222	-0.019537779	-0.0012211112
179696470808223	-0.04029667	-0.034191113	0.0048844446
179696478308223	-0.04396	-0.035412222	0.0036633336
179696485808223	-0.05372889	-0.03297	-0.007326667
179696493308223	-0.057392225	-0.026864445	-0.019537779
179696500808223	-0.06105556	-0.029306669	-0.018316668
179696508308223	-0.045181114	-0.026864445	-0.01099
179696515808223	-0.018316668	-0.017095556	-0.0036633336
179696523308223	0.0024422223	-0.0024422223	-0.0024422223
179696530808223	0.01099	0.0036633336	0.008547778
179696538308223	0.017095556	0.0061055557	0.018316668
179696545808223	0.01099	0.0048844446	0.03052778
179696553308223	0.0061055557	0.0048844446	0.04151778
179696560808223	0.0012211112	0.0061055557	0.045181114
179696568308223	0.0048844446	0.013432222	0.04396
179696575808223	0.013432222	0.02198	0.04151778
179696583308223	0.019537779	0.02075889	0.042738892
179696653263484	0.019537779	0.019537779	0.045181114
179696598308223	0.018316668	0.029306669	0.042738892
179696605808223	0.02198	0.039075557	0.04151778
179696613308223	0.017095556	0.03297	0.036633335
179696691538223	0.008547778	0.024422223	0.03297
179696628308223	-0.008547778	0.007326667	0.029306669
179696635808223	-0.009768889	0.0012211112	0.013432222
179696716673171	-0.01099	-0.008547778	0.0036633336
179696650808223	-0.019537779	-0.02075889	-0.0061055557
179696736007494	-0.024422223	-0.026864445	-0.015874445
179696745354733	-0.025643334	-0.024422223	-0.02198
179696755464786	-0.023201112	-0.026864445	-0.026864445
179696680808223	-0.023201112	-0.029306669	-0.026864445
179696777205098	-0.03052778	-0.03174889	-0.03052778
179696695808223	-0.028085556	-0.029306669	-0.028085556
179696798192911	-0.012211111	-0.023201112	-0.023201112
179696809019577	-0.009768889	-0.017095556	-0.019537779
179696819110723	-0.007326667	-0.009768889	-0.019537779
179696820692911	0.0036633336	0.0061055557	-0.017095556
179696828192911	-0.0024422223	0.008547778	-0.009768889
179696835692911	0.0024422223	0.015874445	-0.0036633336
179696843192911	0.0012211112	0.012211111	0.007326667
179696850692911	0.007326667	0.025643334	0.014653334
179696858192911	0.008547778	0.03174889	0.012211111
179696865692911	0.017095556	0.029306669	0.017095556
179696873192911	0.028085556	0.03052778	0.017095556
179696880692911	0.03052778	0.035412222	0.017095556
179696888192911	0.028085556	0.024422223	0.01099
179696895692911	0.017095556	0.012211111	0.012211111
179696903192911	0.0	0.017095556	0.009768889
179696910692911	-0.007326667	0.02075889	0.0
179696918192911	-0.007326667	0.019537779	-0.009768889
179696925692911	-0.017095556	0.01099	-0.012211111
179696933192911	-0.023201112	0.0061055557	-0.013432222
179696940692911	-0.035412222	0.0036633336	-0.015874445
179696948192911	-0.023201112	0.0012211112	-0.009768889
179696955692911	-0.026864445	-0.0061055557	-0.0061055557
179696963192911	-0.02198	-0.007326667	0.0
179696970692911	-0.0036633336	0.0012211112	0.0036633336
179696978192911	-0.0048844446	0.0012211112	0.0012211112
179696985692911	0.0012211112	0.0	0.0061055557
179696993192911	0.0	-0.0048844446	0.007326667
179697000692911	-0.018316668	-0.007326667	0.009768889
179697008192911	-0.018316668	-0.007326667	0.01099
179697015692911	-0.029306669	-0.007326667	0.0061055557
179697023192911	-0.03174889	-0.0024422223	0.0061055557
179697030692911	-0.023201112	0.0048844446	0.0
179697038192911	-0.018316668	0.009768889	0.0
179697045692911	-0.012211111	0.02075889	-0.0024422223
179697053192911	-0.017095556	0.028085556	-0.008547778
179697060692911	-0.019537779	0.029306669	-0.0048844446
179697068192911	-0.01099	0.035412222	0.0024422223
179697075692911	-0.007326667	0.03174889	0.0061055557
179697083192911	0.0012211112	0.036633335	0.01099
179697090692911	0.009768889	0.037854444	0.012211111
179697098192911	0.007326667	0.029306669	0.017095556
179697105692911	0.009768889	0.023201112	0.019537779
179697113192911	0.009768889	0.03297	0.015874445
179697120692911	-0.0048844446	0.03297	0.015874445
179697222262962	0.0024422223	0.03052778	0.017095556
179697226955358	0.0036633336	0.029306669	0.017095556
179697234455358	-0.0012211112	0.023201112	0.009768889
179697241955358	-0.007326667	0.017095556	-0.0012211112
179697249455358	-0.019537779	0.01099	-0.0061055557
179697256955358	-0.023201112	0.009768889	-0.008547778
179697264455358	-0.026864445	0.0024422223	-0.008547778
179697271955358	-0.03174889	-0.0048844446	-0.0061055557
179697279455358	-0.025643334	0.0	-0.009768889
179697286955358	-0.018316668	-0.0012211112	-0.009768889
179697294455358	-0.01099	-0.0024422223	-0.009768889
179697301955358	-0.02075889	0.0048844446	-0.009768889
179697309455358	-0.023201112	0.0048844446	-0.01099
179697316955358	-0.019537779	0.013432222	-0.013432222
179697324455358	-0.015874445	0.018316668	-0.013432222
179697331955358	-0.008547778	0.012211111	-0.007326667
179697339455358	0.0024422223	0.017095556	-0.0012211112
179697346955358	0.0036633336	0.019537779	0.0036633336
179697354455358	-0.0024422223	0.019537779	0.0024422223
179697361955358	-0.008547778	0.015874445	0.007326667
179697369455358	-0.012211111	0.01099	0.0061055557
179697376955358	-0.0024422223	0.015874445	0.0024422223
179697384455358	0.0036633336	0.015874445	0.0024422223
179697391955358	0.008547778	0.012211111	-0.0012211112
179697399455358	0.0012211112	0.017095556	-0.007326667
179697406955358	-0.0024422223	0.0061055557	-0.01099
179697414455358	-0.0036633336	0.012211111	-0.008547778
179697421955358	-0.007326667	0.014653334	-0.007326667
179697429455358	-0.014653334	0.015874445	-0.0061055557
179697436955358	-0.015874445	0.008547778	-0.009768889
179697444455358	-0.01099	0.0024422223	-0.0061055557
179697451955358	-0.0024422223	0.008547778	-0.0048844446
179697459455358	-0.0036633336	0.015874445	-0.007326667
179697539075046	-0.0012211112	0.02075889	-0.01099
179697548609108	-0.0012211112	0.019537779	-0.007326667
179697481955358	0.007326667	0.029306669	-0.007326667
179697489455358	0.014653334	0.035412222	-0.008547778
179697496955358	0.0024422223	0.034191113	-0.0036633336
179697504455358	0.0024422223	0.03174889	0.0012211112
179697511955358	0.0048844446	0.028085556	-0.0048844446
179697519455358	0.0024422223	0.03052778	-0.007326667
179697526955358	0.0	0.03174889	-0.009768889
179697534455358	-0.007326667	0.03174889	-0.01099
179697541955358	-0.017095556	0.023201112	-0.013432222
179697549455358	-0.019537779	0.02198	-0.015874445
179697556955358	-0.024422223	0.017095556	-0.018316668
179697658876504	-0.04029667	0.014653334	-0.02198
179697666376504	-0.042738892	0.017095556	-0.019537779
179697673876504	-0.03297	0.03052778	-0.026864445
179697681376504	-0.03174889	0.03052778	-0.025643334
179697688876504	-0.03052778	0.025643334	-0.019537779
179697696376504	-0.018316668	0.034191113	-0.009768889
179697703876504	-0.012211111	0.039075557	-0.01099
179697711376504	-0.024422223	0.046402223	-0.0036633336
179697718876504	-0.03174889	0.04396	0.0036633336
179697726376504	-0.03297	0.051286668	0.012211111
179697733876504	-0.03052778	0.05617111	0.012211111
179697741376504	-0.019537779	0.064718895	0.015874445
179697748876504	-0.02198	0.06960334	0.014653334
179697756376504	-0.026864445	0.081814446	0.007326667
179697763876504	-0.023201112	0.09036223	0.0036633336
179697771376504	-0.023201112	0.09036223	0.0048844446
179697778876504	-0.026864445	0.085477784	0.0048844446
179697786376504	-0.019537779	0.09280445	0.012211111
179697793876504	-0.007326667	0.09768889	0.015874445
179697801376504	-0.008547778	0.09646778	0.02075889
179697808876504	-0.024422223	0.10379445	0.017095556
179697816376504	-0.04029667	0.09768889	0.02198
179697823876504	-0.042738892	0.102573335	0.018316668
179697831376504	-0.04396	0.10013112	0.023201112
179697838876504	-0.04396	0.11112112	0.018316668
179697846376504	-0.04151778	0.109900005	0.019537779
179697853876504	-0.029306669	0.11600556	0.017095556
179697861376504	-0.024422223	0.123332225	0.015874445
179697868876504	-0.04029667	0.13188	0.013432222
179697876376504	-0.05372889	0.13554333	0.013432222
179697883876504	-0.06105556	0.13798556	0.012211111
179697891376504	-0.06105556	0.14653334	0.012211111
179697898876504	-0.064718895	0.14531223	0.023201112
179697906376504	-0.05617111	0.14042778	0.024422223
179697913876504	-0.06716111	0.14164889	0.028085556
179697921376504	-0.078151114	0.14775445	0.02075889
179697928876504	-0.07570889	0.15630223	0.02198
179697936376504	-0.064718895	0.16118668	0.019537779
179697943876504	-0.06349778	0.16118668	0.025643334
179697951376504	-0.070824444	0.1526389	0.03052778
179697958876504	-0.06716111	0.15508112	0.029306669
179697966376504	-0.058613338	0.16729222	0.023201112
179697973876504	-0.078151114	0.15386	0.014653334
179697981376504	-0.08792	0.14653334	0.01099
179697988876504	-0.08669889	0.15141778	0.0024422223
179698089892545	-0.08792	0.15508112	-0.0036633336
179698097392545	-0.09768889	0.16118668	-0.009768889
179698104892545	-0.106236674	0.15996556	-0.0048844446
179698112392545	-0.09646778	0.16240779	0.0
179698119892545	-0.089141116	0.16118668	0.0
179698127392545	-0.08059334	0.16729222	0.008547778
179698134892545	-0.06716111	0.16973445	0.018316668
179698142392545	-0.06227667	0.16973445	0.017095556
179698149892545	-0.07204556	0.17217667	0.015874445
179698157392545	-0.078151114	0.18316667	0.013432222
179698164892545	-0.08059334	0.19171445	0.014653334
179698172392545	-0.07937223	0.19537778	0.017095556
179698179892545	-0.07204556	0.19782001	0.028085556
179698187392545	-0.068382226	0.20392556	0.028085556
179698194892545	-0.06594	0.20392556	0.03174889
179698202392545	-0.06105556	0.20148334	0.036633335
179698209892545	-0.05250778	0.20514667	0.04151778
179698217392545	-0.05617111	0.20148334	0.042738892
179698224892545	-0.05617111	0.19171445	0.04151778
179698232392545	-0.051286668	0.19171445	0.04029667
179698239892545	-0.054950003	0.19293556	0.036633335
179698247392545	-0.047623336	0.18194556	0.036633335
179698254892545	-0.04029667	0.18316667	0.037854444
179698262392545	-0.05006556	0.18683001	0.036633335
179698269892545	-0.070824444	0.1746189	0.04396
179698277392545	-0.07693	0.18072446	0.036633335
179698284892545	-0.081814446	0.16485001	0.048844445
179698292392545	-0.07448778	0.16485001	0.047623336
179698299892545	-0.06349778	0.16851334	0.04396
179698307392545	-0.05372889	0.16729222	0.04029667
179698314892545	-0.05006556	0.16607112	0.042738892
179698322392545	-0.059834447	0.1746189	0.04029667
179698329892545	-0.06349778	0.17950334	0.04151778
179698337392545	-0.06594	0.17828223	0.04396
179698344892545	-0.058613338	0.18316667	0.046402223
179698352392545	-0.06105556	0.1856089	0.04151778
179698359892545	-0.064718895	0.18805112	0.04029667
179698367392545	-0.058613338	0.18316667	0.039075557
179698374892545	-0.039075557	0.17828223	0.05006556
179698382392545	-0.03052778	0.17950334	0.05250778
179698389892545	-0.036633335	0.18194556	0.047623336
179698397392545	-0.04029667	0.1746189	0.04396
179698404892545	-0.047623336	0.17095557	0.035412222
179698412392545	-0.057392225	0.15874445	0.03297
179698506484681	-0.068382226	0.15141778	0.026864445
179698427392545	-0.06960334	0.14287001	0.023201112
179698536621295	-0.058613338	0.13920668	0.028085556
179698538624420	-0.046402223	0.14042778	0.02198
179698546124420	-0.04151778	0.1306589	0.024422223
179698553624420	-0.04029667	0.123332225	0.025643334
179698561124420	-0.036633335	0.1306589	0.015874445
179698568624420	-0.05372889	0.11966889	0.017095556
179698576124420	-0.068382226	0.11844778	0.013432222
179698595742077	-0.06716111	0.117226675	0.01099
179698591124420	-0.064718895	0.106236674	0.009768889
179698598624420	-0.054950003	0.09524667	0.019537779
179698606124420	-0.042738892	0.09646778	0.018316668
179698613624420	-0.039075557	0.091583334	0.018316668
179698621124420	-0.03174889	0.09524667	0.015874445
179698732712701	-0.029306669	0.08669889	0.012211111
179698734555358	-0.028085556	0.08059334	0.013432222
179698741012910	-0.03297	0.07693	0.014653334
179698742255618	-0.037854444	0.06349778	0.018316668
179698743354785	-0.042738892	0.05372889	0.02075889
179698750854785	-0.015874445	0.047623336	0.023201112
179698758354785	-0.008547778	0.034191113	0.018316668
179698761340774	-0.008547778	0.023201112	0.017095556
179698762368535	-0.007326667	0.014653334	0.0036633336
179698763082076	-0.017095556	-0.0048844446	-0.0012211112
179698770582076	-0.025643334	-0.009768889	-0.007326667
179698778082076	-0.035412222	-0.024422223	-0.0036633336
179698780553535	-0.04029667	-0.039075557	-0.008547778
179698781659629	-0.024422223	-0.04029667	-0.012211111
179698788022910	-0.029306669	-0.047623336	-0.014653334
179698795522910	-0.036633335	-0.06716111	-0.0061055557
179698803022910	-0.017095556	-0.078151114	0.0048844446
179698816353483	0.01099	-0.089141116	0.0024422223
179698822893222	0.024422223	-0.10379445	0.0036633336
179698832137910	0.024422223	-0.12211112	0.0
179698833022910	0.039075557	-0.14409111	0.0024422223
179698840522910	0.05250778	-0.15874445	-0.0012211112
179698848022910	0.05006556	-0.18072446	-0.0012211112
179698874018014	0.034191113	-0.19904111	0.0036633336
179698863022910	0.034191113	-0.21369445	-0.012211111
179698870522910	0.01099	-0.23933779	-0.015874445
179698899531764	-0.0012211112	-0.26864445	-0.019537779
179698885522910	0.014653334	-0.2869611	-0.028085556
179698893022910	0.013432222	-0.30772	-0.045181114
179698900522910	0.02075889	-0.33458444	-0.046402223
179698908022910	0.051286668	-0.3614489	-0.06105556
179698915522910	0.07937223	-0.38465002	-0.07326667
179698923022910	0.09280445	-0.41273558	-0.07693
179698930522910	0.117226675	-0.43227336	-0.08425667
179698938022910	0.12821667	-0.45181113	-0.085477784
179698986768378	0.10745778	-0.46768558	-0.08792
179698953022910	0.07693	-0.48478112	-0.09524667
179698960522910	0.047623336	-0.48844448	-0.09402556
179698968022910	0.04151778	-0.50676113	-0.09524667
179698975522910	0.05372889	-0.5140878	-0.09646778
179698983022910	0.07570889	-0.5238567	-0.10501556
179699040351868	0.11478445	-0.53118336	-0.10135223
179698998022910	0.14287001	-0.5324045	-0.10013112
179699005522910	0.16973445	-0.53118336	-0.106236674
179699013022910	0.18072446	-0.54950005	-0.10501556
179699020522910	0.20514667	-0.5592689	-0.098910004
179699028022910	0.21613668	-0.56293225	-0.091583334
179699035522910	0.23445335	-0.5678167	-0.08303556
179699043022910	0.26376	-0.57514334	-0.07693
179699050522910	0.27719223	-0.58124894	-0.06716111
179699058022910	0.26864445	-0.59468114	-0.06105556
179699065522910	0.27475002	-0.60933447	-0.054950003
179699073022910	0.28085557	-0.6117767	-0.05250778
179699080522910	0.30772	-0.74732006	-0.037854444
179699088022910	0.37488112	-0.6056711	-0.051286668
179699095522910	0.15019667	-0.67039	-0.106236674
179699103022910	0.12699556	-0.69114894	-0.05617111
179699198913066	0.29306668	-0.67161113	-0.07448778
179699118022910	0.29184556	-0.6874856	-0.070824444
179699212744420	0.27841336	-0.70458114	-0.089141116
179699133022910	0.2759711	-0.71435004	-0.09646778
179699235539889	0.21613668	-0.73633003	-0.109900005
179699246654680	0.21003112	-0.75098336	-0.12089001
179699250539889	0.22102112	-0.76441556	-0.13554333
179699258039889	0.23811668	-0.7815111	-0.14897557
179699265539889	0.2625389	-0.7973856	-0.15752333
179699273039889	0.2735289	-0.7888378	-0.1746189
179699280539889	0.26376	-0.7815111	-0.17706113
179699288039889	0.2613178	-0.7656367	-0.17339778
179699295539889	0.24910668	-0.75831	-0.16729222
179699303039889	0.2515489	-0.73999333	-0.15630223
179699310539889	0.27719223	-0.70946556	-0.1526389
179699318039889	0.28085557	-0.69603336	-0.14164889
179699347032649	0.30039334	-0.6752745	-0.1306589
179699356342180	0.31016225	-0.65940005	-0.12455334
179699367567441	0.32481557	-0.63009334	-0.11966889
179699376880670	0.30161446	-0.60811335	-0.12699556
179699386120670	0.27841336	-0.5971234	-0.12455334
179699363039889	0.29184556	-0.58247	-0.123332225
179699406933482	0.27108666	-0.5641534	-0.12089001
179699378039889	0.24544334	-0.54950005	-0.109900005
179699385539889	0.23445335	-0.5324045	-0.10867889
179699434978222	0.22346334	-0.51164556	-0.10867889
179699400539889	0.21491556	-0.5006556	-0.10379445
179699408039889	0.22590557	-0.48966557	-0.10013112
179699415539889	0.20392556	-0.4798967	-0.11356334
179699423039889	0.14653334	-0.46524334	-0.12211112
179699430539889	0.123332225	-0.45181113	-0.13676445
179699438039889	0.10135223	-0.44570556	-0.14775445
179699445539889	0.06960334	-0.4383789	-0.15019667
179699453039889	0.06105556	-0.41884112	-0.15752333
179699460539889	0.05006556	-0.4041878	-0.16240779
179699468039889	0.06227667	-0.3931978	-0.15752333
179699543072389	0.07937223	-0.36389112	-0.15508112
179699550929472	0.070824444	-0.34435335	-0.15141778
179699490539889	0.042738892	-0.32237336	-0.14531223
179699498039889	0.026864445	-0.30649891	-0.14042778
179699505539889	0.018316668	-0.29062447	-0.13920668
179699513039889	0.0012211112	-0.2820767	-0.13554333
179699520539889	-0.0036633336	-0.26742333	-0.13798556
179699528039889	-0.008547778	-0.25765446	-0.13798556
179699617769628	-0.014653334	-0.24422224	-0.13432223
179699543039889	-0.009768889	-0.21613668	-0.12699556
179699639074316	-0.015874445	-0.19537778	-0.11966889
179699645990826	-0.024422223	-0.17706113	-0.11356334
179699654287232	-0.03174889	-0.1526389	-0.106236674
179699573039889	-0.045181114	-0.11844778	-0.098910004
179699580539889	-0.06594	-0.09646778	-0.09646778
179699683377649	-0.07204556	-0.07448778	-0.09524667
179699690877649	-0.08059334	-0.05006556	-0.089141116
179699698377649	-0.078151114	-0.035412222	-0.081814446
179699705877649	-0.07326667	-0.0048844446	-0.070824444
179699713377649	-0.07937223	0.02075889	-0.057392225
179699720877649	-0.07693	0.047623336	-0.046402223
179699728377649	-0.08303556	0.09280445	-0.03297
179699735877649	-0.085477784	0.11844778	-0.019537779
179699743377649	-0.09280445	0.14409111	-0.0048844446
179699750877649	-0.102573335	0.16729222	0.0061055557
179699758377649	-0.109900005	0.19782001	0.01099
179699790016607	-0.12211112	0.21247335	0.023201112
179699773377649	-0.13188	0.2283478	0.037854444
179699807981034	-0.13554333	0.24300112	0.039075557
179699816730774	-0.14775445	0.25765446	0.04029667
179699826597389	-0.16362889	0.26498112	0.046402223
179699803377649	-0.17584	0.2759711	0.057392225
179699810877649	-0.18805112	0.29062447	0.06227667
179699818377649	-0.21369445	0.30039334	0.064718895
179699825877649	-0.23445335	0.30894113	0.058613338
179699833377649	-0.23201112	0.3174889	0.05617111
179699840877649	-0.23201112	0.31260446	0.054950003
179699848377649	-0.23811668	0.3162678	0.046402223
179699855877649	-0.23811668	0.3309211	0.04029667
179699910871295	-0.23201112	0.3370267	0.037854444
179699870877649	-0.23445335	0.33336335	0.039075557
179699878377649	-0.24422224	0.3382478	0.034191113
179699885877649	-0.23201112	0.3492378	0.04029667
179699951222232	-0.22590557	0.3602278	0.046402223
179699961661451	-0.23811668	0.36511225	0.057392225
179699972531347	-0.2295689	0.37732336	0.064718895
179699915877649	-0.23567446	0.37976557	0.07570889
179699923377649	-0.2295689	0.3858711	0.08792
179700000441711	-0.2185789	0.39197668	0.09524667
179700008707649	-0.21247335	0.3858711	0.10745778
179699945877649	-0.20026223	0.39686114	0.11112112
179699953377649	-0.19171445	0.40540892	0.11478445
179699960877649	-0.19415668	0.40907225	0.11966889
179699968377649	-0.20270446	0.40540892	0.12211112
179699975877649	-0.18805112	0.4151778	0.12455334
179700063719263	-0.16607112	0.41395667	0.12699556
179700072246607	-0.15141778	0.41395667	0.12821667
179700082750774	-0.13920668	0.41884112	0.12455334
179700005877649	-0.12699556	0.42250445	0.11966889
179700106631503	-0.12089001	0.43105224	0.11112112
179700114131503	-0.15752333	0.42250445	0.102573335
179700121631503	-0.18805112	0.41395667	0.10745778
179700129131503	-0.16240779	0.40540892	0.10745778
179700144118743	-0.14042778	0.4041878	0.10135223
179700157016086	-0.12821667	0.39686114	0.10135223
179700163908847	-0.11966889	0.37854445	0.09036223
179700159131503	-0.12699556	0.36633334	0.081814446
179700166631503	-0.14164889	0.35656446	0.078151114
179700174131503	-0.16851334	0.33580557	0.07326667
179700181631503	-0.15019667	0.32481557	0.07448778
179700189131503	-0.109900005	0.31016225	0.06594
179700220968847	-0.09036223	0.28818223	0.05372889
179700204131503	-0.11112112	0.2613178	0.035412222
179700211631503	-0.10745778	0.2283478	0.024422223
179700219131503	-0.106236674	0.1965989	0.0061055557
179700226631503	-0.12211112	0.15874445	-0.0061055557
179700234131503	-0.102573335	0.12577444	-0.023201112
179700241631503	-0.085477784	0.09646778	-0.039075557
179700249131503	-0.06594	0.07448778	-0.05250778
179700256631503	-0.047623336	0.064718895	-0.07326667
179700305114732	-0.046402223	0.046402223	-0.07326667
179700315415201	-0.06349778	0.025643334	-0.081814446
179700325997388	-0.068382226	0.013432222	-0.08669889
179700286631503	-0.057392225	0.007326667	-0.09280445
179700294131503	-0.04396	0.0	-0.106236674
179700301631503	-0.04151778	0.009768889	-0.12211112
179700309131503	-0.048844445	0.01099	-0.123332225
179700316631503	-0.05372889	0.014653334	-0.14042778
179700324131503	-0.045181114	0.019537779	-0.15141778
179700331631503	-0.047623336	0.03174889	-0.16485001
179700339131503	-0.05372889	0.026864445	-0.17339778
179700346631503	-0.04396	0.02198	-0.17828223
179700354131503	-0.05250778	0.012211111	-0.17706113
179700361631503	-0.07204556	-0.0012211112	-0.16851334
179700369131503	-0.08792	-0.0048844446	-0.14287001
179700376631503	-0.09036223	0.009768889	-0.11966889
179700384131503	-0.07326667	0.025643334	-0.10013112
179700391631503	-0.06594	0.04151778	-0.08059334
179700399131503	-0.029306669	0.051286668	-0.045181114
179700406631503	0.026864445	0.06227667	-0.024422223
179700414131503	0.037854444	0.06105556	-0.0061055557
179700421631503	0.026864445	0.07326667	0.007326667
179700429131503	0.029306669	0.081814446	0.0048844446
179700436631503	0.008547778	0.07448778	0.013432222
179700444131503	-0.015874445	0.07326667	0.017095556
179700451631503	-0.0036633336	0.070824444	0.02198
179700554922440	0.0061055557	0.064718895	0.03052778
179700561468117	0.01099	0.070824444	0.039075557
179700568968117	0.014653334	0.07937223	0.045181114
179700576468117	0.0061055557	0.10013112	0.047623336
179700583968117	-0.0012211112	0.13188	0.048844445
179700591468117	0.0036633336	0.16240779	0.054950003
179700598968117	0.0036633336	0.19293556	0.058613338
179700606468117	0.013432222	0.22102112	0.06960334
179700613968117	0.035412222	0.24666445	0.081814446
179700621468117	0.06349778	0.26864445	0.10013112
179700628968117	0.078151114	0.28329778	0.12211112
179700660397128	0.08669889	0.28940335	0.14409111
179700643968117	0.09036223	0.30039334	0.16973445
179700677081555	0.091583334	0.3174889	0.20026223
179700688653534	0.11600556	0.34801668	0.22590557
179700696676815	0.1306589	0.36633334	0.24666445
179700673968117	0.14531223	0.39686114	0.28329778
179700681468117	0.18927222	0.43471557	0.31260446
179700688968117	0.21491556	0.4566956	0.33214223
179700696468117	0.22224224	0.47379112	0.35534334
179700744048794	0.23323223	0.4908867	0.36511225
179700711468117	0.24178001	0.4933289	0.3724389
179700718968117	0.21613668	0.48844448	0.36755446
179700726468117	0.18072446	0.47257003	0.35900667
179700733968117	0.17095557	0.4481478	0.34801668
179700741468117	0.16118668	0.4249467	0.34191114
179700748968117	0.14897557	0.41151446	0.3394689
179700756468117	0.12699556	0.40052447	0.32725778
179700763968117	0.106236674	0.38709223	0.31016225
179700771468117	0.08792	0.38220778	0.28574002
179700778968117	0.054950003	0.36511225	0.25887558
179700786468117	-0.01099	0.35778558	0.23079
179700793968117	-0.036633335	0.35168	0.21491556
179700801468117	-0.017095556	0.34801668	0.19537778
179700808968117	-0.023201112	0.34557447	0.17095557
179700816468117	-0.019537779	0.34679556	0.15752333
179700897945305	0.0048844446	0.34435335	0.15019667
179700904940096	0.03297	0.34557447	0.16240779
179700914709784	0.06594	0.3492378	0.16851334
179700925031555	0.098910004	0.34191114	0.1746189
179700934183430	0.11112112	0.3309211	0.17950334
179700861468117	0.10867889	0.3260367	0.17584
179700868968117	0.09036223	0.30039334	0.17950334
179700876468117	0.08303556	0.26498112	0.16973445
179700974381451	0.089141116	0.22102112	0.15630223
179700989796294	0.08059334	0.18438779	0.14164889
179700994487701	0.08059334	0.13676445	0.123332225
179701001987701	0.06594	0.08792	0.09768889
179701009487701	0.03297	0.048844445	0.07937223
179701016987701	-0.0048844446	0.013432222	0.05372889
179701024487701	-0.026864445	-0.018316668	0.026864445
179701031987701	-0.029306669	-0.03297	0.0
179701052148169	-0.04151778	-0.046402223	-0.03297
179701046987701	-0.03297	-0.04396	-0.064718895
179701054487701	-0.012211111	-0.047623336	-0.089141116
179701061987701	0.0061055557	-0.048844445	-0.10501556
179701069487701	0.015874445	-0.048844445	-0.11844778
179701076987701	0.028085556	-0.048844445	-0.13188
179701084487701	0.035412222	-0.046402223	-0.13920668
179701091987701	0.047623336	-0.047623336	-0.14042778
179701099487701	0.058613338	-0.051286668	-0.14653334
179701106987701	0.05250778	-0.068382226	-0.15752333
179701114487701	0.05372889	-0.09646778	-0.16607112
179701121987701	0.035412222	-0.14287001	-0.17706113
179701129487701	0.015874445	-0.17828223	-0.18927222
179701136987701	0.015874445	-0.21125223	-0.18683001
179701144487701	0.013432222	-0.2283478	-0.1856089
179701151987701	-0.009768889	-0.2283478	-0.18683001
179701159487701	-0.0048844446	-0.19904111	-0.20636779
179701166987701	-0.008547778	-0.16973445	-0.21247335
179701174487701	-0.019537779	-0.15630223	-0.21247335
179701181987701	-0.017095556	-0.14287001	-0.19782001
179701189487701	0.0024422223	-0.12455334	-0.19415668
179701196987701	-0.0061055557	-0.12943779	-0.19904111
179701204487701	-0.03174889	-0.14531223	-0.19415668
179701211987701	-0.045181114	-0.15508112	-0.21125223
179701219487701	-0.09646778	-0.17584	-0.21491556
179701226987701	-0.14897557	-0.18438779	-0.22590557
179701234487701	-0.15630223	-0.1965989	-0.23567446
179701241987701	-0.17339778	-0.21369445	-0.23811668
179701249487701	-0.17828223	-0.22102112	-0.24178001
179701256987701	-0.19537778	-0.22346334	-0.23445335
179701264487701	-0.20392556	-0.22102112	-0.22346334
179701271987701	-0.19171445	-0.21369445	-0.21247335
179701279487701	-0.16973445	-0.21003112	-0.19171445
179701286987701	-0.15141778	-0.19537778	-0.16973445
179701294487701	-0.13798556	-0.19293556	-0.13798556
179701301987701	-0.11478445	-0.18316667	-0.11356334
179701309487701	-0.085477784	-0.17217667	-0.09280445
179701316987701	-0.06349778	-0.17095557	-0.078151114
179701324487701	-0.05617111	-0.16729222	-0.058613338
179701331987701	-0.051286668	-0.15752333	-0.046402223
179701433957805	-0.04396	-0.14287001	-0.04029667
179701440324419	-0.023201112	-0.11112112	-0.03174889
179701447824419	0.012211111	-0.089141116	-0.026864445
179701455324419	0.04151778	-0.06594	-0.02075889
179701462824419	0.064718895	-0.05372889	-0.0024422223
179701470324419	0.089141116	-0.045181114	0.013432222
179701477824419	0.10379445	-0.04029667	0.029306669
179701485324419	0.09768889	-0.037854444	0.036633335
179701492824419	0.07693	-0.03052778	0.048844445
179701500324419	0.06594	-0.036633335	0.051286668
179701507824419	0.06349778	-0.039075557	0.05006556
179701515324419	0.048844445	-0.039075557	0.04396
179701547111971	0.042738892	-0.04029667	0.035412222
179701557014992	0.03174889	-0.04396	0.03297
179701537824419	0.025643334	-0.045181114	0.029306669
179701545324419	0.029306669	-0.03174889	0.024422223
179701552824419	0.025643334	-0.029306669	0.03297
179701560324419	0.035412222	-0.02198	0.04151778
179701567824419	0.047623336	-0.015874445	0.045181114
179701632599263	0.06105556	-0.024422223	0.06594
179701597824419	0.048844445	-0.03052778	0.06349778
179701650364627	0.029306669	-0.026864445	0.058613338
179701661019055	0.014653334	-0.034191113	0.06227667
179701620324419	0.018316668	-0.028085556	0.058613338
179701686026190	0.02075889	-0.02075889	0.05250778
179701635324419	0.02075889	-0.018316668	0.05006556
179701642824419	0.012211111	-0.019537779	0.045181114
179701650324419	0.009768889	-0.025643334	0.05006556
179701657824419	0.024422223	-0.025643334	0.057392225
179701665324419	0.046402223	-0.026864445	0.051286668
179701672824419	0.06227667	-0.024422223	0.048844445
179701751040877	0.08059334	-0.02198	0.05006556
179701759599471	0.07570889	-0.024422223	0.057392225
179701695324419	0.06105556	-0.023201112	0.06227667
179701774009107	0.039075557	-0.02198	0.059834447
179701785136034	0.014653334	-0.02075889	0.05250778
179701717824419	0.026864445	-0.019537779	0.05250778
179701725324419	0.034191113	-0.017095556	0.05006556
179701813090565	0.05372889	-0.017095556	0.05617111
179701740324419	0.070824444	-0.014653334	0.051286668
179701747824419	0.057392225	-0.01099	0.048844445
179701755324419	0.025643334	-0.024422223	0.05372889
179701762824419	0.012211111	-0.024422223	0.051286668
179701864663273	0.0024422223	-0.02198	0.04396
179701873439159	-0.009768889	-0.024422223	0.03174889
179701884190357	0.02075889	-0.029306669	0.03052778
179701887163273	0.018316668	-0.028085556	0.024422223
179701902361867	-0.0012211112	-0.017095556	0.018316668
179701911291294	0.03174889	-0.012211111	0.029306669
179701921588534	0.06349778	-0.009768889	0.023201112
179701917163273	0.07326667	0.0	0.018316668
179701924663273	0.05617111	0.0036633336	0.008547778
179701932163273	0.024422223	-0.0036633336	0.007326667
179701939663273	0.0036633336	0.0061055557	0.012211111
179701964718482	0.008547778	0.008547778	0.0061055557
179701974586034	0.026864445	0.02075889	0.0048844446
179701962163273	0.024422223	0.024422223	0.0
179701969663273	0.03174889	0.024422223	0.0036633336
179701977163273	0.04029667	0.025643334	0.0036633336
179701984663273	0.013432222	0.024422223	-0.0024422223
179701992163273	-0.012211111	0.008547778	0.0061055557
179701999663273	-0.0048844446	0.0061055557	0.0048844446
179702007163273	-0.012211111	0.0	0.0024422223
179702014663273	-0.025643334	-0.014653334	0.0
179702022163273	-0.015874445	-0.02075889	-0.0012211112
179702073785461	0.0024422223	-0.013432222	0.0
179702037163273	0.04151778	-0.014653334	0.012211111
179702044663273	0.04029667	-0.02075889	0.009768889
179702210103429	0.023201112	-0.02075889	0.008547778
179702217603429	0.0024422223	-0.014653334	0.008547778
179702225103429	-0.009768889	-0.007326667	0.007326667
179702232603429	-0.017095556	-0.0036633336	0.0048844446
179702240103429	-0.014653334	0.0024422223	-0.0012211112
179702247603429	-0.028085556	0.0024422223	-0.0048844446
179702255103429	-0.028085556	0.009768889	-0.0036633336
179702262603429	-0.019537779	0.008547778	-0.0048844446
179702270103429	-0.015874445	0.014653334	-0.007326667
179702277603429	-0.02075889	0.013432222	-0.007326667
179702289459731	-0.01099	0.02075889	-0.0012211112
179702304459731	0.0	0.026864445	0.0012211112
179702319459731	-0.013432222	0.024422223	0.0048844446
179702334459731	-0.007326667	0.02075889	0.009768889
179702349459731	-0.013432222	0.019537779	0.01099
179702355920669	-0.014653334	0.01099	0.01099
179702356197179	-0.013432222	0.019537779	0.0048844446
179702356289471	-0.01099	0.03174889	-0.007326667
179702356370200	-0.012211111	0.03174889	-0.015874445
179702362508846	-0.015874445	0.035412222	-0.023201112
179702362646606	-0.018316668	0.029306669	-0.019537779
179702362728221	-0.007326667	0.026864445	-0.024422223
179702362805148	-0.015874445	0.025643334	-0.025643334
179702362889419	-0.014653334	0.024422223	-0.02198
179702370389419	-0.018316668	0.014653334	-0.015874445
179702379763533	-0.007326667	0.02075889	-0.015874445
179702385389419	0.007326667	0.018316668	-0.013432222
179702398733950	0.015874445	0.018316668	-0.012211111
179702413733950	0.009768889	0.02198	-0.013432222
179702407889419	0.014653334	0.03052778	-0.013432222
179702415389419	0.014653334	0.03297	-0.0012211112
179702422889419	0.025643334	0.035412222	0.0036633336
179702430389419	0.025643334	0.03297	0.0061055557
179702437889419	0.019537779	0.028085556	0.012211111
179702445389419	0.02198	0.025643334	0.009768889
179702452889419	0.018316668	0.02075889	0.012211111
179702460389419	0.019537779	0.026864445	0.007326667
179702467889419	0.015874445	0.013432222	0.0061055557
179702475389419	0.014653334	0.0061055557	0.007326667
179702482889419	0.028085556	0.0036633336	0.0024422223
179702490389419	0.018316668	0.0036633336	0.0012211112
179702497889419	0.0061055557	-0.0012211112	0.0048844446
179702505389419	0.0012211112	-0.0012211112	0.0024422223
179702549309106	-0.0024422223	0.0024422223	-0.0036633336
179702520389419	-0.0024422223	0.0048844446	-0.0012211112
179702574504940	0.0012211112	-0.0036633336	0.0
179702535389419	0.012211111	-0.0024422223	0.0012211112
179702542889419	0.024422223	-0.0024422223	0.0061055557
179702550389419	0.036633335	0.0024422223	0.01099
179702609151971	0.04029667	0.007326667	0.013432222
179702617724210	0.037854444	0.0036633336	0.013432222
179702627859002	0.036633335	0.01099	0.008547778
179702580389419	0.028085556	0.009768889	0.0061055557
179702587889419	0.019537779	0.0061055557	0.0036633336
179702595389419	0.0012211112	-0.0048844446	0.0061055557
179702602889419	0.0048844446	-0.0048844446	0.0012211112
179702610389419	0.018316668	-0.013432222	0.0061055557
179702617889419	0.012211111	-0.014653334	0.0036633336
179702625389419	0.01099	-0.017095556	-0.0036633336
179702632889419	0.012211111	-0.01099	-0.0048844446
179702640389419	-0.0012211112	-0.013432222	-0.009768889
179702647889419	-0.015874445	-0.01099	-0.012211111
179702655389419	-0.019537779	-0.017095556	-0.012211111
179702662889419	-0.019537779	-0.01099	-0.012211111
179702670389419	-0.025643334	-0.0061055557	-0.02198
179702677889419	-0.019537779	0.0024422223	-0.02198
179702685389419	-0.014653334	0.0048844446	-0.019537779
179702692889419	-0.0048844446	0.013432222	-0.02075889
179702700389419	0.0012211112	0.014653334	-0.014653334
179702707889419	0.0061055557	0.01099	-0.012211111
179702809377440	0.007326667	0.009768889	-0.01099
179702816269054	0.01099	0.009768889	-0.008547778
179702828320669	0.01099	0.0061055557	-0.013432222
179702834808221	0.012211111	0.0036633336	-0.01099
179702845521085	0.019537779	0.0048844446	-0.015874445
179702846269054	0.015874445	-0.0061055557	-0.007326667
179702853769054	0.0	-0.008547778	-0.0012211112
179702875244835	-0.01099	-0.013432222	0.0012211112
179702883624939	-0.017095556	-0.015874445	0.0036633336
179702894444731	-0.019537779	-0.014653334	0.007326667
179702883769054	-0.017095556	-0.008547778	0.0024422223
179702891269054	-0.0061055557	-0.008547778	-0.0012211112
179702898769054	-0.0048844446	-0.007326667	-0.008547778
179702906269054	0.0048844446	-0.0012211112	-0.014653334
179702913769054	0.007326667	-0.0036633336	-0.019537779
179702921269054	-0.0024422223	-0.0012211112	-0.019537779
179702928769054	-0.0048844446	0.008547778	-0.015874445
179702936269054	-0.007326667	-0.0061055557	-0.015874445
179702943769054	-0.0024422223	-0.0048844446	-0.01099
179702951269054	0.009768889	0.0024422223	-0.0012211112
179702958769054	0.012211111	0.0036633336	0.009768889
179702966269054	0.013432222	-0.0012211112	0.023201112
179702973769054	0.02075889	0.007326667	0.028085556
179702981269054	0.03297	0.019537779	0.03297
179702988769054	0.039075557	0.02075889	0.034191113
179702996269054	0.04029667	0.03052778	0.034191113
179703003769054	0.035412222	0.03052778	0.03297
179703068820877	0.039075557	0.03174889	0.034191113
179703078332283	0.029306669	0.028085556	0.029306669
179703026269054	0.015874445	0.025643334	0.017095556
179703033769054	0.017095556	0.017095556	0.0061055557
179703041269054	0.0048844446	0.012211111	-0.0024422223
179703048769054	-0.01099	0.0061055557	-0.008547778
179703127839679	-0.008547778	0.0048844446	-0.015874445
179703063769054	-0.007326667	0.0012211112	-0.02075889
179703071269054	-0.02198	-0.0024422223	-0.023201112
179703153213637	-0.02075889	0.0012211112	-0.025643334
179703086269054	-0.02198	-0.0061055557	-0.028085556
179703093769054	-0.034191113	-0.014653334	-0.026864445
179703101269054	-0.045181114	-0.017095556	-0.026864445
179703108769054	-0.039075557	-0.013432222	-0.028085556
179703116269054	-0.03174889	-0.015874445	-0.02198
179703123769054	-0.02198	-0.008547778	-0.02075889
179703225628481	-0.014653334	-0.0036633336	-0.019537779
179703231894002	-0.008547778	0.0012211112	-0.017095556
179703239394002	0.0	0.01099	-0.013432222
179703246894002	-0.007326667	0.015874445	-0.0024422223
179703254394002	-0.008547778	0.014653334	0.008547778
179703261894002	-0.0036633336	0.013432222	0.01099
179703269394002	0.0012211112	0.023201112	0.008547778
179703276894002	0.013432222	0.029306669	0.008547778
179703284394002	0.024422223	0.029306669	0.007326667
179703291894002	0.01099	0.023201112	0.007326667
179703314274575	0.0012211112	0.017095556	0.0061055557
179703306894002	-0.0036633336	0.0	0.007326667
179703332463481	-0.01099	-0.0048844446	0.012211111
179703343280825	-0.014653334	-0.007326667	0.008547778
179703354447596	-0.013432222	-0.014653334	0.008547778
179703365900356	-0.017095556	-0.008547778	0.0048844446
179703376471241	-0.019537779	-0.007326667	0.0048844446
179703351894002	-0.025643334	-0.008547778	-0.0048844446
179703359394002	-0.034191113	-0.009768889	-0.013432222
179703366894002	-0.03174889	-0.0048844446	-0.02075889
179703374394002	-0.029306669	-0.008547778	-0.023201112
179703381894002	-0.026864445	-0.014653334	-0.02075889
179703389394002	-0.024422223	-0.023201112	-0.018316668
179703396894002	-0.026864445	-0.037854444	-0.015874445
179703404394002	-0.035412222	-0.034191113	-0.013432222
179703411894002	-0.04396	-0.03297	-0.019537779
179703419394002	-0.04396	-0.023201112	-0.026864445
179703426894002	-0.05617111	-0.03174889	-0.03052778
179703434394002	-0.058613338	-0.029306669	-0.03174889
179703441894002	-0.04396	-0.014653334	-0.039075557
179703449394002	-0.035412222	-0.009768889	-0.04151778
179703456894002	-0.014653334	-0.0012211112	-0.042738892
179703464394002	0.02198	-0.0024422223	-0.04151778
179703471894002	0.024422223	0.0024422223	-0.026864445
179703547583950	-0.0012211112	0.0061055557	-0.023201112
179703560156762	-0.007326667	0.013432222	-0.017095556
179703567169418	-0.009768889	0.0048844446	-0.0061055557
179703576524470	-0.017095556	-0.0036633336	-0.0036633336
179703588621293	-0.023201112	-0.007326667	-0.0024422223
179703599039262	-0.02198	-0.0061055557	-0.0036633336
179703606528689	-0.019537779	-0.01099	0.0012211112
179703619142023	-0.012211111	-0.0024422223	0.0
179703626555512	0.0	0.0024422223	-0.0024422223
179703636540668	0.007326667	-0.0012211112	0.0048844446
179703645640720	0.014653334	0.012211111	0.0024422223
179703657602648	0.013432222	0.01099	0.007326667
179703664961241	0.018316668	0.018316668	0.007326667
179703674449835	0.02198	0.018316668	0.013432222
179703682558689	0.0061055557	0.0061055557	0.012211111
179703690538637	-0.0012211112	0.0036633336	0.01099
179703701989783	0.008547778	-0.0012211112	0.013432222
179703706616033	0.02198	0.0024422223	0.009768889
179703719406762	0.019537779	-0.0012211112	0.018316668
179703732230981	0.029306669	-0.0036633336	0.02075889
179703739179210	0.034191113	0.0024422223	0.014653334
179703750582543	0.02075889	0.008547778	0.012211111
179703759478377	0.007326667	0.0048844446	0.0036633336
179703747461241	0.0061055557	0.0061055557	0.0036633336
179703754961241	0.0061055557	0.007326667	-0.0012211112
179703762461241	0.0061055557	0.012211111	-0.0012211112
179703769961241	0.019537779	0.02075889	-0.0036633336
179703777461241	0.037854444	0.019537779	0.0
179703784961241	0.04151778	0.024422223	0.0024422223
179703792461241	0.023201112	0.02075889	0.0012211112
179703799961241	0.0036633336	0.018316668	0.0012211112
179703807461241	-0.0024422223	0.019537779	0.0
179703814961241	-0.01099	0.0061055557	0.0036633336
179703822461241	-0.017095556	0.0	0.008547778
179703829961241	-0.01099	0.012211111	0.0036633336
179703837461241	-0.0036633336	0.018316668	-0.0012211112
179703844961241	0.0024422223	0.015874445	0.0012211112
179703852461241	0.009768889	0.015874445	-0.0012211112
179703859961241	0.017095556	0.024422223	-0.0024422223
179703921804262	0.007326667	0.025643334	-0.009768889
179703936804262	-0.018316668	0.01099	-0.01099
179703882461241	-0.029306669	0.0024422223	-0.0061055557
179703889961241	-0.03297	0.0	-0.0048844446
179703897461241	-0.034191113	0.0012211112	-0.007326667
179703904961241	-0.023201112	-0.0061055557	-0.0048844446
179703912461241	-0.01099	0.0048844446	-0.0048844446
179703919961241	-0.0048844446	0.012211111	-0.0061055557
179703997931606	-0.012211111	0.019537779	-0.008547778
179704008389835	-0.012211111	0.02198	-0.008547778
179704019323949	-0.013432222	0.017095556	-0.0024422223
179704029709002	-0.018316668	0.013432222	0.0048844446
179704039506970	-0.007326667	0.024422223	0.0012211112
179703964961241	-0.007326667	0.019537779	0.008547778
179704054726189	-0.007326667	0.007326667	0.012211111
179704060697179	-0.01099	0.0024422223	0.015874445
179704072711502	-0.012211111	0.0012211112	0.024422223
179704084780252	-0.017095556	0.0	0.02075889
179704091926970	-0.01099	0.0048844446	0.017095556
179704102552439	-0.008547778	0.0048844446	0.009768889
179704117389262	-0.009768889	0.0024422223	-0.0036633336
179704132389262	-0.029306669	-0.0036633336	-0.013432222
179704132552439	-0.04151778	-0.007326667	-0.014653334
179704140052439	-0.04029667	-0.0061055557	-0.02198
179704147552439	-0.034191113	-0.008547778	-0.024422223
179704155052439	-0.028085556	-0.0061055557	-0.019537779
179704162552439	-0.012211111	-0.0024422223	-0.013432222
179704170052439	-0.0012211112	0.0024422223	-0.0048844446
179704177552439	-0.0036633336	0.0	0.0024422223
179704185052439	-0.0012211112	0.0036633336	0.01099
179704192552439	0.0036633336	0.012211111	0.015874445
179704200052439	0.0061055557	0.014653334	0.023201112
179704207552439	0.0036633336	0.008547778	0.02198
179704215052439	0.0061055557	0.015874445	0.019537779
179704222552439	0.017095556	0.024422223	0.015874445
179704230052439	0.03174889	0.023201112	0.015874445
179704237552439	0.03297	0.034191113	0.012211111
179704245052439	0.023201112	0.028085556	0.015874445
179704289336814	0.014653334	0.025643334	0.014653334
179704260052439	0.012211111	0.018316668	0.012211111
179704267552439	0.014653334	0.023201112	0.0048844446
179704275052439	0.0048844446	0.013432222	0.007326667
179704332064574	0.014653334	0.008547778	0.0012211112
179704290052439	0.015874445	0.012211111	-0.0048844446
179704297552439	-0.0024422223	0.0048844446	-0.008547778
179704305052439	-0.017095556	0.0024422223	-0.01099
179704312552439	-0.036633335	-0.0036633336	-0.012211111
179704320052439	-0.04029667	-0.0048844446	-0.013432222
179704327552439	-0.037854444	-0.01099	-0.013432222
179704335052439	-0.034191113	-0.008547778	-0.008547778
179704342552439	-0.024422223	0.0	-0.0061055557
179704350052439	-0.012211111	-0.0012211112	0.0012211112
179704357552439	-0.0048844446	0.0061055557	0.009768889
179704365052439	0.014653334	0.012211111	0.015874445
179704372552439	0.02075889	0.019537779	0.013432222
179704380052439	0.009768889	0.018316668	0.023201112
179704387552439	0.018316668	0.03174889	0.028085556
179704395052439	0.019537779	0.036633335	0.029306669
179704402552439	-0.0012211112	0.026864445	0.025643334
179704410052439	0.008547778	0.035412222	0.015874445
179704417552439	0.008547778	0.03174889	0.009768889
179704518308845	0.007326667	0.03052778	0.0024422223
179704533191241	0.0024422223	0.028085556	-0.0036633336
179704535673897	-0.009768889	0.026864445	-0.01099
179704543303481	-0.018316668	0.018316668	-0.013432222
179704553876137	-0.017095556	0.019537779	-0.0061055557
179704568876137	-0.0061055557	0.03052778	-0.02075889
179704570808845	0.0012211112	0.03174889	-0.012211111
179704578308845	0.012211111	0.028085556	-0.0048844446
179704585808845	0.014653334	0.036633335	-0.0012211112
179704593308845	-0.0036633336	0.03297	-0.0036633336
179704600808845	-0.02198	0.04151778	-0.0048844446
179704628147647	-0.037854444	0.04029667	-0.007326667
179704639200303	-0.04029667	0.04151778	-0.012211111
179704648952439	-0.018316668	0.046402223	-0.02075889
179704659474730	-0.0061055557	0.054950003	-0.015874445
179704668352074	0.0	0.05250778	-0.01099
179704679981449	-0.0048844446	0.05617111	-0.008547778
179704687554314	-0.03052778	0.051286668	-0.0061055557
179704699362439	-0.048844445	0.05372889	-0.0061055557
179704706908116	-0.045181114	0.059834447	-0.0048844446
179704717216501	-0.05372889	0.06960334	0.0
179704683308845	-0.068382226	0.06960334	0.0024422223
179704744001866	-0.04396	0.07570889	0.0036633336
179704705808845	-0.03297	0.081814446	0.0012211112
179704713308845	-0.037854444	0.08669889	0.0036633336
179704720808845	-0.04151778	0.091583334	0.0061055557
179704781989001	-0.047623336	0.09768889	0.0048844446
179704793096553	-0.068382226	0.09402556	0.008547778
179704798922126	-0.07570889	0.091583334	0.009768889
179704810873168	-0.06349778	0.09036223	0.012211111
179704820283428	-0.04396	0.09280445	0.0048844446
179704831330616	-0.03052778	0.10379445	0.0036633336
179704840191918	-0.04396	0.10501556	0.008547778
179704851174626	-0.057392225	0.09646778	0.015874445
179704859983637	-0.06349778	0.10013112	0.024422223
179704869078376	-0.06716111	0.10501556	0.029306669
179704878060772	-0.064718895	0.11234222	0.03174889
179704887961814	-0.06594	0.11844778	0.03174889
179704895926710	-0.059834447	0.12455334	0.03052778
179704906770147	-0.058613338	0.13310112	0.02198
179704914296553	-0.06105556	0.14164889	0.014653334
179704925050772	-0.06960334	0.1526389	0.009768889
179704848308845	-0.07448778	0.15874445	0.0012211112
179704855808845	-0.070824444	0.16607112	0.0024422223
179704987072387	-0.07937223	0.16851334	0.0048844446
179704989232439	-0.08059334	0.1746189	0.014653334
179704990430928	-0.07937223	0.18194556	0.02198
179704992903480	-0.07204556	0.18438779	0.025643334
179705000403480	-0.06227667	0.19293556	0.03174889
179705007862751	-0.051286668	0.20026223	0.03174889
179705012901085	-0.05250778	0.20392556	0.03052778
179705019956814	-0.06349778	0.20148334	0.03297
179705027456814	-0.064718895	0.20148334	0.03297
179705034956814	-0.068382226	0.20026223	0.035412222
179705042456814	-0.081814446	0.20026223	0.03052778
179705049956814	-0.07937223	0.20270446	0.023201112
179705057456814	-0.07204556	0.20026223	0.03052778
179705064956814	-0.068382226	0.20148334	0.03174889
179705072456814	-0.058613338	0.20148334	0.03052778
179705079956814	-0.05372889	0.20392556	0.03174889
179705087456814	-0.06105556	0.19293556	0.04151778
179705094956814	-0.068382226	0.18805112	0.04396
179705102456814	-0.07570889	0.18805112	0.04151778
179705109956814	-0.08059334	0.18683001	0.03297
179705117456814	-0.08425667	0.1856089	0.028085556
179705124956814	-0.089141116	0.1856089	0.028085556
179705132456814	-0.09402556	0.18438779	0.029306669
179705139956814	-0.08792	0.1856089	0.036633335
179705178927751	-0.06960334	0.18438779	0.037854444
179705154956814	-0.057392225	0.19415668	0.047623336
179705162456814	-0.048844445	0.19537778	0.05372889
179705169956814	-0.039075557	0.20270446	0.059834447
179705218841449	-0.05006556	0.1965989	0.06105556
179705184956814	-0.047623336	0.19904111	0.058613338
179705192456814	-0.045181114	0.20270446	0.058613338
179705199956814	-0.048844445	0.1965989	0.06105556
179705207456814	-0.039075557	0.20026223	0.059834447
179705266785980	-0.037854444	0.20514667	0.051286668
179705281229991	-0.047623336	0.20026223	0.05372889
179705290460251	-0.042738892	0.21003112	0.05372889
179705305460251	-0.035412222	0.19537778	0.051286668
179705259956814	-0.03174889	0.18927222	0.05006556
179705332663168	-0.04151778	0.18927222	0.042738892
179705274956814	-0.05372889	0.17950334	0.04151778
179705282456814	-0.05250778	0.1746189	0.034191113
179705358503428	-0.05006556	0.17950334	0.03174889
179705297456814	-0.058613338	0.17706113	0.026864445
179705304956814	-0.06105556	0.16851334	0.028085556
179705312456814	-0.05372889	0.16485001	0.028085556
179705319956814	-0.048844445	0.1526389	0.028085556
179705327456814	-0.042738892	0.15141778	0.024422223
179705334956814	-0.042738892	0.14164889	0.024422223
179705342456814	-0.04029667	0.14164889	0.03052778
179705442901814	-0.042738892	0.13920668	0.026864445
179705453219001	-0.046402223	0.13432223	0.036633335
179705461340876	-0.04029667	0.13432223	0.04029667
179705472405720	-0.03297	0.1306589	0.042738892
179705479782438	-0.024422223	0.13554333	0.045181114
179705489232595	-0.018316668	0.13432223	0.05006556
179705498741866	-0.012211111	0.1306589	0.047623336
179705508078272	-0.0061055557	0.12577444	0.046402223
179705518202907	-0.008547778	0.10867889	0.045181114
179705528273741	-0.015874445	0.09646778	0.04029667
179705535274105	-0.014653334	0.091583334	0.036633335
179705548793272	-0.029306669	0.070824444	0.034191113
179705556160303	-0.03052778	0.064718895	0.025643334
179705567641970	-0.029306669	0.057392225	0.024422223
179705575081657	-0.014653334	0.05006556	0.019537779
179705588541501	-0.009768889	0.035412222	0.017095556
179705596000043	-0.025643334	0.018316668	0.015874445
179705606426084	-0.042738892	0.0024422223	0.019537779
179705614004261	-0.045181114	-0.01099	0.018316668
179705626743480	-0.047623336	-0.03174889	0.018316668
179705634156709	-0.047623336	-0.04029667	0.012211111
179705600401814	-0.051286668	-0.06349778	0.01099
179705652773116	-0.03174889	-0.07326667	0.008547778
179705660307386	-0.04029667	-0.08425667	-0.0012211112
179705671373324	-0.04396	-0.09402556	0.0024422223
179705675980199	-0.048844445	-0.09646778	-0.009768889
179705690362178	-0.037854444	-0.10013112	-0.019537779
179705645401814	-0.047623336	-0.13310112	-0.024422223
179705708091136	-0.059834447	-0.14775445	-0.023201112
179705719625772	-0.058613338	-0.15508112	-0.019537779
179705734625772	-0.012211111	-0.18805112	-0.02198
179705682901814	-0.01099	-0.18805112	-0.02075889
179705690401814	-0.008547778	-0.20881	-0.018316668
179705697901814	0.04396	-0.22590557	-0.018316668
179705705401814	0.07693	-0.23811668	-0.017095556
179705712901814	0.089141116	-0.2625389	-0.018316668
179705720401814	0.106236674	-0.2820767	-0.025643334
179705727901814	0.09646778	-0.29795113	-0.034191113
179705735401814	0.106236674	-0.3260367	-0.04151778
179705742901814	0.10867889	-0.35778558	-0.045181114
179705750401814	0.09646778	-0.38709223	-0.051286668
179705757901814	0.10379445	-0.41762	-0.05250778
179705765401814	0.09768889	-0.45303226	-0.05372889
179705772901814	0.091583334	-0.48722336	-0.059834447
179705780401814	0.109900005	-0.51653004	-0.058613338
179705880620251	0.14164889	-0.5324045	-0.06716111
179705892338532	0.1746189	-0.5482789	-0.068382226
179705900405615	0.1965989	-0.56049	-0.070824444
179705913259417	0.19904111	-0.57636446	-0.068382226
179705919708167	0.21003112	-0.59590226	-0.06105556
179705934708167	0.2075889	-0.61666113	-0.070824444
179705933120251	0.23933779	-0.6239878	-0.07693
179705940620251	0.23323223	-0.6459678	-0.08059334
179705948120251	0.22590557	-0.66428447	-0.08792
179705955620251	0.23567446	-0.6874856	-0.09402556
179705963120251	0.24544334	-0.70580226	-0.089141116
179705970620251	0.25277	-0.72411895	-0.089141116
179706004850303	0.22102112	-0.8364611	-0.12943779
179706014957230	0.3284789	-0.74121445	-0.09402556
179706020795772	0.07570889	-0.7949434	-0.16362889
179706033152074	0.15141778	-0.8071545	-0.11844778
179706045625928	0.30894113	-0.7778478	-0.12211112
179706053242595	0.2869611	-0.7680789	-0.13310112
179706065229313	0.31504667	-0.75953114	-0.1306589
179706071502282	0.29917222	-0.75953114	-0.13920668
179706085540928	0.25521225	-0.7558678	-0.13310112
179706092980667	0.26009667	-0.76075226	-0.13676445
179706102401084	0.26009667	-0.7680789	-0.13676445
179706112918115	0.26620224	-0.77418447	-0.14531223
179706122502542	0.27963445	-0.77418447	-0.1526389
179706133012751	0.2869611	-0.76930004	-0.15874445
179706139118272	0.27475002	-0.76930004	-0.16240779
179706151472959	0.2869611	-0.7656367	-0.16729222
179706158933688	0.29062447	-0.7631945	-0.17217667
179706166378636	0.2845189	-0.7522045	-0.17828223
179706178914365	0.25765446	-0.7558678	-0.17828223
179706120620251	0.21980001	-0.75953114	-0.17706113
179706128120251	0.21003112	-0.7558678	-0.1746189
179706201872334	0.20514667	-0.75098336	-0.17095557
179706143120251	0.19049335	-0.7424356	-0.17339778
179706223490772	0.20026223	-0.72411895	-0.17706113
179706158120251	0.20270446	-0.70580226	-0.18683001
179706165620251	0.18316667	-0.68626446	-0.1856089
179706173120251	0.15019667	-0.67039	-0.18805112
179706180620251	0.13920668	-0.65451556	-0.18927222
179706188120251	0.12943779	-0.6435256	-0.19049335
179706195620251	0.123332225	-0.63131446	-0.19049335
179706203120251	0.13798556	-0.61299783	-0.19293556
179706302421449	0.14531223	-0.6007867	-0.1856089
179706323009886	0.14653334	-0.5788067	-0.18194556
179706323263688	0.14287001	-0.5458367	-0.18316667
179706330763688	0.11966889	-0.52996224	-0.17828223
179706345805042	0.09036223	-0.4798967	-0.15630223
179706353263688	0.09646778	-0.4493689	-0.14897557
179706360763688	0.09524667	-0.42983112	-0.13676445
179706368263688	0.08669889	-0.41395667	-0.13310112
179706375763688	0.08303556	-0.40785113	-0.12943779
179706383263688	0.089141116	-0.38709223	-0.1306589
179706390763688	0.06716111	-0.36633334	-0.13554333
179706398263688	0.042738892	-0.3504589	-0.13798556
179706405763688	0.017095556	-0.32970002	-0.14531223
179706413263688	0.0	-0.3162678	-0.14287001
179706420763688	-0.0036633336	-0.29306668	-0.14042778
179706428263688	-0.008547778	-0.26620224	-0.13554333
179706435763688	-0.0036633336	-0.22712667	-0.12943779
179706443263688	0.008547778	-0.19415668	-0.13188
179706450763688	0.017095556	-0.17095557	-0.12089001
179706493702751	-0.008547778	-0.14287001	-0.10501556
179706504557855	-0.025643334	-0.11478445	-0.09280445
179706511425407	-0.035412222	-0.08669889	-0.089141116
179706480763688	-0.06105556	-0.06594	-0.07204556
179706488263688	-0.04396	-0.036633335	-0.06105556
179706495763688	-0.029306669	-0.014653334	-0.048844445
179706503263688	-0.023201112	0.01099	-0.042738892
179706510763688	-0.025643334	0.03052778	-0.03174889
179706518263688	-0.04151778	0.046402223	-0.034191113
179706525763688	-0.06960334	0.048844445	-0.026864445
179706533263688	-0.089141116	0.059834447	-0.02075889
179706540763688	-0.09768889	0.078151114	-0.017095556
179706548263688	-0.11844778	0.08792	-0.0061055557
179706555763688	-0.10135223	0.11356334	-0.0024422223
179706563263688	-0.08792	0.12943779	0.008547778
179706570763688	-0.09036223	0.14775445	0.028085556
179706578263688	-0.085477784	0.16729222	0.036633335
179706585763688	-0.08303556	0.18438779	0.042738892
179706593263688	-0.09036223	0.18927222	0.046402223
179706600763688	-0.10013112	0.20270446	0.045181114
179706608263688	-0.10745778	0.21003112	0.054950003
179706615763688	-0.10135223	0.23079	0.05250778
179706623263688	-0.10379445	0.25277	0.051286668
179706630763688	-0.09768889	0.26620224	0.05617111
179706638263688	-0.117226675	0.2845189	0.05617111
179706645763688	-0.14409111	0.2955089	0.059834447
179706653263688	-0.14409111	0.29917222	0.06349778
179706660763688	-0.13554333	0.30161446	0.06960334
179706668263688	-0.14042778	0.31382558	0.078151114
179706768886084	-0.12943779	0.32237336	0.08059334
179706776386084	-0.09646778	0.33214223	0.07937223
179706783886084	-0.10013112	0.3394689	0.07937223
179706791386084	-0.12943779	0.3492378	0.08425667
179706798886084	-0.14287001	0.3712178	0.08425667
179706806386084	-0.14775445	0.38465002	0.08059334
179706813886084	-0.15508112	0.38831335	0.07937223
179706821386084	-0.14531223	0.38831335	0.07693
179706847686500	-0.12577444	0.35290113	0.068382226
179706843886084	-0.11478445	0.3370267	0.058613338
179706851386084	-0.15019667	0.3162678	0.05006556
179706858886084	-0.19537778	0.30772	0.042738892
179706866386084	-0.21369445	0.29795113	0.035412222
179706873886084	-0.22468445	0.29062447	0.035412222
179706881386084	-0.23811668	0.2955089	0.03052778
179706888886084	-0.23323223	0.30772	0.04151778
179706896386084	-0.18438779	0.32115224	0.048844445
179706903886084	-0.13676445	0.33214223	0.059834447
179706911386084	-0.09280445	0.3394689	0.064718895
179706918886084	-0.06227667	0.35778558	0.064718895
179706926386084	-0.046402223	0.36877558	0.058613338
179706933886084	-0.029306669	0.37854445	0.06716111
179706941386084	-0.03297	0.38953447	0.06594
179706948886084	-0.02198	0.39075556	0.06960334
179706956386084	0.0012211112	0.38709223	0.070824444
179706963886084	-0.019537779	0.3724389	0.070824444
179706971386084	-0.05250778	0.3492378	0.07326667
179706978886084	-0.06594	0.32481557	0.07448778
179706986386084	-0.06349778	0.29184556	0.07326667
179706993886084	-0.046402223	0.27475002	0.06960334
179707001386084	-0.035412222	0.25765446	0.059834447
179707008886084	-0.042738892	0.24178001	0.047623336
179707016386084	-0.02075889	0.25277	0.037854444
179707023886084	-0.0061055557	0.24788557	0.023201112
179707031386084	0.013432222	0.24300112	0.014653334
179707038886084	0.0061055557	0.21613668	0.007326667
179707144449886	0.007326667	0.19293556	0.0
179707145607177	-0.007326667	0.17339778	-0.0061055557
179707146450355	-0.04396	0.15874445	-0.017095556
179707153950355	-0.06105556	0.13310112	-0.014653334
179707161450355	-0.04151778	0.12455334	-0.017095556
179707174019886	-0.0036633336	0.117226675	-0.02075889
179707180358532	0.018316668	0.123332225	-0.03052778
179707191375302	0.019537779	0.11600556	-0.03052778
179707199976865	0.0	0.117226675	-0.019537779
179707198950355	-0.029306669	0.10745778	-0.017095556
179707206450355	-0.03297	0.109900005	-0.0012211112
179707213950355	-0.029306669	0.091583334	0.0061055557
179707221450355	-0.024422223	0.08425667	0.008547778
179707228950355	-0.017095556	0.08669889	0.0061055557
179707236450355	-0.0012211112	0.081814446	0.007326667
179707243950355	0.0048844446	0.089141116	0.0
179707251450355	-0.0036633336	0.091583334	0.0
179707258950355	-0.018316668	0.081814446	0.0036633336
179707266450355	-0.02075889	0.08669889	0.0048844446
179707273950355	-0.026864445	0.08425667	0.0
179707281450355	-0.028085556	0.06960334	0.0036633336
179707288950355	0.0061055557	0.054950003	0.0061055557
179707296450355	0.01099	0.045181114	0.01099
179707303950355	0.0036633336	0.036633335	0.007326667
179707311450355	-0.0061055557	0.018316668	0.0036633336
179707318950355	0.009768889	0.018316668	0.0036633336
179707326450355	0.012211111	0.018316668	-0.0061055557
179707333950355	0.0061055557	0.008547778	-0.012211111
179707341450355	-0.019537779	0.014653334	-0.017095556
179707348950355	-0.009768889	0.013432222	-0.025643334
179707356450355	0.0	-0.0048844446	-0.04029667
179707363950355	-0.026864445	-0.007326667	-0.035412222
179707371450355	-0.039075557	-0.007326667	-0.048844445
179707378950355	-0.042738892	-0.012211111	-0.042738892
179707386450355	-0.06716111	-0.013432222	-0.05006556
179707393950355	-0.05617111	-0.012211111	-0.07326667
179707401450355	-0.045181114	-0.013432222	-0.078151114
179707408950355	-0.058613338	-0.015874445	-0.08669889
179707416450355	-0.06960334	-0.019537779	-0.08792
179707423950355	-0.085477784	-0.014653334	-0.09280445
179707431450355	-0.091583334	-0.017095556	-0.09524667
179707438950355	-0.102573335	-0.018316668	-0.09646778
179707446450355	-0.12455334	-0.019537779	-0.08059334
179707453950355	-0.14531223	-0.018316668	-0.07693
179707461450355	-0.11478445	-0.03174889	-0.06594
179707468950355	-0.06349778	-0.028085556	-0.06227667
179707476450355	-0.06716111	-0.023201112	-0.058613338
179707483950355	-0.081814446	-0.014653334	-0.05617111
179707491450355	-0.046402223	-0.01099	-0.054950003
179707498950355	-0.026864445	-0.0012211112	-0.05617111
179707612796656	-0.029306669	0.0048844446	-0.058613338
179707618420979	-0.04029667	0.0061055557	-0.05250778
179707619704104	-0.04151778	0.0061055557	-0.05617111
179707626933688	-0.03174889	0.013432222	-0.051286668
179707634433688	-0.018316668	0.015874445	-0.04151778
179707641933688	-0.007326667	0.019537779	-0.034191113
179707649433688	-0.0061055557	0.02198	-0.03174889
179707667874104	0.0048844446	0.03052778	-0.017095556
179707678766708	0.0012211112	0.035412222	-0.012211111
179707671933688	0.0	0.035412222	-0.013432222
179707679433688	0.007326667	0.04029667	-0.012211111
179707686933688	0.018316668	0.034191113	-0.017095556
179707694433688	0.018316668	0.045181114	-0.019537779
179707701933688	0.0	0.057392225	-0.023201112
179707709433688	0.0048844446	0.06716111	-0.014653334
179707716933688	0.029306669	0.07204556	-0.02198
179707724433688	0.047623336	0.078151114	-0.018316668
179707731933688	0.025643334	0.08059334	-0.028085556
179707739433688	-0.0024422223	0.07937223	-0.028085556
179707746933688	-0.015874445	0.07204556	-0.03297
179707754433688	-0.03174889	0.06349778	-0.03297
179707761933688	-0.045181114	0.05372889	-0.036633335
179707769433688	-0.02198	0.045181114	-0.035412222
179707776933688	-0.009768889	0.039075557	-0.04396
179707784433688	-0.028085556	0.039075557	-0.054950003
179707843580042	-0.039075557	0.035412222	-0.06349778
179707850173583	-0.047623336	0.039075557	-0.07448778
179707860474521	-0.07204556	0.034191113	-0.085477784
179707872496708	-0.091583334	0.028085556	-0.07937223
179707879942229	-0.085477784	0.024422223	-0.06716111
179707889599781	-0.068382226	0.026864445	-0.05372889
179707900868479	-0.06349778	0.019537779	-0.042738892
179707908668115	-0.05250778	0.015874445	-0.025643334
179707919737698	-0.045181114	0.014653334	-0.019537779
179707934737698	-0.059834447	0.009768889	0.0036633336
179707881933688	-0.06105556	0.01099	0.0024422223
179707889433688	-0.06716111	0.013432222	0.0048844446
179707896933688	-0.05372889	0.019537779	-0.009768889
179707904433688	-0.04396	0.013432222	-0.015874445
179707911933688	-0.024422223	0.013432222	-0.026864445
179707919433688	-0.04396	0.012211111	-0.05006556
179707926933688	-0.08792	0.013432222	-0.06594
179707934433688	-0.106236674	0.02198	-0.089141116
179707941933688	-0.10135223	0.026864445	-0.09768889
179708045482542	-0.15508112	0.034191113	-0.12089001
179708052982542	-0.19904111	0.04029667	-0.13798556
179708063314521	-0.2075889	0.034191113	-0.15508112
179708069896135	-0.24788557	0.035412222	-0.17095557
179708081283635	-0.33580557	0.03174889	-0.19415668
179708090006552	-0.39686114	0.02198	-0.20881
179708096097750	-0.46158	0.014653334	-0.23079
179708104582177	-0.52752	0.0036633336	-0.2295689
179708116807750	-0.5775856	0.0061055557	-0.24544334
179708129666240	-0.6337567	0.0048844446	-0.26498112
179708136959625	-0.6752745	-0.0012211112	-0.2735289
179708147559469	-0.7082445	0.012211111	-0.29184556
179708157823167	-0.73633003	0.026864445	-0.30283555
179708165839781	-0.7534256	0.029306669	-0.30405667
179708178889000	-0.7631945	0.04029667	-0.31016225
179708186373167	-0.74121445	0.047623336	-0.3162678
179708198067542	-0.72778225	0.07570889	-0.32970002
179708205602177	-0.7265611	0.09280445	-0.32725778
179708180482542	-0.7570889	0.10501556	-0.3260367
179708224654417	-0.8071545	0.12455334	-0.33580557
179708236328687	-0.82913446	0.15019667	-0.3370267
179708243821708	-0.8181445	0.16973445	-0.3382478
179708252437437	-0.7106867	0.19904111	-0.34313223
179708259884000	-0.5189722	0.2295689	-0.3834289
179708269928687	-0.30649891	0.2759711	-0.41395667
179708281086760	0.013432222	0.36633334	-0.4921078
179708285641396	0.35778558	0.3504589	-0.49821335
179708300007958	0.5250778	0.34679556	-0.4823389
179708306448010	0.46035892	0.33580557	-0.4713489
179708319015719	0.14164889	0.31138334	-0.50798225
179708334015719	-0.15019667	0.20392556	-0.56659555
179708300482542	-0.21003112	0.18927222	-0.5739222
