179583683808373	-0.01099	0.01099	-0.007326667
179583713141862	-30.079632	-29.945309	30.042997
179583779964310	-1.053819	-0.03297	-0.05006556
179583788141862	0.024422223	0.008547778	-0.0012211112
179583803141862	0.013432222	0.009768889	0.008547778
179583818141862	2.6571379	5.258105	-2.9257824
179583825044518	-1.5618012	0.34069002	-0.5140878
179583832544518	-1.1795933	0.091583334	-0.4163989
179583840044518	-0.43471557	0.15019667	-0.1965989
179583847544518	-0.08425667	0.10745778	-0.08792
179583855044518	-0.013432222	0.04151778	-0.051286668
179583906145768	-0.008547778	0.02075889	-0.008547778
179583870044518	0.013432222	0.0	0.0012211112
179583877544518	0.018316668	0.0012211112	0.0
179583885044518	0.017095556	0.0061055557	-0.0024422223
179583892544518	0.02198	0.0024422223	-0.009768889
179583900044518	0.0048844446	0.0048844446	-0.017095556
179583907544518	-0.0048844446	0.009768889	-0.024422223
179583915044518	-0.0036633336	0.008547778	-0.025643334
179583922544518	-0.0061055557	0.0061055557	-0.025643334
179583930044518	-0.008547778	0.0024422223	-0.029306669
179583937544518	-0.0048844446	0.0061055557	-0.035412222
179583945044518	0.007326667	0.0061055557	-0.03174889
179583952544518	0.015874445	0.014653334	-0.029306669
179584027206237	0.0036633336	0.014653334	-0.012211111
179584032093685	0.014653334	0.02075889	-0.0048844446
179583975044518	0.018316668	0.02198	0.0
179583982544518	0.014653334	0.019537779	0.0024422223
179583990044518	0.019537779	0.01099	0.0036633336
179584074615247	0.023201112	0.017095556	-0.0024422223
179584085856185	0.0024422223	0.01099	-0.0024422223
179584095264050	-0.0024422223	0.009768889	-0.0061055557
179584102479779	0.0061055557	0.012211111	-0.0061055557
179584027544518	0.0012211112	0.0	-0.009768889
179584035044518	-0.0061055557	-0.0036633336	-0.01099
179584042544518	-0.015874445	-0.013432222	-0.01099
179584050044518	-0.03174889	-0.015874445	-0.013432222
179584057544518	-0.035412222	-0.015874445	-0.023201112
179584159323737	-0.04029667	-0.02198	-0.024422223
179584166823737	-0.04029667	-0.019537779	-0.028085556
179584174323737	-0.026864445	-0.018316668	-0.028085556
179584183191029	-0.017095556	-0.015874445	-0.025643334
179584189323737	-0.015874445	-0.014653334	-0.03052778
179584196823737	0.0048844446	-0.012211111	-0.026864445
179584204323737	0.0048844446	-0.0036633336	-0.02075889
179584211823737	0.008547778	0.009768889	-0.03052778
179584219323737	0.0012211112	0.0048844446	-0.024422223
179584226823737	0.0036633336	0.0	-0.02075889
179584234323737	0.015874445	0.0048844446	-0.019537779
179584241823737	0.0036633336	0.008547778	-0.017095556
179584274109362	-0.018316668	0.0	-0.012211111
179584256823737	-0.02198	-0.0036633336	-0.018316668
179584264323737	-0.026864445	-0.017095556	-0.02075889
179584271823737	-0.035412222	-0.019537779	-0.02198
179584279323737	-0.024422223	-0.014653334	-0.03052778
179584286823737	-0.019537779	-0.01099	-0.029306669
179584294323737	-0.0036633336	-0.01099	-0.029306669
179584301823737	0.0061055557	-0.0061055557	-0.025643334
179584309323737	-0.0024422223	-0.01099	-0.014653334
179584316823737	-0.01099	-0.0036633336	-0.01099
179584364639154	-0.019537779	0.0	-0.009768889
179584331823737	-0.028085556	-0.0012211112	-0.01099
179584339323737	-0.023201112	-0.007326667	-0.008547778
179584393696758	-0.02198	-0.0012211112	-0.009768889
179584403342799	-0.018316668	-0.0012211112	-0.008547778
179584361823737	-0.009768889	0.008547778	-0.008547778
179584427326341	-0.0048844446	0.019537779	-0.01099
179584376823737	-0.009768889	0.017095556	-0.01099
179584384323737	-0.0061055557	0.02075889	-0.02198
179584391823737	-0.013432222	0.014653334	-0.024422223
179584399323737	-0.018316668	0.0012211112	-0.02198
179584406823737	-0.014653334	0.0036633336	-0.028085556
179584414323737	-0.02198	-0.0061055557	-0.02198
179584421823737	-0.015874445	-0.0061055557	-0.023201112
179584429323737	-0.017095556	0.0	-0.026864445
179584436823737	-0.012211111	-0.0012211112	-0.023201112
179584444323737	-0.007326667	0.009768889	-0.017095556
179584451823737	-0.0061055557	0.017095556	-0.01099
179584459323737	-0.009768889	0.012211111	-0.0036633336
179584466823737	-0.0036633336	0.014653334	-0.0048844446
179584474323737	0.007326667	0.018316668	-0.0024422223
179584481823737	0.015874445	0.03052778	-0.0036633336
179584489323737	0.024422223	0.03297	-0.009768889
179584496823737	0.028085556	0.026864445	-0.0061055557
179584598197539	0.04396	0.03052778	-0.0048844446
179584605697539	0.048844445	0.035412222	-0.008547778
179584613197539	0.04151778	0.037854444	-0.01099
179584620697539	0.029306669	0.04396	-0.01099
179584636623424	0.017095556	0.042738892	-0.007326667
179584635697539	0.018316668	0.039075557	0.0024422223
179584655875039	0.019537779	0.035412222	0.012211111
179584665255508	0.018316668	0.034191113	0.008547778
179584674959414	0.023201112	0.036633335	0.012211111
179584665697539	0.026864445	0.04396	0.01099
179584673197539	0.018316668	0.059834447	0.01099
179584680697539	-0.009768889	0.06227667	0.012211111
179584688197539	-0.02198	0.06594	0.008547778
179584695697539	-0.026864445	0.07326667	0.0048844446
179584703197539	-0.04151778	0.07204556	0.007326667
179584737654726	-0.05372889	0.08059334	0.008547778
179584749585508	-0.048844445	0.07937223	0.008547778
179584725697539	-0.047623336	0.078151114	0.009768889
179584733197539	-0.045181114	0.07937223	0.012211111
179584740697539	-0.04151778	0.08792	0.008547778
179584748197539	-0.045181114	0.09280445	0.0
179584755697539	-0.045181114	0.09768889	-0.0036633336
179584763197539	-0.023201112	0.10745778	-0.0048844446
179584770697539	-0.014653334	0.11234222	-0.008547778
179584778197539	-0.024422223	0.11112112	-0.009768889
179584835848320	-0.037854444	0.109900005	-0.008547778
179584846841914	-0.047623336	0.109900005	-0.008547778
179584856535976	-0.05250778	0.12211112	-0.008547778
179584808197539	-0.051286668	0.13554333	-0.0061055557
179584815697539	-0.046402223	0.13432223	-0.008547778
179584880812070	-0.046402223	0.13920668	-0.0048844446
179584830697539	-0.045181114	0.14042778	0.0012211112
179584838197539	-0.05372889	0.13920668	-0.0036633336
179584909825091	-0.06716111	0.14531223	-0.0012211112
179584853197539	-0.07326667	0.14409111	0.0061055557
179584931495195	-0.07448778	0.13554333	0.014653334
179584868197539	-0.07448778	0.14409111	0.018316668
179584875697539	-0.057392225	0.15752333	0.018316668
179584961679205	-0.05006556	0.15630223	0.019537779
179584971556601	-0.046402223	0.15752333	0.012211111
179584898197539	-0.047623336	0.15630223	0.008547778
179584905697539	-0.058613338	0.15386	-0.0012211112
179584913197539	-0.09768889	0.15508112	-0.009768889
179584920697539	-0.11844778	0.15508112	-0.012211111
179584928197539	-0.11234222	0.15874445	-0.014653334
179585028749674	-0.09524667	0.15874445	-0.01099
179585036249674	-0.07693	0.16729222	-0.009768889
179585043749674	-0.06105556	0.16485001	-0.0036633336
179585051249674	-0.05006556	0.16729222	0.0048844446
179585062364362	-0.042738892	0.1856089	0.008547778
179585072066914	-0.05372889	0.18316667	0.012211111
179585081511445	-0.06960334	0.18316667	0.012211111
179585091223528	-0.08303556	0.18316667	0.012211111
179585101044882	-0.07326667	0.19415668	0.013432222
179585112518216	-0.06960334	0.19049335	0.018316668
179585122216445	-0.07204556	0.18438779	0.018316668
179585111249674	-0.06349778	0.18805112	0.02075889
179585118749674	-0.05617111	0.18805112	0.023201112
179585126249674	-0.05372889	0.19293556	0.03052778
179585133749674	-0.04151778	0.19293556	0.034191113
179585171946966	-0.035412222	0.19293556	0.026864445
179585181669726	-0.037854444	0.1965989	0.02075889
179585156249674	-0.06105556	0.18683001	0.026864445
179585163749674	-0.068382226	0.19049335	0.019537779
179585212002435	-0.07570889	0.18805112	0.02198
179585178749674	-0.08669889	0.18805112	0.023201112
179585229502955	-0.09768889	0.18438779	0.025643334
179585193749674	-0.09280445	0.18805112	0.025643334
179585244457539	-0.08425667	0.18805112	0.025643334
179585253628424	-0.078151114	0.18927222	0.023201112
179585216249674	-0.07204556	0.1856089	0.02198
179585273022070	-0.07448778	0.18927222	0.025643334
179585282862330	-0.06960334	0.19782001	0.026864445
179585293508372	-0.07448778	0.19904111	0.029306669
179585246249674	-0.09036223	0.1965989	0.029306669
179585253749674	-0.08425667	0.1965989	0.03052778
179585261249674	-0.06105556	0.20270446	0.018316668
179585268749674	-0.064718895	0.19537778	0.018316668
179585276249674	-0.068382226	0.18683001	0.017095556
179585283749674	-0.07204556	0.18194556	0.017095556
179585291249674	-0.07693	0.1746189	0.017095556
179585298749674	-0.070824444	0.16118668	0.024422223
179585306249674	-0.064718895	0.16485001	0.025643334
179585313749674	-0.046402223	0.17095557	0.03174889
179585321249674	-0.04396	0.16851334	0.037854444
179585328749674	-0.051286668	0.15996556	0.03297
179585336249674	-0.07204556	0.15141778	0.028085556
179585343749674	-0.078151114	0.14897557	0.025643334
179585351249674	-0.05250778	0.15996556	0.019537779
179585358749674	-0.04396	0.15630223	0.0061055557
179585458822799	-0.057392225	0.13554333	0.0036633336
179585466322799	-0.042738892	0.12699556	0.0036633336
179585473822799	-0.026864445	0.12821667	0.0061055557
179585481322799	-0.03052778	0.12943779	0.0024422223
179585488822799	-0.045181114	0.11844778	0.0024422223
179585496322799	-0.05372889	0.106236674	0.012211111
179585503822799	-0.059834447	0.09524667	0.014653334
179585511322799	-0.05250778	0.085477784	0.013432222
179585518822799	-0.042738892	0.08669889	0.01099
179585526322799	-0.051286668	0.07570889	0.008547778
179585533822799	-0.03052778	0.06960334	0.0048844446
179585541322799	-0.017095556	0.06349778	0.0048844446
179585548822799	-0.014653334	0.042738892	0.0012211112
179585556322799	-0.008547778	0.03174889	0.0
179585589097695	-0.0036633336	0.014653334	-0.0012211112
179585571322799	-0.019537779	-0.009768889	-0.0036633336
179585578822799	0.0048844446	-0.02075889	-0.007326667
179585586322799	0.009768889	-0.026864445	-0.014653334
179585593822799	-0.01099	-0.036633335	-0.02198
179585601322799	0.0061055557	-0.045181114	-0.028085556
179585608822799	0.015874445	-0.05617111	-0.034191113
179585616322799	0.02198	-0.078151114	-0.025643334
179585623822799	0.04396	-0.10013112	-0.017095556
179585631322799	0.06716111	-0.11356334	-0.007326667
179585638822799	0.070824444	-0.13188	-0.0024422223
179585646322799	0.091583334	-0.14164889	-0.0012211112
179585653822799	0.089141116	-0.15386	-0.0024422223
179585661322799	0.07937223	-0.16851334	0.0
179585668822799	0.06594	-0.19171445	-0.0024422223
179585676322799	0.064718895	-0.21369445	-0.0024422223
179585683822799	0.081814446	-0.24055889	-0.0061055557
179585691322799	0.11356334	-0.2759711	-0.01099
179585698822799	0.14531223	-0.32115224	-0.009768889
179585706322799	0.16362889	-0.35656446	-0.0061055557
179585713822799	0.16240779	-0.38953447	0.013432222
179585721322799	0.14042778	-0.42128336	0.019537779
179585728822799	0.117226675	-0.45059	0.029306669
179585736322799	0.12577444	-0.46768558	0.034191113
179585743822799	0.13798556	-0.47745445	0.037854444
179585751322799	0.16485001	-0.49455002	0.035412222
179585758822799	0.22346334	-0.51653004	0.034191113
179585766322799	0.2503278	-0.5421733	0.028085556
179585773822799	0.24422224	-0.56659555	0.023201112
179585781322799	0.22590557	-0.58979666	0.012211111
179585788822799	0.20026223	-0.6142189	-0.0012211112
179585796322799	0.1856089	-0.64108336	-0.013432222
179585803822799	0.17950334	-0.6618422	-0.026864445
179585905804153	0.18683001	-0.6764956	-0.026864445
179585913304153	0.22346334	-0.69237006	-0.028085556
179585920804153	0.27108666	-0.7021389	-0.028085556
179585928304153	0.30161446	-0.7131289	-0.03052778
179585935804153	0.30283555	-0.71923447	-0.034191113
179585943304153	0.31382558	-0.72778225	-0.04029667
179585950804153	0.08792	-0.9085067	-0.09280445
179585958304153	0.16485001	-0.7522045	-0.034191113
179585965804153	0.14653334	-0.7851745	-0.08792
179585973304153	0.3394689	-0.7851745	-0.037854444
179585980804153	0.40785113	-0.7546467	-0.017095556
179585988304153	0.22346334	-0.76930004	-0.047623336
179585995804153	0.24666445	-0.7619734	-0.03297
179586032858893	0.32725778	-0.7631945	-0.04396
179586041991340	0.26376	-0.7766267	-0.037854444
179586050315715	0.23201112	-0.78273225	-0.026864445
179586059412174	0.24055889	-0.7851745	-0.03297
179586033304153	0.23689556	-0.7900589	-0.037854444
179586040804153	0.26376	-0.7863956	-0.039075557
179586086720768	0.28085557	-0.7778478	-0.039075557
179586096492955	0.27475002	-0.7717422	-0.03297
179586106394986	0.26742333	-0.76441556	-0.04151778
179586070804153	0.24422224	-0.7522045	-0.047623336
179586078304153	0.22468445	-0.7314456	-0.047623336
179586085804153	0.21980001	-0.71557117	-0.05250778
179586093304153	0.22102112	-0.6996967	-0.05372889
179586100804153	0.23811668	-0.6679478	-0.06227667
179586165833424	0.25765446	-0.6447467	-0.064718895
179586175881184	0.25643334	-0.6203245	-0.07204556
179586185285715	0.23445335	-0.6032289	-0.07204556
179586194869465	0.22712667	-0.58491224	-0.07326667
179586204666601	0.22590557	-0.5690378	-0.07448778
179586145804153	0.20026223	-0.5556056	-0.07204556
179586153304153	0.18805112	-0.52996224	-0.078151114
179586160804153	0.1746189	-0.51164556	-0.07937223
179586168304153	0.16851334	-0.5043189	-0.07326667
179586175804153	0.16851334	-0.48844448	-0.07448778
179586183304153	0.13676445	-0.46646446	-0.06594
179586190804153	0.109900005	-0.45181113	-0.06227667
179586198304153	0.09768889	-0.43471557	-0.057392225
179586205804153	0.09280445	-0.41762	-0.048844445
179586213304153	0.10867889	-0.3931978	-0.04151778
179586220804153	0.12821667	-0.36999667	-0.04151778
179586228304153	0.11478445	-0.35900667	-0.04396
179586328901184	0.106236674	-0.34313223	-0.047623336
179586336401184	0.08792	-0.32359445	-0.048844445
179586343901184	0.048844445	-0.31016225	-0.05006556
179586351401184	0.028085556	-0.30161446	-0.045181114
179586358901184	0.02075889	-0.2820767	-0.05006556
179586366401184	0.0048844446	-0.25887558	-0.05372889
179586384276653	-0.009768889	-0.23811668	-0.059834447
179586394283372	-0.009768889	-0.21003112	-0.06960334
179586403392069	-0.02075889	-0.19415668	-0.07204556
179586396401184	-0.034191113	-0.16362889	-0.08669889
179586424831392	-0.045181114	-0.14653334	-0.09402556
179586433670194	-0.054950003	-0.123332225	-0.10135223
179586418901184	-0.070824444	-0.10501556	-0.098910004
179586426401184	-0.07326667	-0.08792	-0.09524667
179586433901184	-0.08059334	-0.059834447	-0.09280445
179586441401184	-0.091583334	-0.036633335	-0.08303556
179586479488111	-0.10501556	-0.0012211112	-0.07693
179586456401184	-0.10379445	0.04396	-0.08059334
179586463901184	-0.11356334	0.06227667	-0.07937223
179586471401184	-0.14164889	0.08425667	-0.07693
179586478901184	-0.14775445	0.10745778	-0.07570889
179586486401184	-0.16973445	0.12577444	-0.06960334
179586493901184	-0.1856089	0.14775445	-0.06227667
179586501401184	-0.16240779	0.17584	-0.054950003
179586508901184	-0.13798556	0.1965989	-0.048844445
179586516401184	-0.14287001	0.21125223	-0.04151778
179586523901184	-0.15874445	0.24178001	-0.03052778
179586531401184	-0.16362889	0.26376	-0.024422223
179586538901184	-0.17828223	0.2869611	-0.02198
179586546401184	-0.20514667	0.2955089	-0.0061055557
179586553901184	-0.2185789	0.31504667	0.0
179586561401184	-0.22468445	0.32725778	0.008547778
179586568901184	-0.22590557	0.3394689	0.014653334
179586576401184	-0.2185789	0.35290113	0.02075889
179586583901184	-0.2075889	0.36999667	0.024422223
179586591401184	-0.19415668	0.38465002	0.03052778
179586598901184	-0.19904111	0.40540892	0.029306669
179586606401184	-0.2185789	0.40785113	0.026864445
179586613901184	-0.22224224	0.41395667	0.028085556
179586621401184	-0.21613668	0.41395667	0.03297
179586628901184	-0.19782001	0.41762	0.029306669
179586636401184	-0.1965989	0.41395667	0.028085556
179586643901184	-0.19904111	0.4249467	0.028085556
179586739739986	-0.21980001	0.4273889	0.03052778
179586658901184	-0.22712667	0.43105224	0.029306669
179586762424882	-0.1965989	0.44326335	0.037854444
179586768510767	-0.18072446	0.45059	0.042738892
179586775107486	-0.17706113	0.4566956	0.04029667
179586783358528	-0.17706113	0.46646446	0.04029667
179586792847382	-0.17828223	0.46768558	0.039075557
179586803285715	-0.17950334	0.46768558	0.03297
179586805107486	-0.19904111	0.46158	0.03174889
179586812607486	-0.19904111	0.46524334	0.03174889
179586820107486	-0.18316667	0.46158	0.025643334
179586843582069	-0.17339778	0.46280113	0.017095556
179586835107486	-0.16973445	0.46035892	0.009768889
179586863751757	-0.16118668	0.45547447	0.0061055557
179586850107486	-0.15996556	0.4359367	0.0036633336
179586882704778	-0.16118668	0.4249467	-0.0024422223
179586865107486	-0.15141778	0.4151778	0.0012211112
179586872607486	-0.16485001	0.3944189	-0.0048844446
179586880107486	-0.1856089	0.3712178	-0.009768889
179586887607486	-0.16851334	0.35290113	-0.01099
179586895107486	-0.14409111	0.33580557	-0.014653334
179586902607486	-0.11478445	0.32725778	-0.017095556
179586910107486	-0.109900005	0.30161446	-0.013432222
179586917607486	-0.12821667	0.2735289	-0.01099
179586925107486	-0.14531223	0.24910668	-0.009768889
179586932607486	-0.12943779	0.23201112	-0.017095556
179586940107486	-0.09036223	0.21613668	-0.017095556
179586947607486	-0.07326667	0.1965989	-0.02198
179586955107486	-0.06716111	0.18072446	-0.023201112
179587016235403	-0.07570889	0.15752333	-0.028085556
179586970107486	-0.068382226	0.13310112	-0.03052778
179586977607486	-0.046402223	0.11356334	-0.04029667
179586985107486	-0.024422223	0.10135223	-0.05250778
179586992607486	-0.037854444	0.07937223	-0.06349778
179587000107486	-0.023201112	0.051286668	-0.068382226
179587007607486	0.009768889	0.03174889	-0.07937223
179587015107486	0.037854444	-0.0024422223	-0.07937223
179587022607486	0.045181114	-0.042738892	-0.09402556
179587030107486	0.06960334	-0.06960334	-0.109900005
179587037607486	0.08669889	-0.09280445	-0.12577444
179587045107486	0.08792	-0.106236674	-0.13432223
179587052607486	0.06716111	-0.13310112	-0.14164889
179587060107486	0.05617111	-0.14287001	-0.15386
179587195740819	0.05006556	-0.15141778	-0.16973445
179587201406757	0.029306669	-0.15996556	-0.1746189
179587202703527	0.024422223	-0.15874445	-0.18316667
179587203761652	0.02075889	-0.15752333	-0.18805112
179587207493059	0.02198	-0.15752333	-0.19049335
179587209384673	0.03174889	-0.15752333	-0.18927222
179587210515298	0.054950003	-0.14409111	-0.18194556
179587217555663	0.05250778	-0.12943779	-0.17584
179587225055663	0.028085556	-0.11112112	-0.16851334
179587232555663	-0.0012211112	-0.081814446	-0.15508112
179587240055663	-0.03174889	-0.06349778	-0.13920668
179587247555663	-0.04151778	-0.028085556	-0.123332225
179587255055663	-0.034191113	-0.0036633336	-0.10745778
179587262555663	-0.02075889	0.02075889	-0.09036223
179587270055663	0.014653334	0.05617111	-0.06716111
179587277555663	0.047623336	0.08059334	-0.039075557
179587285055663	0.05372889	0.109900005	-0.0048844446
179587292555663	0.04029667	0.14164889	0.037854444
179587300055663	0.026864445	0.16118668	0.08303556
179587307555663	-0.012211111	0.17706113	0.11600556
179587315055663	-0.06105556	0.19293556	0.14653334
179587322555663	-0.07204556	0.22346334	0.16607112
179587330055663	-0.06960334	0.2515489	0.1746189
179587337555663	-0.054950003	0.27719223	0.18194556
179587345055663	-0.028085556	0.3174889	0.16851334
179587352555663	0.0061055557	0.35168	0.14653334
179587360055663	0.03297	0.3809867	0.123332225
179587367555663	0.03052778	0.40540892	0.09524667
179587375055663	-0.0061055557	0.42372558	0.08669889
179587382555663	-0.04396	0.42250445	0.08669889
179587390055663	-0.07570889	0.42006224	0.08792
179587397555663	-0.09768889	0.42250445	0.09402556
179587405055663	-0.09524667	0.42250445	0.10379445
179587412555663	-0.07937223	0.44448447	0.117226675
179587420055663	-0.064718895	0.45547447	0.13310112
179587427555663	-0.036633335	0.48600224	0.14775445
179587435055663	-0.0061055557	0.5030978	0.17095557
179587442555663	-0.0024422223	0.52019334	0.18927222
179587450055663	-0.03174889	0.5287411	0.21003112
179587457555663	-0.047623336	0.5324045	0.22590557
179587465055663	-0.070824444	0.5287411	0.23201112
179587472555663	-0.10135223	0.5153089	0.24178001
179587480055663	-0.117226675	0.5104245	0.24544334
179587487555663	-0.109900005	0.5030978	0.24910668
179587495055663	-0.10013112	0.50554	0.24178001
179587502555663	-0.10501556	0.5104245	0.22468445
179587510055663	-0.12943779	0.50676113	0.21125223
179587632111340	-0.14531223	0.49455002	0.18927222
179587633365246	-0.14287001	0.47379112	0.16851334
179587638706444	-0.13676445	0.45059	0.15141778
179587641150194	-0.13920668	0.43105224	0.13798556
179587644602277	-0.13432223	0.40785113	0.11844778
179587647505298	-0.109900005	0.38831335	0.10013112
179587654432173	-0.070824444	0.36389112	0.091583334
179587661932173	-0.034191113	0.33214223	0.09036223
179587669432173	-0.01099	0.30405667	0.091583334
179587676932173	0.0024422223	0.2735289	0.09402556
179587684432173	0.014653334	0.2503278	0.09524667
179587691932173	0.02075889	0.22346334	0.106236674
179587699432173	0.039075557	0.18316667	0.12699556
179587706932173	0.07326667	0.14897557	0.14287001
179587714432173	0.064718895	0.11356334	0.15874445
179587721932173	0.04396	0.068382226	0.17217667
179587729432173	0.048844445	0.05006556	0.17706113
179587736932173	0.06594	0.037854444	0.18316667
179587744432173	0.06594	0.015874445	0.18072446
179587751932173	0.05250778	0.0048844446	0.17706113
179587759432173	0.017095556	0.0048844446	0.15019667
179587766932173	0.0	-0.0036633336	0.123332225
179587774432173	0.034191113	-0.0012211112	0.07448778
179587781932173	0.05372889	0.008547778	0.012211111
179587789432173	0.08792	0.0048844446	-0.036633335
179587796932173	0.15141778	0.0036633336	-0.06960334
179587844343319	0.17095557	-0.009768889	-0.09768889
179587853775663	0.1746189	-0.03052778	-0.10135223
179587865429100	0.16240779	-0.06349778	-0.102573335
179587873347850	0.11112112	-0.091583334	-0.109900005
179587834432173	0.042738892	-0.13310112	-0.11112112
179587841932173	0.02075889	-0.1746189	-0.12089001
179587849432173	-0.017095556	-0.2185789	-0.13920668
179587856932173	-0.06594	-0.26864445	-0.14287001
179587923376913	-0.08303556	-0.31016225	-0.15508112
179587871932173	-0.09402556	-0.34435335	-0.17706113
179587942370246	-0.13310112	-0.37732336	-0.18438779
179587953078215	-0.13920668	-0.39808223	-0.19049335
179587961474829	-0.117226675	-0.39930335	-0.18927222
179587901932173	-0.10013112	-0.36755446	-0.19049335
179587981852798	-0.11478445	-0.3284789	-0.19293556
179587916932173	-0.09646778	-0.2942878	-0.17828223
179587924432173	-0.06960334	-0.24422224	-0.16851334
179587931932173	-0.058613338	-0.21980001	-0.15386
179587939432173	-0.028085556	-0.18316667	-0.13554333
179587946932173	0.0048844446	-0.15630223	-0.11478445
179587954432173	0.017095556	-0.1306589	-0.09524667
179587961932173	0.025643334	-0.10013112	-0.07937223
179587969432173	0.04396	-0.07693	-0.054950003
179587976932173	0.051286668	-0.05250778	-0.045181114
179588078561652	0.03297	-0.042738892	-0.028085556
179588086061652	0.018316668	-0.04396	-0.017095556
179588093561652	0.037854444	-0.035412222	-0.008547778
179588101061652	0.05006556	-0.028085556	0.0
179588108561652	0.042738892	-0.029306669	0.009768889
179588116061652	0.039075557	-0.019537779	0.02198
179588123561652	0.007326667	-0.0012211112	0.026864445
179588131061652	-0.03052778	0.008547778	0.018316668
179588138561652	-0.051286668	0.0012211112	0.02075889
179588146061652	-0.039075557	-0.0012211112	0.014653334
179588153561652	-0.009768889	-0.0036633336	0.0036633336
179588161061652	-0.008547778	-0.019537779	-0.0036633336
179588191279517	-0.019537779	-0.03297	-0.0061055557
179588176061652	-0.024422223	-0.042738892	-0.0048844446
179588183561652	-0.036633335	-0.04029667	-0.012211111
179588191061652	-0.05372889	-0.05006556	-0.013432222
179588198561652	-0.070824444	-0.05617111	-0.018316668
179588206061652	-0.06105556	-0.06227667	-0.024422223
179588213561652	-0.08303556	-0.07326667	-0.04151778
179588221061652	-0.11112112	-0.08059334	-0.039075557
179588228561652	-0.117226675	-0.098910004	-0.047623336
179588236061652	-0.11112112	-0.10501556	-0.05372889
179588243561652	-0.10135223	-0.10867889	-0.058613338
179588251061652	-0.081814446	-0.10135223	-0.054950003
179588258561652	-0.046402223	-0.08792	-0.045181114
179588266061652	-0.036633335	-0.07693	-0.037854444
179588273561652	-0.0048844446	-0.06960334	-0.03174889
179588281061652	0.023201112	-0.054950003	-0.026864445
179588288561652	0.029306669	-0.042738892	-0.028085556
179588296061652	0.017095556	-0.034191113	-0.02075889
179588303561652	0.018316668	-0.018316668	-0.008547778
179588311061652	0.034191113	0.0024422223	0.009768889
179588318561652	0.04151778	0.025643334	0.028085556
179588326061652	0.035412222	0.029306669	0.047623336
179588333561652	0.03052778	0.03052778	0.06349778
179588341061652	0.05250778	0.037854444	0.07448778
179588348561652	0.051286668	0.036633335	0.06960334
179588356061652	0.051286668	0.048844445	0.06105556
179588363561652	0.057392225	0.05372889	0.051286668
179588371061652	0.054950003	0.057392225	0.039075557
179588378561652	0.04396	0.05617111	0.02198
179588470141808	0.026864445	0.047623336	0.02075889
179588479249100	0.009768889	0.039075557	0.02198
179588489478006	-0.015874445	0.023201112	0.018316668
179588408561652	-0.02075889	0.013432222	0.019537779
179588508684308	-0.0061055557	0.0036633336	0.017095556
179588516485819	0.0012211112	-0.015874445	0.017095556
179588523684308	0.007326667	-0.018316668	0.0048844446
179588531184308	-0.0048844446	-0.019537779	-0.01099
179588538684308	-0.023201112	-0.029306669	-0.01099
179588546184308	-0.025643334	-0.03174889	-0.023201112
179588553684308	-0.023201112	-0.035412222	-0.035412222
179588561184308	0.0061055557	-0.03174889	-0.045181114
179588568684308	0.046402223	-0.02075889	-0.047623336
179588576184308	0.06349778	-0.019537779	-0.05006556
179588583684308	0.07326667	-0.018316668	-0.04151778
179588591184308	0.08303556	-0.0024422223	-0.03052778
179588598684308	0.06105556	0.0	-0.02198
179588606184308	0.04151778	0.0	-0.015874445
179588613684308	0.039075557	0.0036633336	-0.0048844446
179588621184308	0.048844445	0.007326667	-0.0061055557
179588628684308	0.05372889	0.0024422223	-0.012211111
179588636184308	0.05617111	0.0	-0.018316668
179588643684308	0.06349778	0.0048844446	-0.023201112
179588651184308	0.064718895	0.0024422223	-0.03052778
179588658684308	0.070824444	0.0	-0.024422223
179588666184308	0.07326667	0.0	-0.024422223
179588673684308	0.05006556	0.0012211112	-0.03052778
179588681184308	0.029306669	-0.0036633336	-0.026864445
179588688684308	0.015874445	-0.012211111	-0.03052778
179588696184308	0.009768889	-0.009768889	-0.036633335
179588703684308	-0.0048844446	-0.025643334	-0.035412222
179588711184308	-0.0048844446	-0.03297	-0.04029667
179588718684308	-0.007326667	-0.03297	-0.04151778
179588726184308	-0.0061055557	-0.028085556	-0.04029667
179588733684308	-0.008547778	-0.024422223	-0.035412222
179588741184308	-0.007326667	-0.028085556	-0.028085556
179588748684308	-0.01099	-0.018316668	-0.026864445
179588756184308	-0.018316668	-0.023201112	-0.02075889
179588763684308	-0.026864445	-0.01099	-0.02198
179588771184308	-0.034191113	-0.025643334	-0.02075889
179588778684308	-0.039075557	-0.023201112	-0.023201112
179588786184308	-0.042738892	-0.02198	-0.025643334
179588793684308	-0.035412222	-0.012211111	-0.02075889
179588898423527	-0.03174889	-0.009768889	-0.013432222
179588905436079	-0.017095556	0.0	-0.013432222
179588912936079	-0.008547778	0.009768889	-0.007326667
179588920436079	-0.015874445	0.012211111	0.0
179588926864621	-0.018316668	0.014653334	-0.0036633336
179588934364621	-0.03052778	0.01099	-0.008547778
179588941864621	-0.054950003	0.0	-0.009768889
179588949364621	-0.064718895	-0.009768889	-0.014653334
179588956864621	-0.07448778	-0.018316668	-0.018316668
179588964364621	-0.08059334	-0.026864445	-0.024422223
179588971864621	-0.07693	-0.03297	-0.03297
179588979364621	-0.06594	-0.04151778	-0.035412222
179588986864621	-0.070824444	-0.039075557	-0.04151778
179588994364621	-0.070824444	-0.035412222	-0.04029667
179589001864621	-0.05250778	-0.03052778	-0.037854444
179589009364621	-0.04029667	-0.023201112	-0.03052778
179589016864621	-0.037854444	-0.017095556	-0.025643334
179589024364621	-0.035412222	-0.015874445	-0.019537779
179589031864621	-0.04029667	-0.01099	-0.009768889
179589039364621	-0.042738892	-0.0048844446	-0.009768889
179589078080766	-0.02198	-0.0036633336	0.0024422223
179589061864621	-0.02198	0.0061055557	0.0036633336
179589069364621	-0.025643334	0.012211111	0.008547778
179589109136652	-0.023201112	0.008547778	0.008547778
179589084364621	-0.017095556	0.0048844446	0.0048844446
179589091864621	-0.025643334	-0.0036633336	0.0024422223
179589099364621	-0.02075889	-0.007326667	0.0061055557
179589106864621	-0.012211111	-0.013432222	0.0
179589114364621	-0.017095556	-0.013432222	-0.008547778
179589121864621	-0.0061055557	-0.008547778	-0.013432222
179589129364621	-0.013432222	-0.007326667	-0.012211111
179589136864621	-0.029306669	-0.0061055557	-0.014653334
179589144364621	-0.037854444	-0.012211111	-0.019537779
179589151864621	-0.04029667	-0.018316668	-0.019537779
179589159364621	-0.035412222	-0.02075889	-0.018316668
179589224471183	-0.018316668	-0.019537779	-0.024422223
179589231975662	-0.008547778	-0.018316668	-0.028085556
179589242975818	-0.0024422223	-0.01099	-0.026864445
179589189364621	-0.013432222	-0.007326667	-0.02198
179589261610037	-0.024422223	-0.01099	-0.024422223
179589204364621	-0.01099	-0.008547778	-0.024422223
179589211864621	-0.009768889	0.0012211112	-0.019537779
179589219364621	-0.0012211112	0.0061055557	-0.023201112
179589300967589	0.01099	0.008547778	-0.019537779
179589234364621	0.008547778	0.015874445	-0.02075889
179589241864621	0.012211111	0.019537779	-0.019537779
179589249364621	0.015874445	0.03174889	-0.02198
179589256864621	-0.009768889	0.03052778	-0.018316668
179589264364621	-0.024422223	0.039075557	-0.02075889
179589271864621	-0.019537779	0.042738892	-0.013432222
179589279364621	-0.014653334	0.054950003	-0.009768889
179589286864621	-0.017095556	0.057392225	-0.008547778
179589390206183	-0.02075889	0.059834447	-0.0024422223
179589393672433	-0.028085556	0.059834447	-0.007326667
179589401172433	-0.03052778	0.07570889	-0.008547778
179589408672433	-0.025643334	0.07693	-0.013432222
179589416172433	-0.024422223	0.08669889	-0.019537779
179589423672433	-0.025643334	0.08669889	-0.008547778
179589431172433	-0.014653334	0.08669889	-0.0048844446
179589438672433	-0.018316668	0.089141116	-0.0036633336
179589446172433	-0.034191113	0.091583334	-0.0061055557
179589453672433	-0.064718895	0.10379445	-0.013432222
179589461172433	-0.07326667	0.10867889	-0.014653334
179589492303943	-0.07570889	0.11600556	-0.01099
179589501761131	-0.08059334	0.12211112	-0.01099
179589483672433	-0.07448778	0.13188	-0.013432222
179589491172433	-0.06716111	0.13920668	-0.01099
179589498672433	-0.07326667	0.14042778	-0.0061055557
179589506172433	-0.08792	0.1526389	-0.007326667
179589513672433	-0.091583334	0.15874445	-0.009768889
179589560708787	-0.09280445	0.15874445	-0.01099
179589566436183	-0.09768889	0.15874445	-0.01099
179589576999777	-0.089141116	0.15996556	-0.007326667
179589586152381	-0.07570889	0.16362889	-0.0024422223
179589551172433	-0.06716111	0.16973445	0.0
179589558672433	-0.06105556	0.17339778	0.0012211112
179589566172433	-0.058613338	0.17828223	0.007326667
179589573672433	-0.07204556	0.18438779	0.013432222
179589581172433	-0.085477784	0.1856089	0.024422223
179589588672433	-0.085477784	0.19904111	0.028085556
179589596172433	-0.08792	0.21247335	0.03052778
179589603672433	-0.07693	0.21735778	0.034191113
179589611172433	-0.068382226	0.2283478	0.035412222
179589618672433	-0.06716111	0.23933779	0.029306669
179589626172433	-0.07326667	0.24055889	0.023201112
179589633672433	-0.078151114	0.24300112	0.023201112
179589641172433	-0.08303556	0.24544334	0.014653334
179589648672433	-0.09280445	0.24178001	0.0048844446
179589656172433	-0.10501556	0.23323223	-0.0036633336
179589663672433	-0.11112112	0.22346334	-0.0036633336
179589671172433	-0.10867889	0.21491556	-0.007326667
179589678672433	-0.11478445	0.20636779	-0.0036633336
179589686172433	-0.123332225	0.19782001	-0.0036633336
179589693672433	-0.13310112	0.18927222	-0.0048844446
179589701172433	-0.13310112	0.1856089	-0.009768889
179589708672433	-0.14409111	0.18072446	-0.008547778
179589716172433	-0.13920668	0.1856089	-0.012211111
179589823390245	-0.12211112	0.17950334	-0.009768889
179589829008579	-0.10135223	0.18805112	-0.0048844446
179589836508579	-0.09524667	0.19415668	0.0
179589844008579	-0.08303556	0.19537778	0.0024422223
179589851508579	-0.07204556	0.19171445	0.0061055557
179589859008579	-0.07570889	0.19171445	0.01099
179589866508579	-0.07693	0.19904111	0.014653334
179589874008579	-0.085477784	0.20270446	0.02198
179589881508579	-0.091583334	0.20026223	0.025643334
179589889008579	-0.091583334	0.20636779	0.026864445
179589896508579	-0.10745778	0.20514667	0.024422223
179589904008579	-0.106236674	0.20148334	0.025643334
179589911508579	-0.10013112	0.1965989	0.023201112
179589919008579	-0.08059334	0.19782001	0.014653334
179589926508579	-0.08669889	0.19293556	0.008547778
179589934008579	-0.102573335	0.19415668	0.0048844446
179589941508579	-0.10379445	0.18927222	0.0061055557
179589949008579	-0.10379445	0.1856089	0.0048844446
179589956508579	-0.09646778	0.18316667	0.0012211112
179589964008579	-0.09036223	0.1746189	0.0036633336
179589971508579	-0.08792	0.16607112	-0.0036633336
179589979008579	-0.08792	0.16485001	0.0048844446
179589986508579	-0.089141116	0.1746189	0.009768889
179589994008579	-0.09524667	0.1746189	0.014653334
179590001508579	-0.089141116	0.17339778	0.012211111
179590009008579	-0.091583334	0.17095557	0.01099
179590016508579	-0.09280445	0.16607112	0.017095556
179590024008579	-0.08669889	0.16362889	0.013432222
179590031508579	-0.07693	0.15874445	0.014653334
179590039008579	-0.07570889	0.15019667	0.01099
179590046508579	-0.07204556	0.14775445	0.007326667
179590054008579	-0.068382226	0.13432223	0.0036633336
179590122187641	-0.070824444	0.11478445	0.008547778
179590132787433	-0.068382226	0.10745778	0.007326667
179590076508579	-0.070824444	0.09280445	0.0048844446
179590084008579	-0.07937223	0.085477784	0.014653334
179590091508579	-0.08425667	0.07937223	0.014653334
179590099008579	-0.07448778	0.068382226	0.015874445
179590106508579	-0.06349778	0.06227667	0.017095556
179590114008579	-0.05006556	0.04396	0.01099
179590121508579	-0.042738892	0.04029667	0.008547778
179590129008579	-0.059834447	0.035412222	0.0061055557
179590136508579	-0.07448778	0.026864445	0.0061055557
179590144008579	-0.078151114	0.008547778	0.0048844446
179590151508579	-0.064718895	-0.0048844446	0.007326667
179590159008579	-0.035412222	-0.0036633336	0.0036633336
179590166508579	-0.02075889	-0.02075889	0.0048844446
179590266514620	-0.013432222	-0.05250778	0.01099
179590274014620	0.0048844446	-0.07204556	0.017095556
179590281514620	0.02075889	-0.085477784	0.02075889
179590289014620	0.026864445	-0.09768889	0.02198
179590296514620	0.025643334	-0.11112112	0.02075889
179590304014620	0.029306669	-0.12577444	0.02198
179590311514620	0.03052778	-0.14164889	0.013432222
179590319014620	0.054950003	-0.14653334	0.009768889
179590326514620	0.07937223	-0.15630223	0.0061055557
179590334014620	0.089141116	-0.17828223	0.014653334
179590341514620	0.07937223	-0.19782001	0.012211111
179590349014620	0.068382226	-0.21491556	0.015874445
179590356514620	0.08059334	-0.24666445	0.026864445
179590364014620	0.10745778	-0.26009667	0.03174889
179590371514620	0.11966889	-0.2759711	0.034191113
179590379014620	0.1306589	-0.2955089	0.04029667
179590386514620	0.14409111	-0.29795113	0.026864445
179590427681339	0.13798556	-0.31260446	0.029306669
179590436912120	0.12699556	-0.3260367	0.035412222
179590446480974	0.12211112	-0.35290113	0.037854444
179590416514620	0.12455334	-0.38220778	0.046402223
179590424014620	0.12943779	-0.41151446	0.051286668
179590431514620	0.1526389	-0.4359367	0.05617111
179590439014620	0.16485001	-0.46035892	0.06105556
179590446514620	0.16362889	-0.47501224	0.06227667
179590454014620	0.17950334	-0.49455002	0.06227667
179590571284412	0.20148334	-0.51164556	0.057392225
179590578784412	0.20881	-0.5189722	0.046402223
179590586284412	0.22102112	-0.5324045	0.039075557
179590597657016	0.28818223	-0.56171113	0.03297
179590612657016	0.3052778	-0.58124894	0.034191113
179590627657016	0.32725778	-0.6007867	0.03297
179590642657016	0.34557447	-0.61788225	0.03297
179590795228787	0.34801668	-0.63742	0.029306669
179590687657016	0.36267	-0.66306335	0.013432222
179590795630089	0.3492378	-0.67161113	0.0036633336
179590777657016	0.25643334	-0.7680789	-0.024422223
179590797373839	0.37732336	-0.73633003	-0.012211111
179590797751026	0.28818223	-0.76441556	-0.03052778
179590799035089	0.35900667	-0.7717422	-0.0012211112
179590799130193	0.3834289	-0.7863956	0.0
179590799210870	0.31871	-0.7949434	0.013432222
179590799276859	0.27719223	-0.81448114	0.019537779
179590799339464	0.28574002	-0.81081784	0.008547778
179590800499620	0.29917222	-0.81936556	-0.0036633336
179590801625870	0.32725778	-0.8071545	-0.02198
179590802396026	0.3370267	-0.80593336	-0.03297
179590803209828	0.31993112	-0.8071545	-0.04029667
179590804246912	0.3052778	-0.81448114	-0.05006556
179590819246912	0.28574002	-0.83401895	-0.057392225
179590821649255	0.2759711	-0.83768225	-0.068382226
179590825069620	0.28574002	-0.82791334	-0.07570889
179590833038943	0.27719223	-0.81448114	-0.07937223
179590840469047	0.26376	-0.8120389	-0.081814446
179590847305193	0.2735289	-0.7986067	-0.08669889
179590859636287	0.29306668	-0.7754056	-0.09402556
179590867318422	0.28329778	-0.7522045	-0.10135223
179590876804724	0.25765446	-0.7436567	-0.098910004
179590886519568	0.22102112	-0.73633003	-0.10013112
179590896721911	0.19293556	-0.7387723	-0.10013112
179590906065193	0.17706113	-0.72778225	-0.098910004
179590911978005	0.16973445	-0.71557117	-0.09646778
179590921282380	0.16362889	-0.7009178	-0.09036223
179590930830401	0.15630223	-0.68626446	-0.089141116
179590940983891	0.14409111	-0.6667267	-0.09036223
179590951454359	0.11844778	-0.6325356	-0.09280445
179590938365349	0.10135223	-0.62765115	-0.09036223
179590945865349	0.11112112	-0.6117767	-0.09036223
179590981999620	0.12211112	-0.59468114	-0.091583334
179590990593682	0.11234222	-0.5788067	-0.09402556
179590968365349	0.123332225	-0.55438447	-0.09646778
179590975865349	0.12089001	-0.54461557	-0.09402556
179590983365349	0.11844778	-0.52996224	-0.085477784
179590990865349	0.11600556	-0.50798225	-0.070824444
179590998365349	0.11478445	-0.47379112	-0.070824444
179591005865349	0.10501556	-0.44448447	-0.07326667
179591013365349	0.089141116	-0.41884112	-0.070824444
179591020865349	0.07570889	-0.3931978	-0.07693
179591028365349	0.064718895	-0.36267	-0.078151114
179591035865349	0.046402223	-0.34313223	-0.07448778
179591043365349	0.05006556	-0.32115224	-0.07570889
179591050865349	0.05372889	-0.28818223	-0.07448778
179591058365349	0.05372889	-0.2613178	-0.070824444
179591065865349	0.051286668	-0.23689556	-0.06960334
179591073365349	0.051286668	-0.21735778	-0.06594
179591142311182	0.034191113	-0.19904111	-0.064718895
179591151695401	0.012211111	-0.18072446	-0.06960334
179591162130713	-0.018316668	-0.16485001	-0.06594
179591103365349	-0.035412222	-0.14164889	-0.064718895
179591204828109	-0.058613338	-0.11478445	-0.06716111
179591205770557	-0.07937223	-0.091583334	-0.06349778
179591206475401	-0.10013112	-0.058613338	-0.05617111
179591212928838	-0.10867889	-0.036633335	-0.04151778
179591220428838	-0.08425667	-0.014653334	-0.029306669
179591227928838	-0.059834447	0.009768889	-0.02198
179591235428838	-0.05372889	0.04029667	-0.019537779
179591242928838	-0.046402223	0.058613338	-0.01099
179591250428838	-0.045181114	0.08669889	-0.012211111
179591257928838	-0.05372889	0.10379445	-0.012211111
179591265428838	-0.05617111	0.12455334	-0.007326667
179591272928838	-0.06227667	0.14409111	-0.008547778
179591280428838	-0.085477784	0.15752333	-0.0061055557
179591287928838	-0.09768889	0.17706113	-0.012211111
179591295428838	-0.08425667	0.20270446	-0.015874445
179591302928838	-0.07693	0.22712667	-0.018316668
179591310428838	-0.07326667	0.2515489	-0.017095556
179591317928838	-0.085477784	0.27475002	-0.012211111
179591325428838	-0.109900005	0.3052778	-0.02198
179591332928838	-0.1526389	0.32237336	-0.012211111
179591340428838	-0.18683001	0.34313223	-0.01099
179591347928838	-0.18927222	0.36511225	-0.0048844446
179591355428838	-0.20392556	0.3724389	0.0024422223
179591362928838	-0.21369445	0.39808223	0.0024422223
179591370428838	-0.23689556	0.4163989	0.0024422223
179591377928838	-0.24422224	0.43349445	0.019537779
179591385428838	-0.25643334	0.44326335	0.03052778
179591392928838	-0.26864445	0.45547447	0.03052778
179591400428838	-0.28085557	0.4701278	0.03174889
179591407928838	-0.31016225	0.48356003	0.034191113
179591415428838	-0.33336335	0.48478112	0.03052778
179591422928838	-0.34069002	0.4933289	0.03174889
179591430428838	-0.36389112	0.4908867	0.03174889
179591437928838	-0.38953447	0.47623336	0.04029667
179591445428838	-0.40785113	0.47745445	0.03174889
179591452928838	-0.3858711	0.48478112	0.048844445
179591460428838	-0.34313223	0.48966557	0.05250778
179591467928838	-0.2955089	0.50554	0.05372889
179591475428838	-0.2625389	0.5104245	0.06227667
179591482928838	-0.23323223	0.5287411	0.054950003
179591490428838	-0.22224224	0.54461557	0.054950003
179591497928838	-0.24910668	0.54339445	0.058613338
179591505428838	-0.23445335	0.5580478	0.059834447
179591512928838	-0.2185789	0.5507211	0.06349778
179591520428838	-0.2185789	0.52752	0.06716111
179591527928838	-0.2075889	0.51164556	0.07448778
179591535428838	-0.18316667	0.4933289	0.07937223
179591542928838	-0.16485001	0.47379112	0.078151114
179591550428838	-0.14287001	0.4713489	0.070824444
179591557928838	-0.14164889	0.46402225	0.06227667
179591658402380	-0.13676445	0.4493689	0.054950003
179591665902380	-0.1306589	0.42983112	0.051286668
179591673402380	-0.123332225	0.42006224	0.054950003
179591680902380	-0.12089001	0.40785113	0.054950003
179591688402380	-0.11844778	0.38953447	0.045181114
179591706993838	-0.08792	0.3614489	0.04151778
179591717295817	-0.059834447	0.3370267	0.03052778
179591710902380	-0.070824444	0.2942878	0.02075889
179591718402380	-0.07937223	0.24788557	0.014653334
179591746929203	-0.081814446	0.20148334	0.0036633336
179591759132120	-0.078151114	0.14897557	-0.012211111
179591740902380	-0.09646778	0.11966889	-0.03297
179591775798786	-0.10501556	0.07448778	-0.05617111
179591755902380	-0.098910004	0.035412222	-0.08059334
179591763402380	-0.102573335	-0.0048844446	-0.10135223
179591770902380	-0.09768889	-0.036633335	-0.109900005
179591778402380	-0.059834447	-0.06349778	-0.12211112
179591821976963	-0.05372889	-0.078151114	-0.14164889
179591793402380	-0.06716111	-0.08669889	-0.14164889
179591800902380	-0.07937223	-0.10013112	-0.13432223
179591850617849	-0.06594	-0.09524667	-0.13188
179591815902380	-0.046402223	-0.08303556	-0.13920668
179591823402380	-0.04151778	-0.059834447	-0.14409111
179591830902380	-0.037854444	-0.051286668	-0.15996556
179591838402380	-0.026864445	-0.035412222	-0.17217667
179591845902380	-0.015874445	0.0061055557	-0.16729222
179591853402380	-0.02075889	0.04151778	-0.16851334
179591860902380	-0.042738892	0.064718895	-0.15752333
179591868402380	-0.06716111	0.085477784	-0.12577444
179591875902380	-0.08425667	0.09646778	-0.10135223
179591949693369	-0.09646778	0.11356334	-0.078151114
179591890902380	-0.08059334	0.123332225	-0.042738892
179591898402380	-0.05006556	0.14164889	0.0
179591905902380	-0.028085556	0.16485001	0.025643334
179591913402380	-0.014653334	0.18194556	0.048844445
179591920902380	0.025643334	0.20148334	0.07937223
179591928402380	0.05250778	0.2295689	0.09524667
179592018784046	0.06716111	0.26009667	0.10013112
179592024975817	0.06105556	0.2869611	0.10135223
179592032454411	0.05372889	0.30405667	0.10013112
179592042257432	0.064718895	0.33336335	0.09768889
179592051747015	0.058613338	0.34679556	0.08792
179592063604151	0.06105556	0.36389112	0.078151114
179591980902380	0.068382226	0.37854445	0.07448778
179592082254828	0.07570889	0.39686114	0.06716111
179592089754828	0.070824444	0.40785113	0.064718895
179592097254828	0.059834447	0.41762	0.06716111
179592104754828	0.047623336	0.43471557	0.07326667
179592112254828	0.04029667	0.44326335	0.08059334
179592119754828	0.042738892	0.4493689	0.09402556
179592127254828	0.03174889	0.4689067	0.11356334
179592134754828	0.018316668	0.4713489	0.13798556
179592142254828	0.03052778	0.4713489	0.16973445
179592149754828	0.05006556	0.4701278	0.19537778
179592157254828	0.051286668	0.46768558	0.22346334
179592164754828	0.026864445	0.45791668	0.24055889
179592172254828	0.007326667	0.45547447	0.26376
179592179754828	-0.0036633336	0.45303226	0.27719223
179592187254828	0.0	0.46402225	0.28329778
179592194754828	0.017095556	0.46524334	0.28574002
179592202254828	0.045181114	0.48600224	0.2820767
179592209754828	0.05250778	0.4921078	0.27841336
179592217254828	0.048844445	0.50798225	0.26376
179592224754828	0.03174889	0.5140878	0.25521225
179592232254828	0.018316668	0.5043189	0.24910668
179592239754828	0.01099	0.50554	0.24178001
179592247254828	0.0012211112	0.49943447	0.23689556
179592254754828	-0.02075889	0.4933289	0.22590557
179592262254828	-0.036633335	0.48478112	0.2185789
179592269754828	-0.04396	0.46035892	0.21613668
179592277254828	-0.045181114	0.44692668	0.2185789
179592284754828	-0.05006556	0.4151778	0.21247335
179592292254828	-0.029306669	0.38220778	0.21613668
179592299754828	0.03174889	0.34801668	0.2075889
179592307254828	0.068382226	0.32237336	0.19171445
179592314754828	0.07570889	0.29184556	0.1746189
179592322254828	0.06227667	0.27475002	0.15996556
179592329754828	0.05250778	0.26742333	0.16118668
179592337254828	0.05372889	0.26376	0.14775445
179592344754828	0.07448778	0.24178001	0.14531223
179592352254828	0.09768889	0.21980001	0.14042778
179592359754828	0.09768889	0.1856089	0.12821667
179592367254828	0.11600556	0.1526389	0.13432223
179592374754828	0.11356334	0.13188	0.12943779
179592382254828	0.10013112	0.10745778	0.12577444
179592389754828	0.09402556	0.078151114	0.12211112
179592397254828	0.05006556	0.047623336	0.10501556
179592404754828	0.0024422223	0.019537779	0.102573335
179592412254828	-0.03174889	-0.0036633336	0.091583334
179592512934671	-0.036633335	-0.013432222	0.070824444
179592521431546	-0.047623336	-0.024422223	0.036633335
179592527934671	-0.057392225	-0.04029667	-0.0024422223
179592535434671	-0.042738892	-0.06105556	-0.035412222
179592542934671	-0.04029667	-0.08425667	-0.070824444
179592550434671	-0.05006556	-0.10379445	-0.102573335
179592557934671	-0.08303556	-0.13188	-0.12821667
179592565434671	-0.13554333	-0.1746189	-0.14409111
179592572934671	-0.15386	-0.20514667	-0.14775445
179592597213786	-0.16973445	-0.24788557	-0.14164889
179592587934671	-0.17095557	-0.27108666	-0.13676445
179592619258473	-0.17828223	-0.29306668	-0.14409111
179592602934671	-0.18805112	-0.30894113	-0.15019667
179592610434671	-0.19782001	-0.32115224	-0.16240779
179592646425192	-0.21125223	-0.32359445	-0.16729222
179592625434671	-0.21125223	-0.30894113	-0.17339778
179592632934671	-0.20270446	-0.2942878	-0.17217667
179592674115921	-0.19782001	-0.2735289	-0.17095557
179592647934671	-0.18927222	-0.24178001	-0.16729222
179592697334827	-0.16240779	-0.22468445	-0.16851334
179592707256702	-0.12089001	-0.20270446	-0.1746189
179592670434671	-0.08669889	-0.19049335	-0.17095557
179592677934671	-0.06594	-0.18316667	-0.16973445
179592685434671	-0.04151778	-0.17095557	-0.15752333
179592692934671	-0.045181114	-0.1526389	-0.13310112
179592700434671	-0.06349778	-0.14653334	-0.10867889
179592707934671	-0.06349778	-0.1306589	-0.081814446
179592774582744	-0.025643334	-0.13310112	-0.057392225
179592722934671	-0.019537779	-0.1306589	-0.042738892
179592730434671	-0.05006556	-0.13432223	-0.024422223
179592737934671	-0.085477784	-0.13798556	-0.007326667
179592745434671	-0.09036223	-0.13676445	-0.0012211112
179592823783057	-0.09280445	-0.13798556	0.0061055557
179592760434671	-0.07937223	-0.12455334	0.013432222
179592767934671	-0.05250778	-0.102573335	0.017095556
179592775434671	-0.04396	-0.085477784	0.028085556
179592782934671	-0.018316668	-0.06227667	0.039075557
179592790434671	0.0012211112	-0.05250778	0.042738892
179592797934671	0.02075889	-0.03174889	0.04151778
179592899289723	0.04029667	-0.014653334	0.042738892
179592900231129	0.05617111	-0.0048844446	0.05006556
179592906861807	0.07204556	0.0061055557	0.037854444
179592914361807	0.07326667	0.01099	0.029306669
179592921861807	0.06105556	0.023201112	0.025643334
179592929361807	0.04151778	0.024422223	0.019537779
179592936861807	0.039075557	0.02198	0.02198
179592944361807	0.03052778	0.008547778	0.015874445
179592951861807	-0.0061055557	-0.0036633336	0.01099
179592959361807	-0.036633335	-0.017095556	0.0048844446
179592966861807	-0.024422223	-0.024422223	0.0
179592974361807	-0.028085556	-0.019537779	-0.012211111
179592981861807	-0.051286668	-0.025643334	-0.015874445
179592989361807	-0.059834447	-0.029306669	-0.018316668
179592996861807	-0.04396	-0.013432222	-0.028085556
179593004361807	-0.058613338	-0.0012211112	-0.039075557
179593011861807	-0.07326667	0.0024422223	-0.04151778
179593019361807	-0.07937223	0.0036633336	-0.034191113
179593026861807	-0.08059334	0.009768889	-0.03297
179593034361807	-0.07448778	0.008547778	-0.02075889
179593041861807	-0.059834447	0.007326667	-0.01099
179593088402744	-0.05006556	0.015874445	-0.0061055557
179593098816911	-0.034191113	0.024422223	0.0036633336
179593103708734	-0.014653334	0.03052778	0.008547778
179593114586494	0.007326667	0.04029667	0.014653334
179593126923161	0.017095556	0.045181114	0.009768889
179593134400296	0.0048844446	0.04029667	0.007326667
179593094361807	0.0	0.035412222	-0.0024422223
179593101861807	0.007326667	0.037854444	-0.007326667
179593109361807	0.019537779	0.035412222	-0.017095556
179593116861807	0.018316668	0.02075889	-0.018316668
179593124361807	0.0036633336	0.014653334	-0.018316668
179593131861807	0.0036633336	0.012211111	-0.025643334
179593139361807	0.0036633336	0.0012211112	-0.02075889
179593146861807	-0.012211111	-0.01099	-0.019537779
179593154361807	-0.02075889	-0.017095556	-0.014653334
179593161861807	-0.03297	0.014653334	-0.051286668
179593169361807	0.028085556	-0.008547778	-0.012211111
179593176861807	0.078151114	0.03052778	-0.0036633336
179593184361807	-0.012211111	0.028085556	-0.023201112
179593191861807	0.024422223	0.014653334	0.015874445
179593199361807	0.117226675	0.028085556	0.024422223
179593206861807	0.098910004	0.036633335	0.035412222
179593214361807	0.07204556	0.046402223	0.05006556
179593221861807	0.08303556	0.05372889	0.054950003
179593229361807	0.081814446	0.057392225	0.06227667
179593236861807	0.06594	0.059834447	0.064718895
179593244361807	0.047623336	0.05006556	0.058613338
179593346533629	0.047623336	0.05250778	0.054950003
179593354033629	0.04396	0.047623336	0.046402223
179593361533629	0.024422223	0.036633335	0.045181114
179593369033629	0.026864445	0.037854444	0.037854444
179593376533629	0.03174889	0.037854444	0.03297
179593384033629	0.028085556	0.039075557	0.026864445
179593391533629	0.013432222	0.04151778	0.02075889
179593399033629	0.018316668	0.04396	0.012211111
179593406533629	0.025643334	0.046402223	0.0061055557
179593414033629	0.02198	0.04151778	0.0012211112
179593421533629	0.024422223	0.039075557	-0.0036633336
179593429033629	0.014653334	0.029306669	-0.009768889
179593436533629	0.0036633336	0.035412222	-0.014653334
179593444033629	-0.0061055557	0.035412222	-0.023201112
179593451533629	-0.015874445	0.03052778	-0.023201112
179593459033629	-0.0024422223	0.03297	-0.023201112
179593466533629	0.018316668	0.025643334	-0.02198
179593474033629	0.014653334	0.013432222	-0.013432222
179593481533629	-0.01099	0.008547778	-0.01099
179593489033629	-0.03297	-0.0048844446	-0.009768889
179593496533629	-0.051286668	-0.012211111	-0.008547778
179593504033629	-0.06349778	-0.017095556	-0.0012211112
179593511533629	-0.07326667	-0.012211111	0.0024422223
179593519033629	-0.06716111	-0.0061055557	-0.0024422223
179593526533629	-0.06594	0.0036633336	-0.007326667
179593534033629	-0.06960334	0.0012211112	-0.012211111
179593541533629	-0.06716111	0.009768889	-0.013432222
179593549033629	-0.06227667	0.01099	-0.018316668
179593556533629	-0.054950003	0.009768889	-0.019537779
179593564033629	-0.05006556	0.007326667	-0.014653334
179593571533629	-0.036633335	0.009768889	-0.013432222
179593579033629	-0.03052778	0.017095556	-0.013432222
179593586533629	-0.03297	0.024422223	-0.02075889
179593594033629	-0.03297	0.03052778	-0.026864445
179593601533629	-0.03052778	0.024422223	-0.025643334
179593609033629	-0.034191113	0.017095556	-0.026864445
179593616533629	-0.04029667	0.013432222	-0.025643334
179593624033629	-0.037854444	0.007326667	-0.02075889
179593631533629	-0.035412222	0.0024422223	-0.02075889
179593639033629	-0.048844445	-0.0048844446	-0.02198
179593646533629	-0.054950003	-0.007326667	-0.019537779
179593654033629	-0.05250778	-0.015874445	-0.017095556
179593661533629	-0.059834447	-0.017095556	-0.019537779
179593669033629	-0.054950003	-0.014653334	-0.019537779
179593769314306	-0.04151778	-0.015874445	-0.025643334
179593776814306	-0.036633335	-0.0036633336	-0.03052778
179593784314306	-0.042738892	-0.0061055557	-0.029306669
179593791814306	-0.048844445	-0.008547778	-0.025643334
179593799314306	-0.037854444	-0.0024422223	-0.03297
179593815897379	-0.04396	-0.0036633336	-0.034191113
179593823129671	-0.045181114	-0.007326667	-0.03297
179593821814306	-0.026864445	-0.0024422223	-0.03052778
179593829314306	-0.017095556	0.012211111	-0.024422223
179593853916077	-0.023201112	0.014653334	-0.019537779
179593844314306	-0.012211111	0.014653334	-0.013432222
179593851814306	-0.017095556	0.0036633336	-0.0012211112
179593859314306	-0.019537779	0.0061055557	0.0024422223
179593866814306	-0.014653334	-0.0048844446	0.008547778
179593874314306	-0.015874445	-0.009768889	0.0036633336
179593881814306	-0.024422223	-0.009768889	0.0012211112
179593889314306	-0.024422223	-0.007326667	-0.008547778
179593896814306	-0.02198	-0.02075889	-0.0061055557
179593904314306	-0.01099	-0.0061055557	-0.012211111
179593911814306	-0.009768889	-0.0048844446	-0.0048844446
179593919314306	-0.0061055557	-0.015874445	-0.0036633336
179593926814306	0.012211111	-0.018316668	-0.0024422223
179593934314306	0.009768889	-0.028085556	0.0
179593941814306	-0.007326667	-0.024422223	-0.008547778
179593949314306	-0.02198	-0.019537779	-0.012211111
179593956814306	-0.026864445	-0.024422223	-0.017095556
179593964314306	-0.023201112	-0.02198	-0.025643334
179593971814306	-0.013432222	-0.013432222	-0.03052778
179593979314306	-0.0061055557	-0.0048844446	-0.029306669
179593986814306	0.0061055557	0.007326667	-0.03174889
179593994314306	0.023201112	0.014653334	-0.026864445
179594001814306	0.013432222	0.01099	-0.023201112
179594009314306	0.023201112	0.013432222	-0.015874445
179594016814306	0.02075889	0.02198	-0.018316668
179594024314306	0.0036633336	0.028085556	-0.013432222
179594031814306	-0.0036633336	0.029306669	-0.01099
179594039314306	-0.012211111	0.037854444	-0.0061055557
179594046814306	-0.023201112	0.05006556	-0.01099
179594054314306	-0.028085556	0.05250778	-0.007326667
179594061814306	-0.034191113	0.059834447	-0.0012211112
179594069314306	-0.018316668	0.070824444	-0.0024422223
179594076814306	-0.0036633336	0.07693	-0.0036633336
179594084314306	0.0	0.08059334	-0.0036633336
179594091814306	0.0061055557	0.09280445	-0.0048844446
179594099314306	0.0	0.09524667	-0.0061055557
179594106814306	-0.019537779	0.08425667	0.0
179594207024410	-0.03174889	0.09524667	-0.0024422223
179594214524410	-0.05006556	0.09646778	0.0061055557
179594222024410	-0.05372889	0.09768889	0.012211111
179594229524410	-0.046402223	0.098910004	0.013432222
179594237024410	-0.037854444	0.10867889	0.013432222
179594244524410	-0.05372889	0.11600556	0.01099
179594252024410	-0.058613338	0.11356334	0.009768889
179594259524410	-0.057392225	0.12577444	0.0061055557
179594267024410	-0.06594	0.12821667	0.0024422223
179594274524410	-0.068382226	0.12455334	0.0
179594282024410	-0.06227667	0.12211112	-0.0036633336
179594289524410	-0.051286668	0.12699556	-0.0036633336
179594297024410	-0.047623336	0.13188	-0.0036633336
179594304524410	-0.05617111	0.13554333	0.0024422223
179594312024410	-0.06594	0.12455334	0.008547778
179594319524410	-0.06960334	0.12455334	0.0048844446
179594327024410	-0.07204556	0.12699556	0.0061055557
179594334524410	-0.07693	0.13554333	0.0048844446
179594342024410	-0.07326667	0.13920668	0.007326667
179594349524410	-0.058613338	0.14775445	0.0061055557
179594357024410	-0.06227667	0.15630223	0.008547778
179594364524410	-0.068382226	0.16362889	0.007326667
179594372024410	-0.070824444	0.16485001	0.008547778
179594379524410	-0.081814446	0.16485001	0.012211111
179594387024410	-0.07937223	0.16851334	0.018316668
179594394524410	-0.064718895	0.16607112	0.017095556
179594402024410	-0.06716111	0.1746189	0.01099
179594409524410	-0.07693	0.17828223	0.009768889
179594417024410	-0.06960334	0.18194556	0.0048844446
179594424524410	-0.07570889	0.18927222	0.0
179594432024410	-0.091583334	0.19415668	-0.0048844446
179594439524410	-0.09402556	0.1856089	-0.0061055557
179594447024410	-0.08792	0.17950334	-0.0061055557
179594454524410	-0.09646778	0.18072446	-0.0048844446
179594462024410	-0.10867889	0.17950334	-0.009768889
179594469524410	-0.098910004	0.1746189	-0.007326667
179594477024410	-0.08669889	0.1746189	-0.0048844446
179594484524410	-0.07204556	0.17706113	-0.0036633336
179594492024410	-0.08059334	0.17217667	0.0048844446
179594499524410	-0.09280445	0.16851334	0.0061055557
179594507024410	-0.10501556	0.16362889	0.008547778
179594514524410	-0.102573335	0.15996556	0.014653334
179594522024410	-0.09768889	0.15752333	0.018316668
179594529524410	-0.08669889	0.15874445	0.02198
179594537024410	-0.07448778	0.15630223	0.028085556
179594544524410	-0.05372889	0.16607112	0.034191113
179594552024410	-0.037854444	0.16973445	0.03052778
179594653546545	-0.035412222	0.17706113	0.029306669
179594661046545	-0.04396	0.17950334	0.029306669
179594668546545	-0.051286668	0.17095557	0.029306669
179594676046545	-0.045181114	0.17217667	0.028085556
179594683546545	-0.045181114	0.16485001	0.026864445
179594691046545	-0.047623336	0.16485001	0.02075889
179594698546545	-0.048844445	0.16240779	0.025643334
179594706046545	-0.051286668	0.15752333	0.023201112
179594713546545	-0.03174889	0.16240779	0.024422223
179594721046545	-0.026864445	0.16485001	0.026864445
179594728546545	-0.039075557	0.15508112	0.03174889
179594736046545	-0.048844445	0.15752333	0.026864445
179594743546545	-0.05250778	0.1526389	0.029306669
179594751046545	-0.051286668	0.14775445	0.028085556
179594758546545	-0.042738892	0.14409111	0.018316668
179594766046545	-0.046402223	0.13310112	0.017095556
179594773546545	-0.064718895	0.12577444	0.018316668
179594781046545	-0.07326667	0.11478445	0.014653334
179594788546545	-0.07693	0.11600556	0.0061055557
179594796046545	-0.08303556	0.11356334	0.0036633336
179594803546545	-0.08792	0.10745778	0.007326667
179594811046545	-0.07693	0.10013112	0.007326667
179594818546545	-0.07326667	0.09036223	0.007326667
179594826046545	-0.05617111	0.081814446	0.009768889
179594833546545	-0.046402223	0.07937223	0.007326667
179594841046545	-0.05250778	0.07448778	0.009768889
179594848546545	-0.045181114	0.06594	0.009768889
179594856046545	-0.036633335	0.070824444	0.013432222
179594863546545	-0.045181114	0.064718895	0.018316668
179594871046545	-0.054950003	0.057392225	0.018316668
179594878546545	-0.05617111	0.058613338	0.015874445
179594886046545	-0.059834447	0.046402223	0.018316668
179594893546545	-0.05617111	0.03297	0.019537779
179594901046545	-0.05006556	0.023201112	0.013432222
179594908546545	-0.046402223	0.009768889	0.013432222
179594916046545	-0.029306669	-0.0048844446	0.01099
179594923546545	-0.013432222	-0.018316668	0.013432222
179594931046545	-0.01099	-0.019537779	0.015874445
179594938546545	-0.014653334	-0.02198	0.02198
179594946046545	-0.0012211112	-0.029306669	0.025643334
179594953546545	0.024422223	-0.04029667	0.03052778
179594961046545	0.036633335	-0.054950003	0.036633335
179594968546545	0.037854444	-0.06960334	0.042738892
179594976046545	0.047623336	-0.09280445	0.037854444
179595077342952	0.058613338	-0.10501556	0.034191113
179595084842952	0.07937223	-0.11844778	0.03052778
179595092342952	0.09646778	-0.13554333	0.023201112
179595099842952	0.10745778	-0.15630223	0.024422223
179595107342952	0.12699556	-0.16729222	0.03052778
179595114842952	0.13920668	-0.18316667	0.03174889
179595122342952	0.14775445	-0.2075889	0.04029667
179595129842952	0.14653334	-0.23079	0.037854444
179595137342952	0.15019667	-0.25765446	0.04029667
179595144842952	0.14775445	-0.27963445	0.039075557
179595152342952	0.13432223	-0.29673	0.035412222
179595159842952	0.11478445	-0.30772	0.037854444
179595167342952	0.12821667	-0.31993112	0.04396
179595174842952	0.15874445	-0.34435335	0.04396
179595182342952	0.19171445	-0.35412225	0.037854444
179595189842952	0.20636779	-0.37732336	0.036633335
179595197342952	0.22590557	-0.38953447	0.029306669
179595204842952	0.23811668	-0.41151446	0.023201112
179595212342952	0.24666445	-0.43227336	0.007326667
179595219842952	0.2515489	-0.45303226	-0.0012211112
179595227342952	0.25277	-0.47257003	-0.01099
179595234842952	0.25277	-0.48356003	-0.024422223
179595242342952	0.26498112	-0.5006556	-0.018316668
179595249842952	0.2613178	-0.5043189	-0.018316668
179595257342952	0.23811668	-0.51164556	-0.026864445
179595264842952	0.23445335	-0.53118336	-0.03174889
179595272342952	0.24300112	-0.54461557	-0.04029667
179595279842952	0.24544334	-0.5580478	-0.04029667
179595287342952	0.2503278	-0.56171113	-0.04151778
179595294842952	0.2515489	-0.5800278	-0.04029667
179595302342952	0.05617111	-0.7326667	-0.09036223
179595309842952	0.16118668	-0.5458367	-0.04396
179595317342952	0.13310112	-0.61788225	-0.102573335
179595324842952	0.26864445	-0.6105556	-0.06594
179595332342952	0.36755446	-0.5775856	-0.04029667
179595339842952	0.23811668	-0.58124894	-0.054950003
179595347342952	0.21491556	-0.5873545	-0.03052778
179595354842952	0.29062447	-0.5836911	-0.02198
179595362342952	0.2735289	-0.5885756	-0.025643334
179595369842952	0.26864445	-0.59468114	-0.02198
179595377342952	0.26620224	-0.59834445	-0.03052778
179595384842952	0.2625389	-0.5971234	-0.036633335
179595392342952	0.25521225	-0.5910178	-0.047623336
179595399842952	0.22468445	-0.59346	-0.070824444
179595407342952	0.20270446	-0.58979666	-0.07693
179595414842952	0.19782001	-0.5885756	-0.08303556
179595422342952	0.17706113	-0.58247	-0.09036223
179595524533889	0.18438779	-0.5702589	-0.10745778
179595532033889	0.17828223	-0.5653745	-0.123332225
179595539533889	0.19537778	-0.5519422	-0.13798556
179595547033889	0.23201112	-0.53851	-0.15996556
179595554533889	0.23933779	-0.5372889	-0.17706113
179595562033889	0.22224224	-0.5287411	-0.18316667
179595569533889	0.19049335	-0.5238567	-0.19293556
179595577033889	0.15386	-0.50798225	-0.20270446
179595584533889	0.10379445	-0.5030978	-0.21491556
179595592033889	0.09036223	-0.4933289	-0.22590557
179595599533889	0.09280445	-0.4908867	-0.23079
179595607033889	0.08669889	-0.48356003	-0.23567446
179595614533889	0.09280445	-0.46402225	-0.23323223
179595622033889	0.09646778	-0.45547447	-0.2295689
179595629533889	0.07326667	-0.44326335	-0.24055889
179595637033889	0.06594	-0.4261678	-0.23201112
179595644533889	0.04151778	-0.40907225	-0.23567446
179595652033889	-0.019537779	-0.4041878	-0.24178001
179595659533889	-0.10013112	-0.39564002	-0.24178001
179595667033889	-0.16118668	-0.37488112	-0.23079
179595674533889	-0.16851334	-0.35778558	-0.21735778
179595682033889	-0.13432223	-0.3504589	-0.21613668
179595689533889	-0.106236674	-0.31993112	-0.2075889
179595697033889	-0.10501556	-0.29306668	-0.19537778
179595704533889	-0.11234222	-0.26498112	-0.19171445
179595712033889	-0.11478445	-0.2283478	-0.18927222
179595719533889	-0.13676445	-0.20148334	-0.17706113
179595727033889	-0.17584	-0.17584	-0.16729222
179595734533889	-0.19782001	-0.14897557	-0.14042778
179595742033889	-0.22468445	-0.12455334	-0.11844778
179595749533889	-0.28940335	-0.10379445	-0.10135223
179595757033889	-0.32970002	-0.07570889	-0.07204556
179595764533889	-0.3370267	-0.042738892	-0.054950003
179595772033889	-0.31504667	-0.009768889	-0.045181114
179595779533889	-0.2942878	0.015874445	-0.02075889
179595787033889	-0.2613178	0.05617111	-0.0024422223
179595794533889	-0.25521225	0.08303556	0.0036633336
179595802033889	-0.29184556	0.10501556	0.034191113
179595809533889	-0.31016225	0.11356334	0.058613338
179595911754097	-0.29673	0.12211112	0.06960334
179595911835920	-0.26864445	0.12455334	0.06716111
179595916617430	-0.20148334	0.11356334	0.07693
179595924117430	-0.13676445	0.11478445	0.08303556
179595931617430	-0.15508112	0.11966889	0.06716111
179595939117430	-0.20270446	0.11234222	0.05006556
179595946617430	-0.21980001	0.117226675	0.026864445
179595954117430	-0.2075889	0.11356334	-0.017095556
179595972749774	-0.15752333	0.11844778	-0.05006556
179595983136649	-0.028085556	0.1306589	-0.057392225
179595976617430	0.2515489	0.117226675	-0.04029667
179595984117430	0.4701278	0.14164889	-0.06960334
179596012112639	0.59468114	0.13798556	-0.07448778
179595999117430	0.6887067	0.13676445	-0.14409111
179596030716232	0.8218078	0.12699556	-0.19537778
179596041467691	1.6753645	0.14653334	-0.15019667
179596049221285	2.5875347	0.21735778	-0.23323223
179596029117430	2.691329	0.21735778	-0.28818223
179596036617430	2.2053268	0.16851334	-0.26376
179596044117430	1.7315357	0.11478445	-0.21980001
179596051617430	1.4677756	0.085477784	-0.24544334
179596059117430	1.3676445	0.06105556	-0.2503278
179596066617430	1.2235534	0.03174889	-0.30283555
179596074117430	0.9927634	-0.028085556	-0.32725778
179596081617430	0.7973856	-0.089141116	-0.30894113
179596089117430	0.5971234	-0.14042778	-0.29673
179596096617430	0.3931978	-0.19782001	-0.30161446
179596104117430	0.25399113	-0.24910668	-0.30772
179596111617430	0.1746189	-0.31016225	-0.29917222
179596119117430	0.13188	-0.3712178	-0.29306668
179596126617430	0.123332225	-0.42006224	-0.29184556
179596134117430	0.106236674	-0.4689067	-0.29184556
179596141617430	0.046402223	-0.51775116	-0.30283555
179596149117430	-0.051286668	-0.56049	-0.3052778
179596156617430	-0.14409111	-0.60445005	-0.29917222
179596164117430	-0.17950334	-0.6435256	-0.27719223
179596171617430	-0.17217667	-0.6581789	-0.25765446
179596179117430	-0.14653334	-0.67039	-0.22590557
179596186617430	-0.15019667	-0.68504333	-0.18194556
179596194117430	-0.16607112	-0.6984756	-0.15874445
179596201617430	-0.20881	-0.7131289	-0.14164889
179596209117430	-0.24910668	-0.72411895	-0.13310112
179596216617430	-0.25277	-0.73633003	-0.13920668
179596224117430	-0.19782001	-0.72900337	-0.16118668
179596231617430	-0.10135223	-0.71435004	-0.1856089
179596239117430	-0.0036633336	-0.69603336	-0.21613668
179596246617430	0.07326667	-0.68260115	-0.24788557
179596348485034	0.12821667	-0.6655056	-0.28085557
179596355985034	0.17217667	-0.65085226	-0.31138334
179596363485034	0.20148334	-0.6252089	-0.34679556
179596370985034	0.22346334	-0.59956557	-0.3858711
179596378485034	0.24666445	-0.58124894	-0.40907225
179596385985034	0.2759711	-0.56659555	-0.43105224
179596393485034	0.30039334	-0.5507211	-0.45181113
179596400985034	0.33214223	-0.5262989	-0.46402225
179596408485034	0.35290113	-0.51164556	-0.46158
179596415985034	0.3260367	-0.5030978	-0.4591378
179596423485034	0.27108666	-0.49455002	-0.45059
179596430985034	0.20514667	-0.48844448	-0.44326335
179596438485034	0.14653334	-0.4933289	-0.43349445
179596445985034	0.10745778	-0.49699223	-0.4261678
179596453485034	0.06716111	-0.49455002	-0.41762
179596460985034	0.014653334	-0.4933289	-0.40907225
179596468485034	-0.042738892	-0.48722336	-0.39686114
179596475985034	-0.089141116	-0.49943447	-0.3809867
179596483485034	-0.123332225	-0.5018767	-0.36389112
179596490985034	-0.13554333	-0.48356003	-0.35900667
179596498485034	-0.12577444	-0.47257003	-0.34801668
179596505985034	-0.09402556	-0.46280113	-0.3382478
179596513485034	-0.059834447	-0.45547447	-0.3260367
179596520985034	-0.029306669	-0.4371578	-0.32359445
179596528485034	-0.01099	-0.42983112	-0.32359445
179596535985034	-0.017095556	-0.42006224	-0.32725778
179596543485034	-0.02075889	-0.40907225	-0.3382478
179596550985034	-0.015874445	-0.39075556	-0.35656446
179596558485034	-0.029306669	-0.37610224	-0.3724389
179596565985034	-0.06105556	-0.36877558	-0.39686114
179596573485034	-0.117226675	-0.37488112	-0.4273889
179596580985034	-0.15019667	-0.35778558	-0.4701278
179596588485034	-0.1965989	-0.35290113	-0.49943447
179596595985034	-0.23689556	-0.34801668	-0.5324045
179596603485034	-0.26376	-0.32970002	-0.5653745
179596610985034	-0.25765446	-0.30772	-0.58491224
179596618485034	-0.23933779	-0.2869611	-0.6056711
179596625985034	-0.21247335	-0.26376	-0.61544
179596633485034	-0.19049335	-0.23689556	-0.6288723
179596640985034	-0.17217667	-0.20270446	-0.6349778
179596648485034	-0.15630223	-0.18438779	-0.6459678
179596655985034	-0.13432223	-0.17095557	-0.6581789
179596663485034	-0.106236674	-0.15386	-0.66306335
179596670985034	-0.089141116	-0.14164889	-0.6667267
179596678485034	-0.078151114	-0.13432223	-0.6752745
179596685985034	-0.07326667	-0.123332225	-0.6752745
179596788618524	-0.07693	-0.10867889	-0.6789378
179596796118524	-0.045181114	-0.09036223	-0.6777167
179596803618524	0.012211111	-0.06349778	-0.6838223
179596811118524	0.06105556	-0.05250778	-0.6887067
179596818618524	0.10013112	-0.037854444	-0.69237006
179596826118524	0.14409111	-0.019537779	-0.6972545
179596833618524	0.18927222	-0.007326667	-0.70336
179596841118524	0.21735778	-0.0012211112	-0.70946556
179596848618524	0.22468445	0.01099	-0.72411895
179596856118524	0.21247335	0.018316668	-0.73633003
179596863618524	0.19782001	0.014653334	-0.7424356
179596871118524	0.16973445	0.017095556	-0.74121445
179596878618524	0.14164889	0.009768889	-0.74609894
179596886118524	0.13310112	-0.0061055557	-0.7424356
179596893618524	0.11600556	-0.008547778	-0.74121445
179596901118524	0.09768889	0.0	-0.75098336
179596908618524	0.08059334	-0.0012211112	-0.7570889
179596916118524	0.07448778	0.0	-0.75953114
179596923618524	0.07937223	0.0024422223	-0.76441556
179596931118524	0.078151114	0.0061055557	-0.75953114
179596938618524	0.06105556	0.018316668	-0.7631945
179596946118524	0.04029667	0.014653334	-0.76441556
179596953618524	0.018316668	0.015874445	-0.7680789
179596961118524	0.013432222	0.02198	-0.7766267
179596968618524	0.007326667	0.018316668	-0.7900589
179596976118524	-0.0024422223	0.013432222	-0.7973856
179596983618524	0.0024422223	0.0036633336	-0.80227005
179596991118524	0.018316668	-0.0024422223	-0.8120389
179596998618524	0.046402223	-0.0036633336	-0.8303556
179597006118524	0.09280445	-0.012211111	-0.84623003
179597074365190	0.17095557	-0.01099	-0.86576784
179597021118524	0.24910668	-0.018316668	-0.8767578
179597028618524	0.33336335	-0.02198	-0.8816423
179597036118524	0.40663	-0.018316668	-0.8914111
179597043618524	0.4689067	-0.013432222	-0.8950745
179597051118524	0.5360678	-0.0048844446	-0.8962956
179597058618524	0.60933447	0.0	-0.89385337
179597066118524	0.67283225	0.013432222	-0.89019006
179597073618524	0.7070234	0.02198	-0.88896894
179597081118524	0.7265611	0.03174889	-0.88042116
179597088618524	0.7619734	0.037854444	-0.8767578
179597096118524	0.8071545	0.037854444	-0.8755367
179597103618524	0.86088336	0.042738892	-0.8669889
179597111118524	0.89385337	0.04151778	-0.86088336
179597118618524	0.9060645	0.036633335	-0.85111445
179597245538680	0.9268234	0.034191113	-0.8315767
179597246499513	0.94391894	0.03174889	-0.8095967
179597247310972	0.9329289	0.017095556	-0.7815111
179597247450972	0.93415004	0.015874445	-0.7619734
179597252372638	0.9292656	0.0	-0.7314456
179597266030138	0.9463611	-0.01099	-0.70580226
179597270786284	0.9842156	-0.014653334	-0.6874856
179597282066701	1.0086378	-0.014653334	-0.6655056
179597282372638	1.02207	-0.029306669	-0.6435256
179597289872638	1.0355023	-0.037854444	-0.6252089
179597297372638	1.0355023	-0.04151778	-0.60933447
179597304872638	1.0306178	-0.045181114	-0.5910178
179597312372638	1.0293967	-0.036633335	-0.58247
179597319872638	1.0342811	-0.03297	-0.5775856
179597327372638	1.0391656	-0.034191113	-0.5702589
179597334872638	1.0428289	-0.018316668	-0.55316335
179597342372638	1.0342811	-0.009768889	-0.5372889
179597349872638	1.0196278	0.0048844446	-0.5262989
179597357372638	1.0037534	0.013432222	-0.5104245
179597364872638	0.98055226	0.03052778	-0.5006556
179597408818836	0.9500245	0.04396	-0.48478112
179597423818836	0.9268234	0.06227667	-0.4701278
179597428407638	0.89263225	0.09524667	-0.4591378
179597394872638	0.8547778	0.11112112	-0.45303226
179597402372638	0.8230289	0.12455334	-0.4383789
179597409872638	0.80593336	0.14042778	-0.43105224
179597417372638	0.8034911	0.15996556	-0.42250445
179597424872638	0.7998278	0.17950334	-0.41395667
179597432372638	0.80593336	0.1965989	-0.40663
179597439872638	0.8169234	0.21003112	-0.39930335
179597447372638	0.8437878	0.2185789	-0.3944189
179597454872638	0.88042116	0.24055889	-0.39686114
179597462372638	0.9292656	0.2515489	-0.39564002
179597469872638	0.9878789	0.28329778	-0.4041878
179597477372638	1.0428289	0.29184556	-0.40663
179597484872638	1.1173167	0.31504667	-0.41762
179597492372638	1.21989	0.3260367	-0.42372558
179597499872638	1.3346745	0.3382478	-0.4371578
179597507372638	1.4775445	0.36755446	-0.46035892
179597514872638	1.6094245	0.39686114	-0.48356003
179597522372638	1.73642	0.4383789	-0.5092034
179597529872638	1.8389934	0.46646446	-0.53484666
179597537372638	1.9574412	0.5006556	-0.5580478
179597544872638	2.0844367	0.5189722	-0.5922389
179597552372638	2.2175379	0.5470578	-0.61788225
179597559872638	2.31889	0.58491224	-0.6520734
179597567372638	2.40681	0.6105556	-0.68138003
179597574872638	2.4861822	0.6325356	-0.7106867
179597676316180	2.559449	0.65085226	-0.73999333
179597683816180	2.6632435	0.6801589	-0.7656367
179597693490451	2.75849	0.72778225	-0.7986067
179597703093992	2.8268723	0.76075226	-0.8169234
179597718093992	2.8928123	0.78761667	-0.83401895
179597722724773	2.9575312	0.79250115	-0.84745115
179597731928576	3.032019	0.7986067	-0.86576784
179597743373211	3.1004012	0.8315767	-0.8877478
179597736316180	3.1394768	0.8633256	-0.9097278
179597762436180	3.1614568	0.8743156	-0.92193896
179597751316180	3.1553512	0.9133912	-0.93537116
179597758816180	3.1040645	0.9292656	-0.9426978
179597766316180	3.0063758	0.94514006	-0.9500245
179597773816180	2.8854856	0.9646778	-0.9610145
179597781316180	2.7218568	0.9842156	-0.96956223
179597788816180	2.537469	1.0318389	-0.96956223
179597828389357	2.35186	1.05504	-0.96956223
179597838220867	2.1833467	1.0843467	-0.9842156
179597811316180	2.0453613	1.0977789	-0.9952056
179597856692846	1.8939434	1.1160955	-0.9720045
179597871692846	1.6924601	1.1563922	-0.9500245
179597833816180	1.4689968	1.1686034	-0.93415004
179597841316180	1.3053678	1.1563922	-0.93537116
179597848816180	1.1783723	1.1698245	-0.92316
179597856316180	1.0721356	1.2052367	-0.9365923
179597863816180	0.95857227	1.2333223	-0.9524667
179597871316180	0.83401895	1.2650712	-0.9646778
179597878816180	0.72900337	1.29682	-0.9744467
179597886316180	0.61544	1.2992623	-0.96956223
179597893816180	0.50676113	1.2919356	-0.9597934
179597901316180	0.41029334	1.2919356	-0.9378134
179597908816180	0.3309211	1.2870512	-0.9097278
179597916316180	0.19171445	1.29682	-0.8877478
179597923816180	0.012211111	1.2931567	-0.8816423
179597931316180	-0.17828223	1.2687345	-0.87920004
179597938816180	-0.3284789	1.2369856	-0.87920004
179597946316180	-0.40540892	1.2357645	-0.8718734
179597953816180	-0.40663	1.2528601	-0.8584412
179597961316180	-0.2295689	1.2589656	-0.8767578
179597968816180	0.24300112	1.3004833	-0.9170545
179597976316180	0.7888378	1.4006145	-0.95735115
179597983816180	0.9378134	1.3969512	-0.97811
179597991316180	0.68626446	1.3065889	-0.97933114
179597998816180	0.14287001	1.2064579	-0.85111445
179598006316180	-0.6142189	1.0416079	-0.7351089
179598107350867	-1.0196278	0.9085067	-0.7131289
179598114850867	-1.0513767	0.8865267	-0.64963114
179598122350867	-1.1246433	0.84623003	-0.5507211
179598129850867	-1.3175789	0.74976224	-0.5128667
179598137350867	-1.405499	0.66062117	-0.47257003
179598144850867	-1.32979	0.61788225	-0.37976557
179598152350867	-1.1661612	0.58979666	-0.28818223
179598159850867	-0.94391894	0.5739222	-0.21125223
179598167350867	-0.6447467	0.58613336	-0.15386
179598174850867	-0.33336335	0.6325356	-0.09646778
179598182350867	-0.15508112	0.6581789	-0.047623336
179598189850867	-0.12089001	0.66428447	-0.03174889
179598197350867	-0.15874445	0.61788225	-0.070824444
179598204850867	-0.07937223	0.6105556	-0.12699556
179598212350867	0.037854444	0.6068922	-0.21125223
179598219850867	0.14409111	0.58613336	-0.3162678
179598227350867	0.29306668	0.5702589	-0.42006224
179598234850867	0.5189722	0.5592689	-0.5482789
179598242350867	0.78761667	0.58613336	-0.6618422
179598249850867	0.9854367	0.59590226	-0.7167922
179598302463940	1.0147433	0.58613336	-0.7326667
179598305881805	0.84623003	0.54461557	-0.7204556
179598272350867	0.54950005	0.46402225	-0.69481224
179598279850867	0.3724389	0.38220778	-0.6679478
179598287350867	0.3931978	0.36877558	-0.63986224
179598294850867	0.5018767	0.40174556	-0.6117767
179598302350867	0.5519422	0.44570556	-0.56171113
179598366227742	0.5238567	0.49699223	-0.5153089
179598317350867	0.44570556	0.5519422	-0.48356003
179598387139252	0.3370267	0.60445005	-0.44448447
179598332350867	0.19049335	0.63619894	-0.4041878
179598339850867	0.02198	0.6667267	-0.36511225
179598347350867	-0.15508112	0.6789378	-0.35534334
