260636711254	-4.9292145	-1.3399807	8.618947
260651711254	-4.924429	-1.3543376	8.645268
260655740109	-4.9340005	-1.3567305	8.652447
260666806723	-4.9172506	-1.3399807	8.657232
260675316046	-4.9172506	-1.3447664	8.630911
260690316046	-4.9316072	-1.3639089	8.633304
260705316046	-4.9052863	-1.3567305	8.633304
260720316046	-4.914858	-1.3591232	8.606983
260735316046	-4.9196434	-1.3543376	8.645268
260750316046	-4.9196434	-1.3495519	8.666803
260765316046	-4.881358	-1.3208381	8.666803
260780316046	-4.910072	-1.3208381	8.640483
260795316046	-4.9316072	-1.3471591	8.630911
260810316046	-4.922036	-1.3495519	8.626125
260825316046	-4.907679	-1.3686945	8.628518
260840316046	-4.9172506	-1.3471591	8.630911
260855316046	-4.922036	-1.3351951	8.633304
260870316046	-4.912465	-1.3519448	8.635697
260885316046	-4.912465	-1.3375878	8.645268
260900316046	-4.924429	-1.3663018	8.623733
260915316046	-4.912465	-1.3686945	8.633304
260930316046	-4.907679	-1.3782659	8.652447
260945316046	-4.912465	-1.3854443	8.63809
260960316046	-4.9052863	-1.3567305	8.652447
260975316046	-4.910072	-1.3782659	8.628518
260990316046	-4.9028935	-1.3591232	8.63809
261005316046	-4.9172506	-1.3591232	8.626125
261020316046	-4.9196434	-1.3710874	8.647661
261034596931	-4.924429	-1.3375878	8.623733
261044629640	-4.9196434	-1.3375878	8.642876
261056699223	-4.9196434	-1.3399807	8.666803
261067168233	-4.9052863	-1.3399807	8.673982
261080026775	-4.9292145	-1.3710874	8.678768
261085306411	-4.9196434	-1.3782659	8.666803
261096876098	-4.910072	-1.402194	8.666803
261103616619	-4.883751	-1.3663018	8.659625
261112253598	-4.895715	-1.3543376	8.642876
261123986567	-4.910072	-1.3423735	8.652447
261138986567	-4.9172506	-1.3447664	8.63809
261153389483	-4.895715	-1.3375878	8.671589
261165030108	-4.8861437	-1.3663018	8.652447
261180030108	-4.9172506	-1.3710874	8.652447
261186750421	-4.895715	-1.3830515	8.664411
261190482400	-4.8861437	-1.3686945	8.678768
261205482400	-4.9028935	-1.3495519	8.673982
261212278181	-4.9052863	-1.3567305	8.6548395
261215978858	-4.910072	-1.3591232	8.642876
261227164275	-4.8861437	-1.3663018	8.611769
261236311306	-4.883751	-1.3399807	8.623733
261247995265	-4.9172506	-1.3495519	8.618947
261256185317	-4.9316072	-1.3351951	8.6548395
261263922348	-4.9292145	-1.3328022	8.642876
261274789952	-4.938786	-1.3447664	8.618947
261282751202	-4.900501	-1.3543376	8.633304
261293158233	-4.907679	-1.3495519	8.669196
261305305473	-4.900501	-1.3639089	8.657232
261313196254	-4.900501	-1.3806586	8.673982
261324663129	-4.9052863	-1.3854443	8.6548395
261329451463	-4.8861437	-1.3830515	8.669196
261339315785	-4.9052863	-1.3710874	8.671589
261349941567	-4.912465	-1.3854443	8.650054
261359409952	-4.9028935	-1.3495519	8.6548395
261370237608	-4.895715	-1.3471591	8.657232
261380129587	-4.907679	-1.3710874	8.630911
261386851983	-4.941179	-1.3495519	8.633304
261396313025	-4.900501	-1.3375878	8.62134
261409341515	-4.900501	-1.3591232	8.609376
261424341515	-4.912465	-1.3734802	8.635697
261439341515	-4.8933225	-1.3615161	8.626125
261454341515	-4.914858	-1.3639089	8.606983
261469341515	-4.8885365	-1.3663018	8.590233
261484341515	-4.900501	-1.3615161	8.618947
261494438285	-4.895715	-1.3806586	8.623733
261500381202	-4.881358	-1.3399807	8.635697
261505522712	-4.8933225	-1.3519448	8.645268
261520522712	-4.910072	-1.3734802	8.626125
261527429379	-4.912465	-1.3543376	8.60459
261532218754	-4.9172506	-1.3615161	8.616554
261539163494	-4.9340005	-1.3471591	8.640483
261550121775	-4.9172506	-1.3615161	8.63809
261560310265	-4.922036	-1.3663018	8.626125
261569263754	-4.9363933	-1.375873	8.657232
261584263754	-4.924429	-1.3304094	8.626125
261595072504	-4.922036	-1.3710874	8.635697
261603989223	-4.924429	-1.3830515	8.611769
261612704171	-4.9052863	-1.3782659	8.645268
261618192296	-4.9028935	-1.3998013	8.618947
261633192296	-4.8933225	-1.3591232	8.62134
261637166358	-4.8885365	-1.3686945	8.626125
261652166358	-4.883751	-1.3567305	8.595019
261667166358	-4.883751	-1.3543376	8.592627
261672004379	-4.910072	-1.3734802	8.60459
261674247660	-4.9172506	-1.3663018	8.645268
261689247660	-4.898108	-1.3567305	8.618947
261696285473	-4.924429	-1.3447664	8.6141615
261707119483	-4.9172506	-1.3280165	8.635697
261710774483	-4.9316072	-1.3399807	8.635697
261725774483	-4.9268217	-1.3639089	8.630911
261740774483	-4.9316072	-1.3375878	8.676374
261743964431	-4.912465	-1.3471591	8.642876
261751395108	-4.9316072	-1.3399807	8.618947
261764550837	-4.9028935	-1.3471591	8.62134
261774247400	-4.8646083	-1.3375878	8.616554
261785376723	-4.8598228	-1.3351951	8.58784
261791796671	-4.895715	-1.3040884	8.618947
261805924119	-4.895715	-1.3136597	8.626125
261811943285	-4.8933225	-1.3208381	8.645268
261824429900	-4.8861437	-1.3375878	8.647661
261839429900	-4.8909297	-1.3399807	8.664411
261853804275	-4.900501	-1.3471591	8.623733
261863389327	-4.900501	-1.3447664	8.60459
261863526462	-4.9268217	-1.3375878	8.60459
261871705056	-4.9435716	-1.3232309	8.616554
261879087869	-4.924429	-1.3351951	8.630911
261894087869	-4.948357	-1.3567305	8.633304
261909087869	-4.922036	-1.3543376	8.635697
261917704327	-4.9172506	-1.3543376	8.62134
261932704327	-4.910072	-1.3519448	8.642876
261937363962	-4.8885365	-1.3806586	8.597412
261937423025	-4.912465	-1.3734802	8.60459
261951344066	-4.910072	-1.3399807	8.60459
261951635525	-4.912465	-1.3567305	8.6141615
261966635525	-4.9196434	-1.3328022	8.616554
261981635525	-4.910072	-1.3160524	8.599805
261984904119	-4.910072	-1.3447664	8.633304
261988371671	-4.912465	-1.3567305	8.628518
262003371671	-4.900501	-1.3423735	8.642876
262018371671	-4.8861437	-1.3519448	8.6548395
262033371671	-4.9028935	-1.3639089	8.652447
262048371671	-4.9052863	-1.3686945	8.597412
262050719379	-4.922036	-1.3710874	8.575876
262065719379	-4.922036	-1.3519448	8.580662
262071514327	-4.9435716	-1.3304094	8.590233
262086514327	-4.9435716	-1.3471591	8.623733
262090573077	-4.9340005	-1.375873	8.640483
262105573077	-4.9196434	-1.3615161	8.633304
262119296462	-4.9196434	-1.3854443	8.626125
262119389796	-4.938786	-1.3663018	8.626125
262124865941	-4.924429	-1.39023	8.62134
262139865941	-4.8933225	-1.375873	8.630911
262146173598	-4.8861437	-1.3423735	8.630911
262158221618	-4.883751	-1.3375878	8.626125
262173221618	-4.883751	-1.3399807	8.626125
262174969587	-4.8933225	-1.3543376	8.642876
262188054535	-4.900501	-1.3328022	8.657232
262194158910	-4.9028935	-1.3184453	8.635697
262205105629	-4.8933225	-1.3399807	8.628518
262213377973	-4.9196434	-1.3686945	8.652447
262225767608	-4.8885365	-1.3495519	8.640483
262234838754	-4.9028935	-1.3519448	8.650054
262241892764	-4.8933225	-1.3256238	8.650054
262256892764	-4.9196434	-1.3375878	8.650054
262271892764	-4.9028935	-1.3519448	8.628518
262286892764	-4.907679	-1.3495519	8.623733
262301892764	-4.907679	-1.3423735	8.628518
262312586775	-4.912465	-1.3328022	8.628518
262312679952	-4.9172506	-1.3232309	8.640483
262316766358	-4.9172506	-1.308874	8.647661
262325237504	-4.9268217	-1.3184453	8.618947
262340237504	-4.924429	-1.3471591	8.609376
262355237504	-4.907679	-1.3519448	8.618947
262360549170	-4.914858	-1.3567305	8.630911
262365689275	-4.924429	-1.3519448	8.616554
262380689275	-4.9316072	-1.3375878	8.609376
262389829223	-4.914858	-1.3351951	8.60459
262402311410	-4.924429	-1.3495519	8.599805
262409032712	-4.9196434	-1.3471591	8.590233
262415545316	-4.9196434	-1.3471591	8.597412
262425040577	-4.9196434	-1.3806586	8.623733
262433871827	-4.912465	-1.3519448	8.628518
262438026045	-4.907679	-1.3782659	8.652447
262453026045	-4.8861437	-1.375873	8.645268
262466529483	-4.8885365	-1.3399807	8.645268
262478669691	-4.914858	-1.3375878	8.602198
262483274379	-4.910072	-1.3543376	8.62134
262489645681	-4.9316072	-1.3423735	8.642876
262493778702	-4.9292145	-1.3471591	8.673982
262508778702	-4.922036	-1.375873	8.659625
262516833545	-4.8933225	-1.3495519	8.618947
262530827504	-4.895715	-1.3806586	8.626125
262535911514	-4.8933225	-1.3471591	8.602198
262546032920	-4.922036	-1.3830515	8.6141615
262554481775	-4.907679	-1.39023	8.630911
262565875525	-4.8885365	-1.3782659	8.611769
262575143025	-4.8885365	-1.39023	8.6141615
262585504066	-4.8789654	-1.3471591	8.609376
262593148754	-4.881358	-1.3399807	8.606983
262602671306	-4.8861437	-1.375873	8.618947
262613663493	-4.900501	-1.3806586	8.599805
262624504900	-4.924429	-1.3519448	8.599805
262632191202	-4.938786	-1.3471591	8.611769
262638932868	-4.9531426	-1.3495519	8.628518
262653932868	-4.9292145	-1.3567305	8.618947
262668932868	-4.924429	-1.3663018	8.606983
262677754639	-4.9340005	-1.3639089	8.606983
262681806618	-4.912465	-1.3615161	8.635697
262687165941	-4.922036	-1.3591232	8.650054
262699047504	-4.912465	-1.3615161	8.642876
262706982087	-4.8861437	-1.3280165	8.6548395
262718215629	-4.8909297	-1.3280165	8.657232
262731915108	-4.898108	-1.3495519	8.666803
262745510472	-4.8933225	-1.3663018	8.633304
262760510472	-4.8933225	-1.3639089	8.626125
262775510472	-4.8933225	-1.3710874	8.630911
262790510472	-4.9172506	-1.3447664	8.62134
262805510472	-4.9052863	-1.3567305	8.60459
262820510472	-4.9052863	-1.3495519	8.647661
262825967087	-4.883751	-1.3734802	8.642876
262840967087	-4.8861437	-1.3399807	8.63809
262852871827	-4.898108	-1.3639089	8.642876
262867871827	-4.9172506	-1.375873	8.6548395
262882871827	-4.9172506	-1.3543376	8.63809
262887438858	-4.898108	-1.3639089	8.626125
262899979587	-4.9316072	-1.3639089	8.626125
262909213858	-4.922036	-1.375873	8.623733
262922826879	-4.9435716	-1.3782659	8.585447
262922903701	-4.922036	-1.3639089	8.595019
262931639483	-4.9196434	-1.3447664	8.626125
262935579899	-4.9340005	-1.3471591	8.633304
262950579899	-4.9268217	-1.3591232	8.633304
262958702712	-4.9435716	-1.3639089	8.630911
262970756097	-4.910072	-1.3447664	8.618947
262979365160	-4.9196434	-1.3471591	8.611769
262994365160	-4.910072	-1.3639089	8.611769
263007338545	-4.910072	-1.3615161	8.611769
263007433129	-4.9292145	-1.3447664	8.635697
263021513076	-4.912465	-1.3543376	8.6548395
263030605993	-4.9196434	-1.3543376	8.618947
263038379326	-4.914858	-1.3519448	8.616554
263044846254	-4.895715	-1.3351951	8.630911
263058972243	-4.895715	-1.3375878	8.623733
263073972243	-4.895715	-1.3615161	8.618947
263088972243	-4.900501	-1.3686945	8.609376
263093607712	-4.900501	-1.3543376	8.592627
263096607972	-4.881358	-1.3519448	8.623733
263099581618	-4.9292145	-1.3447664	8.623733
263109194691	-4.9292145	-1.3351951	8.630911
263120286253	-4.910072	-1.3663018	8.62134
263129381670	-4.922036	-1.375873	8.60459
263142199326	-4.924429	-1.3615161	8.628518
263157199326	-4.9292145	-1.3663018	8.635697
263166787347	-4.910072	-1.3447664	8.62134
263171256410	-4.912465	-1.3399807	8.650054
263185622035	-4.9052863	-1.3686945	8.616554
263191152503	-4.9052863	-1.3806586	8.626125
263205307764	-4.910072	-1.3710874	8.599805
263211918285	-4.9172506	-1.3686945	8.609376
263221002191	-4.924429	-1.3519448	8.645268
263226597451	-4.924429	-1.3615161	8.623733
263237782868	-4.9268217	-1.3686945	8.609376
263241376514	-4.912465	-1.3782659	8.635697
263256376514	-4.910072	-1.3686945	8.602198
263267344483	-4.9028935	-1.3471591	8.60459
263282344483	-4.9172506	-1.3734802	8.606983
263297344483	-4.924429	-1.3639089	8.597412
263302282399	-4.912465	-1.3591232	8.611769
263305627503	-4.9340005	-1.3639089	8.633304
263309519795	-4.924429	-1.3495519	8.623733
263318662712	-4.9459643	-1.3543376	8.633304
263327612712	-4.924429	-1.3471591	8.63809
263338920889	-4.922036	-1.3663018	8.6548395
263347629170	-4.924429	-1.3471591	8.635697
263361019014	-4.912465	-1.3399807	8.623733
263376019014	-4.924429	-1.3686945	8.63809
263391019014	-4.924429	-1.3495519	8.63809
263399045889	-4.9316072	-1.3447664	8.628518
263404279378	-4.9172506	-1.3471591	8.62134
263408683285	-4.922036	-1.3256238	8.62134
263414321774	-4.9531426	-1.3519448	8.6141615
263424002660	-4.9172506	-1.3830515	8.628518
263434917295	-4.9028935	-1.39023	8.616554
263445086670	-4.8909297	-1.3639089	8.628518
263460086670	-4.8861437	-1.3399807	8.63809
263472096566	-4.855037	-1.3304094	8.63809
263479930264	-4.883751	-1.3375878	8.633304
263482863858	-4.9172506	-1.3399807	8.616554
263490575420	-4.9292145	-1.3351951	8.602198
263504472035	-4.9292145	-1.3256238	8.597412
263509345837	-4.9196434	-1.3375878	8.597412
263518929326	-4.895715	-1.3471591	8.618947
263532731097	-4.8909297	-1.3447664	8.640483
263538869274	-4.898108	-1.3543376	8.62134
263553869274	-4.9052863	-1.3567305	8.633304
263568869274	-4.8933225	-1.3543376	8.623733
263578855003	-4.907679	-1.3399807	8.635697
263580243545	-4.900501	-1.375873	8.616554
263595243545	-4.895715	-1.3734802	8.647661
263606716670	-4.914858	-1.3830515	8.626125
263611416305	-4.9268217	-1.3830515	8.616554
263626416305	-4.9196434	-1.3854443	8.602198
263641416305	-4.9172506	-1.3495519	8.571091
263651050107	-4.907679	-1.3280165	8.611769
263658772347	-4.9052863	-1.3447664	8.640483
263665195316	-4.8909297	-1.3519448	8.628518
263665353545	-4.9052863	-1.3328022	8.616554
263680191357	-4.912465	-1.3399807	8.633304
263688166982	-4.912465	-1.3495519	8.633304
263699396826	-4.910072	-1.3447664	8.630911
263707307555	-4.8909297	-1.3351951	8.609376
263719084951	-4.898108	-1.3471591	8.623733
263722347087	-4.900501	-1.3806586	8.623733
263730418024	-4.8885365	-1.3710874	8.647661
263745418024	-4.8693943	-1.3710874	8.623733
263756962555	-4.8909297	-1.3639089	8.633304
263762299639	-4.9052863	-1.3543376	8.609376
263769907243	-4.9028935	-1.3567305	8.6141615
263782394482	-4.9052863	-1.3399807	8.628518
263786249847	-4.910072	-1.3519448	8.618947
263796885941	-4.922036	-1.3615161	8.630911
263806469170	-4.910072	-1.3543376	8.652447
263817118962	-4.910072	-1.3519448	8.671589
263824847399	-4.900501	-1.375873	8.650054
263835878493	-4.8765726	-1.3615161	8.652447
263849247139	-4.881358	-1.3471591	8.609376
263864247139	-4.883751	-1.3639089	8.595019
263879247139	-4.895715	-1.3591232	8.606983
263894247139	-4.910072	-1.3686945	8.635697
263900401618	-4.912465	-1.3854443	8.650054
263900492451	-4.914858	-1.3854443	8.657232
263906408389	-4.922036	-1.3591232	8.626125
263921408389	-4.9268217	-1.3519448	8.652447
263931637503	-4.912465	-1.3423735	8.62134
263931737347	-4.924429	-1.3495519	8.647661
263946737347	-4.907679	-1.3543376	8.642876
263957340212	-4.922036	-1.3543376	8.630911
263972340212	-4.9028935	-1.3423735	8.645268
263973710003	-4.900501	-1.3423735	8.63809
263988710003	-4.914858	-1.3328022	8.640483
264003710003	-4.881358	-1.3591232	8.630911
264010301722	-4.8885365	-1.3423735	8.650054
264010564014	-4.87418	-1.3232309	8.630911
264025564014	-4.881358	-1.3567305	8.618947
264029018180	-4.8885365	-1.3256238	8.635697
264044018180	-4.900501	-1.3567305	8.62134
264050197086	-4.914858	-1.3543376	8.606983
264065197086	-4.922036	-1.3351951	8.611769
264069797139	-4.9435716	-1.3304094	8.650054
264079114118	-4.924429	-1.3280165	8.609376
264088063805	-4.910072	-1.3447664	8.630911
264097971878	-4.900501	-1.3423735	8.647661
264101979326	-4.912465	-1.3375878	8.640483
264116979326	-4.9172506	-1.3686945	8.640483
264127640993	-4.9052863	-1.3782659	8.647661
264135188389	-4.900501	-1.3567305	8.62134
264150188389	-4.9052863	-1.3615161	8.628518
264153588180	-4.895715	-1.3639089	8.6548395
264162904118	-4.8765726	-1.3686945	8.657232
264169617399	-4.898108	-1.3591232	8.652447
264184617399	-4.912465	-1.3447664	8.657232
264192910055	-4.900501	-1.3734802	8.652447
264196248232	-4.9028935	-1.3639089	8.642876
264208267399	-4.8861437	-1.3734802	8.6548395
264220302451	-4.8933225	-1.3495519	8.618947
264235302451	-4.9028935	-1.3543376	8.62134
264250302451	-4.8909297	-1.3447664	8.606983
264265302451	-4.912465	-1.3734802	8.63809
264270837451	-4.9268217	-1.3950156	8.640483
264270936618	-4.907679	-1.3686945	8.618947
264278985784	-4.9028935	-1.3543376	8.609376
264286769430	-4.9196434	-1.3591232	8.626125
264300775159	-4.910072	-1.3591232	8.63809
264310069586	-4.9052863	-1.3447664	8.6548395
264325069586	-4.910072	-1.3447664	8.63809
264340069586	-4.9292145	-1.3471591	8.635697
264355069586	-4.9172506	-1.3471591	8.633304
264357764066	-4.924429	-1.3447664	8.659625
264357848076	-4.9196434	-1.3423735	8.645268
264372848076	-4.9052863	-1.3447664	8.628518
264387848076	-4.900501	-1.3423735	8.681161
264402848076	-4.8933225	-1.3256238	8.690732
264417848076	-4.8909297	-1.3399807	8.676374
264430719118	-4.9172506	-1.3471591	8.6548395
264430844951	-4.9268217	-1.3232309	8.645268
264430928961	-4.9196434	-1.3375878	8.635697
264432911565	-4.914858	-1.3375878	8.626125
264444061097	-4.914858	-1.3423735	8.616554
264449938961	-4.912465	-1.3591232	8.602198
264461468336	-4.8933225	-1.3136597	8.616554
264470768701	-4.8933225	-1.3375878	8.628518
264480626826	-4.8909297	-1.3256238	8.640483
264489319065	-4.900501	-1.3232309	8.650054
264496691513	-4.9316072	-1.3064811	8.628518
264509311722	-4.924429	-1.3112668	8.652447
264517404482	-4.9052863	-1.3519448	8.6548395
264529577972	-4.9459643	-1.3591232	8.633304
264536547451	-4.9292145	-1.3686945	8.6141615
264544987503	-4.9363933	-1.3495519	8.645268
264551917190	-4.938786	-1.3567305	8.633304
264562877868	-4.922036	-1.3710874	8.640483
264570359118	-4.924429	-1.3423735	8.633304
264581429430	-4.9196434	-1.3495519	8.628518
264588878440	-4.914858	-1.3615161	8.633304
264598999430	-4.910072	-1.3519448	8.640483
264613999430	-4.95075	-1.3304094	8.626125
264628999430	-4.9363933	-1.3351951	8.609376
264643999430	-4.914858	-1.3423735	8.60459
264658999430	-4.9292145	-1.3543376	8.599805
264673999430	-4.948357	-1.3351951	8.578269
264688999430	-4.938786	-1.3519448	8.606983
264703999430	-4.910072	-1.3280165	8.618947
264718999430	-4.907679	-1.3136597	8.633304
264733999430	-4.8909297	-1.3232309	8.647661
264747044274	-4.907679	-1.3280165	8.626125
264755512138	-4.9172506	-1.3375878	8.6141615
264762431565	-4.924429	-1.3495519	8.62134
264772206565	-4.9196434	-1.3375878	8.585447
264787206565	-4.9196434	-1.3567305	8.623733
264802206565	-4.910072	-1.3351951	8.647661
264816339795	-4.907679	-1.3519448	8.63809
264819486670	-4.8885365	-1.3495519	8.630911
264820675367	-4.9028935	-1.3351951	8.626125
264823764482	-4.9268217	-1.3519448	8.642876
264838764482	-4.907679	-1.3328022	8.62134
264851133284	-4.9196434	-1.3519448	8.628518
264851236774	-4.9316072	-1.3710874	8.63809
264862138388	-4.9268217	-1.3663018	8.645268
264867322659	-4.9196434	-1.3782659	8.623733
264882322659	-4.910072	-1.375873	8.60459
264887458857	-4.910072	-1.3663018	8.62134
264897387919	-4.900501	-1.3710874	8.628518
264906837867	-4.914858	-1.3615161	8.623733
264921453388	-4.895715	-1.3686945	8.616554
264925850940	-4.895715	-1.3304094	8.609376
264938060003	-4.898108	-1.3423735	8.616554
264942859951	-4.9052863	-1.3519448	8.611769
264953485940	-4.912465	-1.3615161	8.616554
264967200576	-4.895715	-1.3543376	8.62134
264975720003	-4.9196434	-1.3615161	8.635697
264990720003	-4.907679	-1.3591232	8.626125
264997338857	-4.8789654	-1.3280165	8.623733
265001904169	-4.8909297	-1.3567305	8.63809
265016904169	-4.9196434	-1.3543376	8.618947
265021423180	-4.9172506	-1.3806586	8.599805
265034347607	-4.910072	-1.3806586	8.580662
265049163492	-4.9052863	-1.3591232	8.628518
265056537763	-4.912465	-1.375873	8.6141615
265066155263	-4.910072	-1.3710874	8.630911
265072467034	-4.9196434	-1.3519448	8.6548395
265080011096	-4.9268217	-1.3495519	8.63809
265092122346	-4.9268217	-1.3304094	8.630911
265096690419	-4.910072	-1.3447664	8.599805
265108345576	-4.895715	-1.3495519	8.623733
265116488805	-4.898108	-1.3280165	8.652447
265131488805	-4.898108	-1.3543376	8.645268
265145844378	-4.9268217	-1.3615161	8.652447
265159939065	-4.910072	-1.3567305	8.645268
265163377346	-4.924429	-1.3375878	8.645268
265165954586	-4.9196434	-1.3567305	8.623733
265176466774	-4.895715	-1.3591232	8.62134
265184502867	-4.900501	-1.3734802	8.6548395
265192624430	-4.9268217	-1.3351951	8.640483
265202995576	-4.924429	-1.3423735	8.652447
265217995576	-4.898108	-1.3423735	8.623733
265232995576	-4.895715	-1.3304094	8.628518
265237377555	-4.924429	-1.3351951	8.626125
265248791669	-4.922036	-1.3447664	8.623733
265255878440	-4.883751	-1.3351951	8.650054
265265054326	-4.8765726	-1.3663018	8.6141615
265271989169	-4.8861437	-1.3519448	8.606983
265286989169	-4.8909297	-1.3471591	8.609376
265292256930	-4.9028935	-1.3399807	8.630911
265296947242	-4.9196434	-1.3351951	8.628518
265308896357	-4.924429	-1.3375878	8.6141615
265321993388	-4.922036	-1.3447664	8.609376
265326508388	-4.907679	-1.3208381	8.62134
265341508388	-4.912465	-1.3423735	8.616554
265350929169	-4.9292145	-1.3328022	8.611769
265359179221	-4.9196434	-1.3375878	8.618947
265366915523	-4.907679	-1.3471591	8.616554
265375662294	-4.914858	-1.3519448	8.6141615
265386376617	-4.922036	-1.3734802	8.633304
265393601096	-4.9196434	-1.3639089	8.63809
265402681513	-4.9172506	-1.3471591	8.618947
265414222503	-4.907679	-1.3519448	8.642876
265423330680	-4.898108	-1.3471591	8.6548395
265436151357	-4.9028935	-1.3543376	8.628518
265445944638	-4.9052863	-1.3543376	8.635697
265454372555	-4.910072	-1.3519448	8.606983
265462759013	-4.9052863	-1.3471591	8.616554
265470864638	-4.895715	-1.3543376	8.597412
265480698648	-4.910072	-1.3567305	8.635697
265490826513	-4.8885365	-1.3495519	8.63809
265496895680	-4.8789654	-1.3280165	8.664411
265509088492	-4.8933225	-1.3351951	8.664411
265524088492	-4.924429	-1.3519448	8.645268
265539088492	-4.9292145	-1.3686945	8.664411
265546884013	-4.914858	-1.3423735	8.650054
265558827450	-4.922036	-1.3232309	8.640483
265561520888	-4.9340005	-1.3280165	8.6548395
265566629169	-4.9268217	-1.3423735	8.659625
265574906357	-4.907679	-1.3591232	8.640483
265584180680	-4.9052863	-1.3423735	8.635697
265594464846	-4.883751	-1.3639089	8.635697
265602545888	-4.910072	-1.3854443	8.664411
265617545888	-4.9172506	-1.3710874	8.659625
265630757034	-4.9340005	-1.3710874	8.635697
265636813700	-4.938786	-1.3830515	8.635697
265643802034	-4.9435716	-1.3830515	8.62134
265658802034	-4.9363933	-1.3495519	8.628518
265664533805	-4.895715	-1.3495519	8.640483
265674111773	-4.9196434	-1.3686945	8.647661
265678610784	-4.883751	-1.3471591	8.623733
265689697503	-4.8909297	-1.3351951	8.63809
265699293857	-4.9196434	-1.3328022	8.669196
265713941513	-4.9172506	-1.3328022	8.630911
265719246930	-4.8885365	-1.3471591	8.652447
265729958544	-4.9028935	-1.3447664	8.640483
265738992138	-4.9052863	-1.3495519	8.640483
265753277086	-4.9052863	-1.3639089	8.630911
265763370159	-4.9292145	-1.375873	8.635697
265767511305	-4.9196434	-1.375873	8.645268
265777735680	-4.910072	-1.3591232	8.642876
265787234638	-4.910072	-1.3710874	8.650054
265795720367	-4.922036	-1.3663018	8.645268
265807232971	-4.898108	-1.3686945	8.611769
265817871565	-4.914858	-1.3543376	8.642876
265827047242	-4.898108	-1.3710874	8.640483
265837901200	-4.914858	-1.3782659	8.635697
265846108284	-4.922036	-1.3567305	8.652447
265855828284	-4.900501	-1.3639089	8.626125
265860511877	-4.8933225	-1.3615161	8.635697
265871696513	-4.9028935	-1.3830515	8.618947
265881362763	-4.912465	-1.3734802	8.597412
265890542138	-4.9196434	-1.3591232	8.6141615
265899880002	-4.900501	-1.3591232	8.623733
265910732867	-4.898108	-1.3399807	8.623733
265925732867	-4.8861437	-1.3615161	8.623733
265938318440	-4.8933225	-1.3639089	8.618947
265947122502	-4.9196434	-1.3686945	8.63809
265950206877	-4.9028935	-1.3806586	8.63809
265958642450	-4.8885365	-1.4045869	8.6141615
265968583804	-4.912465	-1.3734802	8.606983
265983583804	-4.914858	-1.3663018	8.640483
265998583804	-4.922036	-1.3232309	8.628518
266013583804	-4.883751	-1.3471591	8.633304
266028583804	-4.8909297	-1.375873	8.618947
266043583804	-4.9172506	-1.3423735	8.633304
266058583804	-4.941179	-1.3519448	8.63809
266070667346	-4.9316072	-1.3543376	8.630911
266082358544	-4.895715	-1.3591232	8.633304
266087898596	-4.9052863	-1.3471591	8.63809
266101841982	-4.9172506	-1.3471591	8.63809
266111437034	-4.914858	-1.3567305	8.635697
266118715002	-4.9172506	-1.3543376	8.63809
266125363961	-4.922036	-1.3710874	8.6548395
266130153127	-4.914858	-1.3639089	8.626125
266141246929	-4.9172506	-1.3615161	8.618947
266150577919	-4.9172506	-1.3615161	8.618947
266157862502	-4.914858	-1.3543376	8.611769
266172862502	-4.9172506	-1.3567305	8.606983
266187862502	-4.907679	-1.3543376	8.60459
266191494481	-4.924429	-1.3399807	8.62134
266199636409	-4.9340005	-1.3280165	8.6141615
266206856096	-4.922036	-1.308874	8.633304
266221856096	-4.9028935	-1.3232309	8.633304
266230338804	-4.900501	-1.3351951	8.606983
266245338804	-4.900501	-1.3232309	8.635697
266250362919	-4.895715	-1.308874	8.6548395
266262752867	-4.87418	-1.3375878	8.623733
266268218127	-4.871787	-1.3591232	8.595019
266277545419	-4.907679	-1.3567305	8.630911
266281922398	-4.9172506	-1.3471591	8.63809
266292795419	-4.922036	-1.3495519	8.623733
266301552190	-4.8933225	-1.3304094	8.642876
266312185159	-4.895715	-1.3351951	8.640483
266322834794	-4.907679	-1.3184453	8.647661
266332215211	-4.9172506	-1.3280165	8.662018
266341447919	-4.912465	-1.3232309	8.642876
266351387815	-4.914858	-1.3375878	8.642876
266360243179	-4.9172506	-1.3471591	8.647661
266370346356	-4.910072	-1.3423735	8.609376
266382099429	-4.924429	-1.3423735	8.623733
266388601721	-4.9268217	-1.3423735	8.640483
266400139742	-4.900501	-1.3304094	8.647661
266405961513	-4.883751	-1.3615161	8.676374
266416601981	-4.8789654	-1.3519448	8.659625
266426344533	-4.87418	-1.3519448	8.628518
266436478752	-4.914858	-1.3471591	8.628518
266447737658	-4.8933225	-1.3471591	8.640483
266453733596	-4.900501	-1.3423735	8.645268
266465096565	-4.9172506	-1.3328022	8.633304
266480096565	-4.9028935	-1.3447664	8.628518
266493356148	-4.922036	-1.3615161	8.626125
266503452033	-4.9435716	-1.3399807	8.618947
266508914481	-4.9292145	-1.3495519	8.626125
266514625419	-4.9340005	-1.3304094	8.650054
266522121877	-4.9531426	-1.3232309	8.623733
266532520679	-4.914858	-1.3351951	8.6548395
266541675731	-4.9172506	-1.3351951	8.63809
266552995940	-4.9028935	-1.3519448	8.635697
266561723804	-4.9052863	-1.3351951	8.645268
266576723804	-4.922036	-1.3399807	8.633304
266586220836	-4.910072	-1.3543376	8.647661
266598068596	-4.912465	-1.375873	8.642876
266604621356	-4.9028935	-1.3639089	8.657232
266616031981	-4.881358	-1.3663018	8.662018
266621481148	-4.8598228	-1.3878372	8.633304
266633465835	-4.883751	-1.3543376	8.616554
266641765679	-4.895715	-1.3328022	8.630911
266656765679	-4.895715	-1.3639089	8.642876
266664352971	-4.9028935	-1.3663018	8.626125
266671088960	-4.9052863	-1.3615161	8.628518
266674026877	-4.907679	-1.3543376	8.635697
266685394846	-4.883751	-1.3591232	8.647661
266695477919	-4.895715	-1.3519448	8.6548395
266703485471	-4.87418	-1.3543376	8.669196
266718485471	-4.907679	-1.3471591	8.664411
266725943752	-4.900501	-1.3375878	8.6548395
266738072867	-4.8909297	-1.3399807	8.659625
266747327138	-4.912465	-1.3495519	8.662018
266755215835	-4.914858	-1.3567305	8.628518
266768335731	-4.8861437	-1.3734802	8.626125
266775534065	-4.9196434	-1.3734802	8.618947
266782642815	-4.9028935	-1.3495519	8.645268
266792408804	-4.9028935	-1.3591232	8.6548395
266803777033	-4.9052863	-1.3519448	8.628518
266808192033	-4.914858	-1.3543376	8.618947
266821260262	-4.9172506	-1.3351951	8.6141615
266830643908	-4.907679	-1.3256238	8.60459
266838064533	-4.898108	-1.3328022	8.597412
266849579117	-4.8933225	-1.3304094	8.616554
266861178908	-4.898108	-1.3375878	8.63809
266870527190	-4.907679	-1.3447664	8.62134
266885527190	-4.922036	-1.3567305	8.635697
266900527190	-4.910072	-1.3471591	8.650054
266915527190	-4.922036	-1.3710874	8.659625
266921552190	-4.9196434	-1.3591232	8.662018
266925796408	-4.8933225	-1.3351951	8.681161
266932368856	-4.883751	-1.3543376	8.659625
266937964117	-4.914858	-1.3591232	8.63809
266945251356	-4.8909297	-1.3423735	8.628518
266952369742	-4.8861437	-1.3447664	8.623733
266967369742	-4.9052863	-1.3304094	8.616554
266977881773	-4.910072	-1.3519448	8.630911
266992881773	-4.900501	-1.3471591	8.669196
267001364585	-4.898108	-1.3615161	8.657232
267001429377	-4.8861437	-1.3543376	8.664411
267016429377	-4.9028935	-1.3495519	8.652447
267031429377	-4.8933225	-1.3328022	8.618947
267037204117	-4.8909297	-1.3351951	8.633304
267041955158	-4.8789654	-1.3686945	8.662018
267056955158	-4.914858	-1.3639089	8.669196
267062792762	-4.9028935	-1.3591232	8.676374
267077792762	-4.8933225	-1.3519448	8.642876
267092792762	-4.895715	-1.3591232	8.63809
267101418283	-4.898108	-1.3399807	8.652447
267101503752	-4.9028935	-1.3615161	8.616554
267109618439	-4.895715	-1.3423735	8.630911
267119055471	-4.8885365	-1.3328022	8.647661
267131087554	-4.8789654	-1.3615161	8.62134
267136596512	-4.895715	-1.375873	8.626125
267151596512	-4.9052863	-1.3639089	8.63809
267156224898	-4.9292145	-1.3615161	8.618947
267166412554	-4.900501	-1.3495519	8.628518
267173788439	-4.895715	-1.3639089	8.628518
267186145939	-4.924429	-1.3567305	8.652447
267201145939	-4.9196434	-1.3423735	8.650054
267207020158	-4.898108	-1.3495519	8.647661
267212160262	-4.87418	-1.3543376	8.626125
267223892814	-4.8933225	-1.3686945	8.633304
267233805002	-4.8885365	-1.3495519	8.650054
267247146460	-4.883751	-1.3567305	8.647661
267254023023	-4.907679	-1.3495519	8.6548395
267263887137	-4.900501	-1.3375878	8.628518
267271029377	-4.907679	-1.3471591	8.6141615
267286029377	-4.9340005	-1.3304094	8.63809
267300903544	-4.9268217	-1.3280165	8.616554
267315903544	-4.907679	-1.3423735	8.606983
267330903544	-4.9028935	-1.3423735	8.63809
267345903544	-4.9052863	-1.3328022	8.623733
267360903544	-4.912465	-1.3447664	8.606983
267375903544	-4.8885365	-1.3447664	8.62134
267390903544	-4.883751	-1.3471591	8.647661
267405903544	-4.898108	-1.3519448	8.63809
267420903544	-4.9028935	-1.3256238	8.6141615
267426766616	-4.9052863	-1.3495519	8.645268
267437719533	-4.922036	-1.3591232	8.633304
267441474377	-4.8933225	-1.3423735	8.628518
267447023856	-4.898108	-1.3567305	8.618947
267456776981	-4.914858	-1.3447664	8.62134
267469007866	-4.9196434	-1.3423735	8.611769
267470329846	-4.900501	-1.3423735	8.597412
267477517502	-4.898108	-1.3423735	8.618947
267490194325	-4.8909297	-1.3615161	8.606983
267505194325	-4.8861437	-1.3806586	8.616554
267517530887	-4.895715	-1.3806586	8.645268
267531085939	-4.907679	-1.3519448	8.630911
267537106096	-4.914858	-1.3351951	8.60459
267540950418	-4.922036	-1.3375878	8.616554
267552476460	-4.8933225	-1.3567305	8.62134
267557291668	-4.8909297	-1.3519448	8.60459
267571851096	-4.9052863	-1.3280165	8.62134
267576943491	-4.907679	-1.3423735	8.628518
267591943491	-4.9172506	-1.3423735	8.650054
267601315991	-4.912465	-1.3591232	8.647661
267613415679	-4.910072	-1.3471591	8.640483
267615030575	-4.9052863	-1.3591232	8.628518
267621017033	-4.914858	-1.3591232	8.6548395
267628873023	-4.924429	-1.3471591	8.626125
267643873023	-4.912465	-1.3495519	8.616554
267650118908	-4.9363933	-1.3615161	8.645268
267665118908	-4.9052863	-1.3710874	8.652447
267669179064	-4.8909297	-1.3639089	8.664411
267684116096	-4.912465	-1.3830515	8.652447
267699116096	-4.9316072	-1.375873	8.63809
267700981304	-4.9316072	-1.3830515	8.640483
267713584168	-4.910072	-1.3710874	8.623733
267718319064	-4.910072	-1.375873	8.62134
267729182502	-4.907679	-1.3854443	8.630911
267738254012	-4.912465	-1.39023	8.633304
267747608335	-4.9363933	-1.3686945	8.628518
267757305470	-4.9268217	-1.3543376	8.623733
267766782970	-4.895715	-1.3615161	8.647661
267778653439	-4.912465	-1.3519448	8.647661
267791748283	-4.914858	-1.3543376	8.6141615
267806748283	-4.898108	-1.3280165	8.635697
267816047450	-4.9172506	-1.3064811	8.623733
267828636148	-4.9268217	-1.3304094	8.640483
267828933648	-4.914858	-1.3351951	8.618947
267837611460	-4.9052863	-1.3519448	8.602198
267852611460	-4.922036	-1.3304094	8.606983
267867611460	-4.912465	-1.3543376	8.630911
267869012345	-4.883751	-1.3543376	8.63809
267876629273	-4.8909297	-1.3423735	8.642876
267891629273	-4.900501	-1.3710874	8.647661
267903508335	-4.9172506	-1.3423735	8.635697
267903577085	-4.9196434	-1.3351951	8.63809
267918577085	-4.9340005	-1.3447664	8.623733
267919240314	-4.9196434	-1.3567305	8.626125
267932822033	-4.9052863	-1.3447664	8.616554
267935121929	-4.922036	-1.3399807	8.626125
267949010835	-4.924429	-1.3519448	8.635697
267957556200	-4.924429	-1.3471591	8.645268
267967142397	-4.8909297	-1.3615161	8.633304
267978272762	-4.900501	-1.3639089	8.657232
267987442293	-4.9028935	-1.3710874	8.652447
267999983439	-4.910072	-1.3399807	8.628518
268008550991	-4.9268217	-1.3591232	8.618947
268023550991	-4.9052863	-1.3519448	8.623733
268038550991	-4.900501	-1.3256238	8.630911
268053550991	-4.900501	-1.3567305	8.628518
268061549481	-4.9028935	-1.3567305	8.62134
268061715991	-4.8789654	-1.3280165	8.63809
268067733960	-4.9052863	-1.3399807	8.630911
268076526252	-4.895715	-1.3567305	8.626125
268081439429	-4.881358	-1.3519448	8.650054
268093154637	-4.8933225	-1.3471591	8.659625
268103867658	-4.907679	-1.3543376	8.623733
268110335939	-4.9316072	-1.3519448	8.626125
268118002918	-4.9340005	-1.3232309	8.640483
268128989689	-4.907679	-1.3136597	8.63809
268143989689	-4.914858	-1.3256238	8.626125
268151346824	-4.9172506	-1.3471591	8.585447
268161045679	-4.9292145	-1.3686945	8.597412
268170309429	-4.9340005	-1.3686945	8.623733
268185309429	-4.914858	-1.3663018	8.616554
268200309429	-4.9340005	-1.3686945	8.618947
268208631772	-4.907679	-1.3495519	8.626125
268215022397	-4.8909297	-1.3328022	8.616554
268217888856	-4.914858	-1.3471591	8.599805
268228024272	-4.912465	-1.3519448	8.602198
268236484845	-4.9028935	-1.3423735	8.606983
268248216772	-4.895715	-1.3615161	8.597412
268259639324	-4.895715	-1.3399807	8.630911
268265165470	-4.8861437	-1.3495519	8.602198
268278174116	-4.9172506	-1.3423735	8.609376
268293174116	-4.9459643	-1.3519448	8.618947
268305946199	-4.938786	-1.3686945	8.623733
268306078908	-4.914858	-1.3567305	8.611769
268310291252	-4.922036	-1.3591232	8.6141615
268324736304	-4.898108	-1.3447664	8.623733
268328536720	-4.914858	-1.3567305	8.618947
268337882449	-4.9196434	-1.3615161	8.630911
268352882449	-4.9363933	-1.3663018	8.642876
268360420887	-4.907679	-1.3495519	8.628518
268370500574	-4.914858	-1.3447664	8.647661
268380196408	-4.883751	-1.3471591	8.652447
268395196408	-4.9052863	-1.3399807	8.630911
268401847085	-4.8933225	-1.3447664	8.642876
268409507033	-4.895715	-1.3519448	8.618947
268420161095	-4.9028935	-1.3471591	8.606983
268428118751	-4.9196434	-1.3495519	8.63809
268440533387	-4.9363933	-1.3351951	8.633304
268447230314	-4.9172506	-1.3208381	8.650054
268456560783	-4.910072	-1.3423735	8.650054
268471560783	-4.907679	-1.3399807	8.645268
268478351356	-4.924429	-1.3686945	8.652447
268484762658	-4.914858	-1.3686945	8.63809
268499762658	-4.9340005	-1.375873	8.62134
268507129376	-4.907679	-1.3854443	8.618947
268514099637	-4.900501	-1.3567305	8.606983
268521660262	-4.883751	-1.3519448	8.630911
268536444324	-4.914858	-1.3567305	8.618947
268541384793	-4.900501	-1.3495519	8.623733
268552837085	-4.898108	-1.3280165	8.618947
268561785574	-4.9052863	-1.3399807	8.611769
268572369845	-4.912465	-1.3519448	8.635697
268587369845	-4.898108	-1.3663018	8.640483
268602369845	-4.900501	-1.3423735	8.640483
268610973856	-4.900501	-1.3351951	8.630911
268625973856	-4.9028935	-1.3495519	8.635697
