324197207240	4.8356977	-1.1793692	8.439547
324212207240	4.8356977	-1.1793692	8.439547
324227207240	4.8356977	-1.1793692	8.439547
324242207240	4.8356977	-1.1793692	8.439547
324257207240	4.8356977	-1.1793692	8.439547
324272207240	4.8356977	-1.1793692	8.439547
324287207240	4.8341265	-1.2590392	8.428929
324302207240	4.8341265	-1.2590392	8.428929
324317207240	4.8341265	-1.2590392	8.428929
324332207240	4.8341265	-1.2590392	8.428929
324347207240	4.8340807	-1.2584887	8.429038
324362207240	4.8348637	-1.2573135	8.428764
324377207240	4.8360386	-1.2558169	8.428314
324392207240	4.8369308	-1.2543461	8.428019
324407207240	4.8377285	-1.2530127	8.427761
324422207240	4.8389006	-1.2515817	8.4272995
324437207240	4.8397455	-1.2501316	8.42703
324452207240	4.8400397	-1.2483475	8.427127
324467207240	4.8405094	-1.2467287	8.427096
324482207240	4.8414707	-1.2451432	8.426778
324497207240	4.842344	-1.2433505	8.426541
324512207240	4.843156	-1.2418683	8.426292
324527207240	4.8443227	-1.2406912	8.425796
324542207240	4.8453956	-1.23914	8.425406
324557207240	4.846798	-1.2378306	8.424793
324572207240	4.8477426	-1.2364469	8.424453
324587207240	4.84869	-1.2349584	8.424126
324602207240	4.849591	-1.2335546	8.423813
324617207240	4.8507814	-1.232615	8.4232645
324632207240	4.851758	-1.2312815	8.422897
324647207240	2.794418	1.6413246	9.246518
324662207240	0.7724106	3.3987694	9.1571045
324677207240	0.38411826	3.59286	9.107394
324684907291	0.38481528	3.4838467	9.14962
324699614791	0.3970815	3.3965454	9.181864
324709581666	0.40736556	3.3586478	9.195345
324714754427	0.4208979	3.340754	9.201252
324724198385	0.43678916	3.3270335	9.205481
324731643698	0.4538778	3.3129263	9.209742
324742154271	0.4739622	3.2978406	9.214143
324749971979	0.49469346	3.2831717	9.21829
324759424583	0.51640046	3.2673578	9.222718
324771073593	0.53666013	3.252835	9.226693
324776543593	0.55712336	3.2380433	9.230682
324790232656	0.57849246	3.2224941	9.234808
324796025208	0.5990631	3.2074013	9.2387495
324810548906	0.62070465	3.1910572	9.242981
324819471823	0.64440084	3.1730115	9.24757
324831711354	0.66857827	3.1544712	9.252195
324835757760	0.69168925	3.1341846	9.257389
324847575520	0.7148967	3.1165242	9.261588
324856912083	0.73779416	3.0987558	9.265754
324867584166	0.76260185	3.0792956	9.270231
324875604218	0.78624094	3.0610037	9.274312
324882854479	0.80913234	3.0431967	9.278204
324895845000	0.8343751	3.02315	9.282521
324902185520	0.85883653	3.0045044	9.286343
324917185520	0.88427556	2.984819	9.290301
324931433541	0.9094145	2.965137	9.294178
324937134479	0.93738127	2.9430447	9.298421
324952134479	0.9618628	2.9212875	9.302779
324967134479	0.98697037	2.9016385	9.306298
324979391614	1.0124546	2.8815582	9.309799
324989090260	1.0388434	2.8608756	9.313271
324996832604	1.0655339	2.8393762	9.316834
325011832604	1.0917699	2.817784	9.320351
325023243906	1.1179446	2.794243	9.324335
325036769635	1.1438743	2.772863	9.327571
325051769635	1.1723672	2.7521966	9.330154
325063377291	1.1999677	2.7295594	9.333294
325078377291	1.2279744	2.7065947	9.33634
325085605833	1.2569672	2.6800013	9.340151
325089645520	1.287273	2.6553328	9.34307
325104645520	1.3130956	2.631338	9.346264
325112882135	1.3393874	2.6100583	9.348499
325117986614	1.3644166	2.5888996	9.350764
325132986614	1.3893695	2.5656476	9.353498
325141615208	1.4169524	2.5429122	9.355568
325155912552	1.4438785	2.5206876	9.357466
325162189218	1.4719113	2.4973319	9.359361
325177189218	1.4987044	2.4753735	9.360941
325187902447	1.525409	2.4528925	9.362546
325202902447	1.5537876	2.4288292	9.364151
325217902447	1.5803787	2.4060028	9.365595
325232902447	1.6070194	2.3827195	9.367014
325243539947	1.6343763	2.359604	9.368133
325256876302	1.6616089	2.3359475	9.369269
325267350520	1.6878959	2.3106112	9.3708515
325274931614	1.7159352	2.2892482	9.371005
325286608958	1.7443458	2.2649667	9.371658
325292106406	1.771145	2.2415328	9.372267
325301228593	1.7972348	2.2193818	9.372573
325305573072	1.8240783	2.1930332	9.373589
325320573072	1.8520337	2.1686242	9.373784
325335573072	1.8770952	2.1440938	9.374444
325350573072	1.9055843	2.1185937	9.374493
325364070677	1.9312563	2.0934985	9.374876
325370828437	1.9562593	2.0711296	9.3746605
325376355208	1.9806049	2.049484	9.374307
325391355208	2.003973	2.0262172	9.374398
325406355208	2.031387	2.0013075	9.37385
325421355208	2.0591958	1.9765639	9.373032
325436313906	2.0854902	1.9527639	9.372206
325447340208	2.1113813	1.9299183	9.371141
325459329531	2.1381452	1.9095403	9.3692465
325465954583	2.163995	1.8858831	9.368105
325469728906	2.1904938	1.8612155	9.366879
325484728906	2.2154245	1.8356777	9.366055
325499728906	2.239083	1.8139368	9.364664
325514728906	2.2634714	1.7912173	9.363175
325525708541	2.2894356	1.7673631	9.361395
325529845312	2.3141139	1.7442942	9.359655
325544845312	2.3383389	1.7193295	9.358253
325557056406	2.3628504	1.6938314	9.356745
325563340989	2.3846614	1.6712692	9.355269
325570685260	2.4089122	1.6491274	9.352985
325585685260	2.4302232	1.6269023	9.351364
325592653385	2.4532702	1.6059653	9.348964
325604782708	2.4766643	1.5843511	9.346484
325610376354	2.499563	1.5632193	9.343946
325625376354	2.5223918	1.5418398	9.341364
325636451979	2.5453496	1.5205688	9.338622
325651451979	2.5697408	1.4978032	9.335622
325664609322	2.5919676	1.4765975	9.332854
325679609322	2.6139	1.4558444	9.329999
325685863749	2.6345754	1.4366673	9.327154
325700863749	2.7004166	1.3726673	9.317959
325714926249	2.7004166	1.3726673	9.317959
325728459426	2.7004166	1.3726673	9.317959
325742535468	2.721909	1.351829	9.314751
325752555260	2.745019	1.3298097	9.311139
325763944635	2.7653837	1.3106291	9.307831
325769497447	2.7873857	1.2921429	9.303852
325784497447	2.8099399	1.2705888	9.300035
325799497447	2.8300354	1.2485147	9.296931
325814497447	2.8503923	1.2286284	9.29336
325828129947	2.8707108	1.2082942	9.289772
325843129947	2.8919194	1.1873662	9.285891
325849066926	2.9125288	1.1668692	9.282048
325859053385	2.9340465	1.1463034	9.277832
325865986666	2.9534004	1.1250472	9.274294
325879349791	2.9746506	1.1049914	9.269911
325894349791	2.9939501	1.0835946	9.266224
325909349791	3.0135348	1.0647511	9.262058
325924349791	3.0317411	1.046458	9.2582
325939349791	3.0505524	1.027495	9.254143
325954349791	3.0686696	1.0091877	9.250169
325969349791	3.0898502	0.9905096	9.245134
325981302812	3.10725	0.9705197	9.241424
325990654062	3.1258457	0.95248306	9.237027
325996699114	3.1445673	0.9340979	9.232551
326011699114	3.1618664	0.9146135	9.228592
326026699114	3.1799695	0.89709115	9.224089
326033289895	3.1967509	0.88055706	9.219881
326048289895	3.2136858	0.86076325	9.215863
326061540989	3.2292554	0.8452965	9.21185
326069898385	3.2450924	0.8294104	9.207729
326079141353	3.2620447	0.81224096	9.203267
326094141353	3.2810714	0.7933236	9.198153
326109141353	3.29899	0.7752993	9.19328
326121045103	3.3185458	0.75871277	9.187622
326136045103	3.3377824	0.73907554	9.182255
326151045103	3.3551214	0.72153425	9.177328
326166045103	3.3709688	0.7027514	9.172979
326181045103	3.388244	0.685051	9.167951
326196045103	3.4059958	0.6665683	9.162732
326211045103	3.4214864	0.647972	9.158295
326226045103	3.4832087	0.5836758	9.139333
326241045103	3.4832087	0.5836758	9.139333
326243855364	3.4832087	0.5836758	9.139333
326244016197	3.4991443	0.56679565	9.134305
326259016197	3.4991443	0.56679565	9.134305
326269734270	3.5149322	0.5525141	9.129118
326284734270	3.5296683	0.537203	9.124344
326289742968	3.5746582	0.49208832	9.109361
326289927707	3.5746582	0.49208832	9.109361
326304927707	3.5746582	0.49208832	9.109361
326319927707	3.5891163	0.47711158	9.104472
326334927707	3.6034517	0.4620657	9.099585
326349927707	3.618251	0.44598597	9.094513
326361296770	3.6318016	0.42905778	9.089924
326363385728	3.6465569	0.4129157	9.084763
326378385728	3.6598468	0.39617896	9.080162
326381828072	3.6728	0.3826539	9.075514
326396828072	3.6855955	0.36900496	9.07089
326403349634	3.6987538	0.3552916	9.066079
326418349634	3.7116055	0.3412863	9.061365
326433349634	3.725235	0.32657528	9.056313
326448349634	3.7408738	0.31209236	9.050375
326463349634	3.7536314	0.29802573	9.045565
326478349634	3.7659347	0.28313625	9.040928
326493349634	3.804191	0.24104476	9.026119
326495334947	3.804191	0.24104476	9.026119
326510334947	3.804191	0.24104476	9.026119
326525334947	3.8152049	0.22728711	9.021828
326540334947	3.8267882	0.21488512	9.017223
326555334947	3.8393404	0.20364636	9.012147
326561245259	3.8520238	0.19033468	9.007024
326576245259	3.8634315	0.1754942	9.0024395
326591245259	3.8758447	0.16229868	8.997351
326606245259	3.8877947	0.14941615	8.992415
326613239530	3.9000833	0.1361832	8.987303
326628239530	3.9111364	0.12320739	8.982685
326643239530	3.9222074	0.110483825	8.978023
326658239530	3.9348912	0.0999459	8.972596
326673239530	3.9448829	0.08613837	8.968349
326688239530	3.955178	0.07283366	8.963932
326703239530	3.9659204	0.061071157	8.959271
326713077343	3.9757028	0.047765493	8.955017
326726102499	3.986319	0.035604358	8.950353
326727362499	3.9972434	0.023358226	8.945519
326732366874	4.007227	0.011964321	8.941074
326742907603	4.0156436	4.3034554E-5	8.937305
326748669061	4.025593	-0.010722756	8.932821
326749644843	4.0343475	-0.022731066	8.928848
326764644843	4.0430613	-0.034760952	8.924868
326779644843	4.0626454	-0.055187583	8.915867
326786501926	4.0626454	-0.055187583	8.915867
326795119530	4.0724316	-0.06512785	8.911335
326810119530	4.0816555	-0.07497853	8.907035
326825119530	4.0913525	-0.0858894	8.902487
326840119530	4.100239	-0.09544158	8.8983
326855119530	4.1089334	-0.10342038	8.894199
326862642707	4.117075	-0.114745736	8.890294
326867039113	4.1262918	-0.12461722	8.885888
326882039113	4.1335354	-0.13488382	8.88237
326897039113	4.1414876	-0.14405328	8.878521
326912039113	4.1488833	-0.1547656	8.874887
326925580780	4.1574526	-0.16360265	8.870717
326940580780	4.166033	-0.17333496	8.866508
326954094530	4.1739416	-0.18154687	8.86262
326957454582	4.181707	-0.19014454	8.85878
326971323541	4.188257	-0.19949251	8.855478
326982652447	4.1954703	-0.20713955	8.851889
326986638488	4.2023005	-0.21698499	8.848412
326993463645	4.208854	-0.22656524	8.845057
327003791509	4.2163477	-0.23566759	8.841248
327014685988	4.2251782	-0.24475098	8.836785
327029685988	4.233061	-0.25306255	8.832778
327036763801	4.2410507	-0.2612664	8.828706
327051763801	4.2483025	-0.26948118	8.824972
327066763801	4.2555113	-0.2771188	8.82126
327081763801	4.263236	-0.28392297	8.817314
327096763801	4.2718735	-0.2908889	8.812904
327111763801	4.277773	-0.30010688	8.809732
327126763801	4.2840962	-0.306912	8.806426
327141763801	4.290726	-0.3145929	8.802926
327156763801	4.2970214	-0.32177973	8.799596
327171763801	4.304186	-0.3292417	8.795817
327186763801	4.3117685	-0.3376019	8.791786
327201763801	4.3185387	-0.34564775	8.788149
327216763801	4.3252573	-0.35339594	8.784536
327231763801	4.331373	-0.36032557	8.7812395
327246763801	4.3376207	-0.36708438	8.777877
327252588332	4.343762	-0.37393004	8.774549
327267588332	4.3493953	-0.38296902	8.771368
327282588332	4.3633013	-0.3952117	8.763916
327297588332	4.3633013	-0.3952117	8.763916
327312588332	4.3768992	-0.40765965	8.75656
327327588332	4.390031	-0.4218251	8.749315
327336158332	4.390031	-0.4218251	8.749315
327351158332	4.390031	-0.4218251	8.749315
327366158332	4.3962774	-0.42864972	8.745845
327370131613	4.4021044	-0.435409	8.74258
327385131613	4.4067516	-0.44348538	8.739833
327400131613	4.411236	-0.4511159	8.737179
327415131613	4.4312234	-0.47533268	8.725773
327430131613	4.4312234	-0.47533268	8.725773
327445131613	4.4312234	-0.47533268	8.725773
327447050311	4.44138	-0.4868465	8.719974
327447123801	4.44138	-0.4868465	8.719974
327451534322	4.44138	-0.4868465	8.719974
327466534322	4.445623	-0.49449402	8.71738
327481534322	4.4507756	-0.5004707	8.71441
327485551197	4.459826	-0.51287585	8.709061
327492393957	4.459826	-0.51287585	8.709061
327507393957	4.464252	-0.52005935	8.706367
327522393957	4.4693627	-0.52563524	8.703408
327525860988	4.477488	-0.53745717	8.698508
327530114061	4.477488	-0.53745717	8.698508
327545114061	4.4815707	-0.5447511	8.695951
327551321092	4.486195	-0.5498389	8.693248
327566038697	4.490719	-0.5551625	8.690572
327575459478	4.4951944	-0.55987906	8.687956
327590459478	4.499639	-0.5651491	8.685313
327597659322	4.5041795	-0.57013613	8.682633
327601654322	4.5087304	-0.57472664	8.679968
327616654322	4.5120006	-0.58063227	8.6778755
327631654322	4.5161686	-0.5852898	8.675394
327646474426	4.5192	-0.59158784	8.673389
327654344634	4.523207	-0.596963	8.670932
327665424374	4.5262666	-0.60295635	8.6689205
327676235832	4.530076	-0.607595	8.666605
327691235832	4.5339856	-0.611535	8.664284
327706235832	4.542078	-0.61977744	8.659457
327716609946	4.542078	-0.61977744	8.659457
327724049009	4.5461392	-0.6241682	8.657012
327739049009	4.550033	-0.6290471	8.654612
327754049009	4.5535994	-0.6331035	8.65244
327769049009	4.557657	-0.63729507	8.649996
327784049009	4.562237	-0.64006597	8.647378
327799049009	4.5665627	-0.64391977	8.644807
327814049009	4.5713673	-0.6477217	8.641983
327829049009	4.576171	-0.65102214	8.639191
327844049009	4.5801263	-0.65525144	8.636777
327859049009	4.583336	-0.65879387	8.634804
327874049009	4.58698	-0.66274256	8.632567
327889049009	4.5907106	-0.6670089	8.630253
327904049009	4.5948644	-0.6716203	8.627685
327914248801	4.5977697	-0.6773829	8.625687
327920400103	4.6005535	-0.68304133	8.623755
327935400103	4.604144	-0.6875073	8.621484
327947887551	4.607057	-0.691242	8.61963
327962887551	4.6100993	-0.6949805	8.617704
327971177498	4.6131287	-0.6989439	8.615761
327986177498	4.615934	-0.7023269	8.613984
328001177498	4.6187806	-0.7056718	8.612184
328016177498	4.622415	-0.7102349	8.609858
328031177498	4.626026	-0.71377325	8.607626
328044680259	4.6283293	-0.71845716	8.605997
328055829269	4.6314645	-0.7224116	8.60398
328065644790	4.6345553	-0.7262266	8.601993
328078745936	4.6376667	-0.7299014	8.600006
328089551665	4.6419473	-0.73339224	8.597398
328097054373	4.6452594	-0.7371552	8.595287
328108135936	4.6483297	-0.7405575	8.593336
328114434425	4.651795	-0.7445073	8.591119
328119345050	4.6550655	-0.7479349	8.589049
328134345050	4.6572614	-0.7524493	8.587465
328149345050	4.658963	-0.7571229	8.58613
328164345050	4.6613464	-0.7603692	8.584548
328179345050	4.663727	-0.76346904	8.582982
328194345050	4.667229	-0.76517016	8.580927
328209345050	4.6699643	-0.76844317	8.579145
328216090363	4.672825	-0.7715545	8.577308
328231090363	4.675421	-0.7742651	8.575649
328246090363	4.6782985	-0.77701855	8.573831
328261090363	4.68095	-0.7798939	8.572123
328271710623	4.6837134	-0.78341603	8.5702915
328286710623	4.6862707	-0.78661245	8.568602
328289174998	4.689019	-0.78979367	8.566806
328295715259	4.691904	-0.7927883	8.564948
328306915207	4.6935077	-0.796829	8.563694
328321915207	4.6953998	-0.79922104	8.562433
328336915207	4.6966453	-0.80349153	8.561352
328351915207	4.6977816	-0.8076878	8.560332
328366915207	4.6999025	-0.81057775	8.558894
328381915207	4.7019377	-0.81320107	8.557528
328396915207	4.7043295	-0.8161245	8.555936
328411915207	4.70572	-0.82013386	8.554789
328424179738	4.7083964	-0.8215235	8.553182
328425875259	4.7103505	-0.8238296	8.551884
328440875259	4.711766	-0.8276218	8.550737
328455875259	4.713944	-0.8300717	8.549301
328469254477	4.7163534	-0.83182853	8.547799
328483597915	4.717432	-0.8350349	8.546892
328498597915	4.719969	-0.8374575	8.545254
328513597915	4.7230463	-0.8381212	8.543488
328528597915	4.7260566	-0.838367	8.5418
328543597915	4.7279687	-0.84107566	8.540475
328551211300	4.729792	-0.84389573	8.539187
328566211300	4.731368	-0.84608835	8.538097
328577165259	4.732934	-0.8483324	8.537007
328582922602	4.734881	-0.85107595	8.535655
328597922602	4.735965	-0.8545281	8.534707
328605556717	4.73697	-0.857836	8.533816
328612173279	4.7383666	-0.8603034	8.532794
328627173279	4.7393894	-0.86198235	8.532057
328632825154	4.740318	-0.86535186	8.531199
328636797290	4.7420416	-0.86732197	8.530042
328651797290	4.7434044	-0.8710213	8.528906
328664431561	4.7453065	-0.87331027	8.527615
328679431561	4.7470264	-0.87524515	8.526459
328688733904	4.748559	-0.87693685	8.525431
328701884217	4.749918	-0.87900066	8.52446
328708562082	4.7515607	-0.881196	8.523319
328720233384	4.753295	-0.8831905	8.522147
328727682654	4.754806	-0.88503695	8.5211115
328742682654	4.7561183	-0.88649267	8.520228
328757682654	4.7579827	-0.888115	8.519018
328770374842	4.760957	-0.8883942	8.517327
328785374842	4.762684	-0.8904464	8.516146
328799157498	4.7639956	-0.8924188	8.515207
328811203644	4.765399	-0.8939311	8.514263
328817567759	4.7670436	-0.89532065	8.513196
328828472706	4.768627	-0.8966852	8.512167
328834407863	4.76982	-0.89814156	8.511344
328849407863	4.7710433	-0.89959496	8.510504
328864407863	4.7714424	-0.9025836	8.509965
328879407863	4.77279	-0.90430033	8.509026
328886239998	4.77348	-0.90733796	8.508316
328897925623	4.774047	-0.91047424	8.507663
328912925623	4.774918	-0.9122648	8.506983
328927925623	4.7755384	-0.9152398	8.506312
328939393488	4.776595	-0.9164374	8.505591
328947585571	4.777755	-0.91738653	8.504837
328954502498	4.7794867	-0.91882104	8.50371
328969502498	4.7801657	-0.9214014	8.50305
328979785102	4.782394	-0.9229862	8.501624
328994785102	4.7843266	-0.92436284	8.500387
329009785102	4.7860937	-0.92545456	8.499273
329017783019	4.786774	-0.9282122	8.49859
329032783019	4.787286	-0.93088126	8.498009
329047783019	4.788848	-0.93221694	8.496981
329053440571	4.7905316	-0.933584	8.495885
329068440571	4.791201	-0.93621033	8.495217
329078472811	4.7928143	-0.93763566	8.49415
329093472811	4.7937446	-0.9387395	8.493503
329108472811	4.7946434	-0.93952143	8.492909
329123472811	4.7956367	-0.94064	8.492225
329138472811	4.797442	-0.94430107	8.490798
329153472811	4.797442	-0.94430107	8.490798
329165974529	4.7996387	-0.9441394	8.489574
329166123383	4.804109	-0.9482572	8.486587
329166208540	4.804109	-0.9482572	8.486587
329181208540	4.806786	-0.9514376	8.4847145
329182871769	4.806786	-0.9514376	8.4847145
329197871769	4.806786	-0.9514376	8.4847145
329212871769	4.808503	-0.95318276	8.483545
329227871769	4.8099823	-0.9537416	8.482644
329236828904	4.8101716	-0.95638156	8.48224
329244067967	4.811179	-0.95785195	8.481503
329251114477	4.8123283	-0.9594626	8.480669
329266114477	4.8126354	-0.9619684	8.480209
329267597915	4.813761	-0.96887183	8.478785
329267699060	4.813761	-0.96887183	8.478785
329282699060	4.816842	-0.97180283	8.4767
329286259269	4.816842	-0.97180283	8.4767
329301259269	4.816842	-0.97180283	8.4767
329316259269	4.81832	-0.9728684	8.475737
329331259269	4.819632	-0.97414285	8.474846
329346259269	4.8209066	-0.9741387	8.474122
329361259269	4.8229933	-0.97427106	8.472918
329376259269	4.8238893	-0.9752085	8.472301
329388934321	4.824831	-0.9759574	8.471678
329403934321	4.825653	-0.9767646	8.471117
329413203071	4.8268657	-0.97756904	8.470333
329418744425	4.828095	-0.97874266	8.469496
329433744425	4.828169	-0.9808145	8.469214
329440357706	4.829229	-0.98143023	8.468539
329455357706	4.8295445	-0.9816539	8.468332
329464872810	4.830703	-0.98273975	8.4675455
329479872810	4.833423	-0.99226975	8.464883
329494872810	4.833423	-0.99226975	8.464883
329503935779	4.833423	-0.99226975	8.464883
329516126560	4.833423	-0.99226975	8.464883
329521926977	4.833423	-0.99226975	8.464883
329536926977	4.8352623	-0.9937873	8.463654
329541877446	4.8352623	-0.9937873	8.463654
329556877446	4.8352623	-0.9937873	8.463654
329571877446	4.8432083	-0.9995743	8.458427
329586877446	4.8432083	-0.9995743	8.458427
329601877446	4.8432083	-0.9995743	8.458427
329616877446	4.8432083	-0.9995743	8.458427
329626210154	4.8432083	-0.9995743	8.458427
329641210154	4.8432083	-0.9995743	8.458427
329648514060	4.8432083	-0.9995743	8.458427
329663514060	4.850815	-1.0016162	8.453825
329670021352	4.850815	-1.0016162	8.453825
329685021352	4.850815	-1.0016162	8.453825
329689901300	4.850815	-1.0016162	8.453825
329704901300	4.850815	-1.0016162	8.453825
329719901300	4.850815	-1.0016162	8.453825
329734901300	4.850815	-1.0016162	8.453825
329749901300	4.850815	-1.0016162	8.453825
329764901300	4.851413	-1.005791	8.452988
329768635050	4.851413	-1.005791	8.452988
329783635050	4.851413	-1.005791	8.452988
329798635050	4.852255	-1.006536	8.4524145
329813635050	4.8533645	-1.0075171	8.451661
329828635050	4.852957	-1.0096462	8.45164
329843635050	4.8529387	-1.018717	8.4505625
329858635050	4.8529387	-1.018717	8.4505625
329873635050	4.8529387	-1.018717	8.4505625
329888635050	4.8529387	-1.018717	8.4505625
329903635050	4.85324	-1.0215149	8.450052
329918635050	4.85324	-1.0215149	8.450052
329928023539	4.85324	-1.0215149	8.450052
329931799998	4.8531294	-1.023294	8.4499
329946799998	4.853385	-1.0240803	8.449658
329961799998	4.8542047	-1.026969	8.448836
329966203071	4.8542047	-1.026969	8.448836
329977281977	4.8542047	-1.026969	8.448836
329979831091	4.8553505	-1.0275898	8.448103
329994831091	4.8560348	-1.028019	8.447658
330009831091	4.8567653	-1.0286107	8.4471655
330019060571	4.8575583	-1.0289533	8.446667
330023521977	4.858539	-1.0290253	8.4460945
330035321300	4.8595433	-1.0295568	8.445451
330040165571	4.8604527	-1.0297227	8.444909
330055165571	4.861446	-1.0304942	8.4442425
330070165571	4.8614526	-1.0307097	8.444212
330085165571	4.8622823	-1.0297523	8.443851
330100165571	4.8628488	-1.0307825	8.443399
330115165571	4.862612	-1.0347528	8.44305
330130165571	4.862612	-1.0347528	8.44305
330145165571	4.862612	-1.0347528	8.44305
330160165571	4.8632145	-1.0353768	8.442626
330175165571	4.863117	-1.0369956	8.442485
330187379425	4.863784	-1.0372572	8.442068
