183163817957426	6.664011	-4.9292145	-4.814359
183163866472739	6.666404	-5.0009995	-4.843073
183163944041280	6.5754766	-5.032106	-4.8454657
183163956472739	6.6927247	-5.0249276	-4.8789654
183163971472739	6.73101	-5.022535	-4.8885365
183163986472739	6.7501526	-5.020142	-4.8933225
183164001472739	6.754938	-5.0105705	-4.833502
183164014285447	6.687939	-5.0105705	-4.816752
183164024309874	6.7022963	-5.0273204	-4.790431
183164034110239	6.661618	-5.0679984	-4.790431
183164045955447	6.5946193	-5.0656056	-4.8358946
183164054205603	6.5778694	-5.022535	-4.867001
183164064102947	6.6161547	-4.981857	-4.8502517
183164034310864	6.6352973	-4.9986067	-4.8047876
183164041810864	6.6927247	-4.9531426	-4.7952166
183164093993051	6.7094746	-4.941179	-4.802395
183164056810864	6.6831536	-4.924429	-4.7880383
183164064310864	6.640083	-4.9435716	-4.74736
183164123246332	6.6281185	-5.003392	-4.766503
183164079310864	6.6185474	-5.0273204	-4.816752
183164086810864	6.65444	-5.032106	-4.8287163
183164094310864	6.695118	-5.048856	-4.8119664
183164101810864	6.7740808	-4.991428	-4.814359
183164173024770	6.7645097	-5.0249276	-4.8191447
183164116810864	6.7238317	-5.022535	-4.790431
183164199160707	6.7238317	-4.9986067	-4.709075
183164146810864	6.6999035	-5.0129633	-4.723432
183164154310864	6.7094746	-5.0416775	-4.694718
183164161810864	6.678368	-5.020142	-4.7306104
183164169310864	6.6927247	-4.9986067	-4.735396
183164257727530	6.690332	-4.948357	-4.709075
183164184310864	6.8099732	-5.0416775	-4.692325
183164281767322	6.812366	-5.056034	-4.6755753
183164293661176	6.7501526	-5.0919266	-4.709075
183164301071593	6.7669024	-5.1732826	-4.694718
183164310881072	6.769295	-5.1613183	-4.644469
183164322502634	6.6999035	-5.072784	-4.6325045
183164327905603	6.664011	-5.029713	-4.6612186
183164340287374	6.652047	-5.06082	-4.615755
183164345943311	6.680761	-5.0847483	-4.610969
183164346071593	6.690332	-5.089534	-4.5918264
183164365236697	6.745367	-5.127819	-4.613362
183164373639197	6.7669024	-5.13739	-4.615755
183164386016593	6.7932234	-5.139783	-4.618148
183164391013311	6.795616	-5.1732826	-4.627719
183164406013311	6.8075805	-5.113462	-4.599005
183164410953676	6.8339014	-5.046463	-4.575077
183164421865291	6.8195443	-5.0368915	-4.520042
183164434618676	6.800402	-5.113462	-4.4913282
183164443140707	6.802795	-5.1206403	-4.486542
183164421071593	6.7645097	-5.089534	-4.510471
183164464768155	6.759724	-5.0775695	-4.5272202
183164474719041	6.7525454	-5.0392847	-4.551149
183164483446905	6.754938	-4.9986067	-4.5535417
183164493612426	6.7669024	-4.991428	-4.534399
183164501509822	6.7429743	-5.0368915	-4.496114
183164512323832	6.7381887	-5.1158547	-4.4817567
183164523977322	6.745367	-5.163711	-4.429115
183164530605395	6.788438	-5.168497	-4.438686
183164543140030	6.8482585	-5.144569	-4.453043
183164549600551	6.8985076	-5.1900325	-4.4913282
183164556448468	6.884151	-5.209175	-4.5272202
183164568839509	6.903293	-5.1828537	-4.508078
183164576518676	6.927222	-5.197211	-4.429115
183164526071593	6.9128647	-5.2283173	-4.371687
183164595986593	6.910472	-5.2235317	-4.3070807
183164606089978	6.896115	-5.1613183	-4.3238306
183164617112843	6.8985076	-5.1158547	-4.347759
183164627002478	6.91765	-5.13739	-4.354937
183164635187686	6.946364	-5.1206403	-4.3764725
183164643337895	6.9320073	-5.130212	-4.4147577
183164653159509	6.946364	-5.1493545	-4.3932223
183164586071593	6.9320073	-5.1086764	-4.3908296
183164673662113	6.9224358	-5.1469617	-4.398008
183164601071593	6.903293	-5.130212	-4.386044
183164608571593	6.8865438	-5.1158547	-4.369294
183164616071593	6.862615	-5.0823555	-4.347759
183164623571593	6.879365	-5.113462	-4.314259
183164723994197	6.908079	-5.1613183	-4.3070807
183164731494197	6.943971	-5.1469617	-4.2951164
183164738994197	7.01097	-5.1349974	-4.278367
183164746494197	7.058827	-5.1158547	-4.287938
183164753994197	7.01097	-5.1182475	-4.28076
183164761494197	6.9415784	-5.1732826	-4.26401
183164768994197	6.908079	-5.2402816	-4.2257247
183164776494197	6.893722	-5.245067	-4.194618
183164783994197	6.855437	-5.194818	-4.1898327
183164791494197	6.838687	-5.1924253	-4.1587257
183164819261957	6.869794	-5.178068	-4.130012
183164826605759	6.9535427	-5.163711	-4.132405
183164840951749	7.0085773	-5.1661043	-4.082155
183164847294092	6.9942207	-5.2259245	-4.065406
183164859080082	7.0085773	-5.261817	-4.048656
183164867621540	7.015756	-5.24746	-4.0438704
183164876947738	7.04447	-5.2283173	-4.017549
183164887971384	7.068398	-5.2307105	-4.0151563
183164893634040	7.0731835	-5.2139606	-4.005585
183164907239145	7.0325055	-5.194818	-4.005585
183164913515395	7.0061846	-5.1852465	-3.9888353
183164881494197	6.9822564	-5.180461	-3.9744785
183164932439770	6.9726853	-5.1876397	-3.9625144
183164940484353	6.9726853	-5.1924253	-3.9816568
183164954246749	7.0301127	-5.1876397	-3.9553359
183164958285499	7.0875406	-5.2235317	-3.952943
183164967746645	7.1162543	-5.2402816	-3.9720855
183164981642217	7.1138616	-5.211568	-3.9864426
183164990100603	7.097112	-5.180461	-3.9960139
183165003006124	7.0899334	-5.1828537	-3.9840498
183165008718988	7.0779696	-5.1876397	-3.9840498
183165021637582	7.0133634	-5.2546387	-4.034299
183165031074874	7.0612197	-5.261817	-4.0438704
183165068585186	7.042077	-5.2498527	-4.0103707
183165069673936	7.015756	-5.1924253	-4.024728
183165070595447	7.018149	-5.1900325	-4.024728
183165078095447	7.056434	-5.178068	-4.0558343
183165095779665	7.0301127	-5.156533	-4.024728
183165095980030	6.936793	-5.168497	-4.0510488
183165109537009	6.893722	-5.1924253	-4.0534415
183165115195707	6.8745794	-5.2426744	-4.0773697
183165126113363	6.867401	-5.2307105	-4.0869412
183165133501853	6.8482585	-5.209175	-4.0845485
183165148501853	6.862615	-5.130212	-4.101298
183165155980030	6.8506513	-5.1062837	-4.199404
183165163480030	6.8602223	-5.1254263	-4.1898327
183165170980030	6.9009004	-5.2331033	-4.2017965
183165178480030	6.9128647	-5.24746	-4.206582
183165185980030	6.869794	-5.1876397	-4.2711883
183165193480030	6.8865438	-5.0751767	-4.2927237
183165200980030	6.9320073	-5.048856	-4.3334017
183165208480030	6.8985076	-5.089534	-4.362116
183165215980030	6.8506513	-5.096712	-4.3932223
183165223480030	6.836294	-5.070391	-4.4554358
183165230980030	6.826723	-5.005785	-4.5391846
183165238480030	6.788438	-5.0392847	-4.5631127
183165245980030	6.754938	-4.996214	-4.601398
183165253480030	6.728617	-5.0392847	-4.625326
183165260980030	6.7238317	-4.9866424	-4.627719
183165268480030	6.71426	-5.048856	-4.618148
183165275980030	6.680761	-4.9316072	-4.6779685
183165283480030	6.661618	-4.833502	-4.76411
183165290980030	6.680761	-4.8693943	-4.9028935
183165298480030	6.661618	-4.8598228	-4.965107
183165305980030	6.6759753	-4.802395	-5.0273204
183165313480030	6.649654	-4.8526444	-5.099105
183165320980030	6.6305118	-4.7832522	-5.1158547
183165328480030	6.5682983	-4.7784667	-5.1589255
183165335980030	6.5347986	-4.7976093	-5.2259245
183165343480030	6.506085	-4.8191447	-5.24746
183165350980030	6.4773707	-4.9435716	-5.2689953
183165358480030	6.4797635	-4.9842496	-5.407779
183165365980030	6.4558353	-4.955536	-5.501099
183165373480030	6.498906	-4.9340005	-5.532206
183165380980030	6.530013	-4.974678	-5.505885
183165388480030	6.5491557	-4.941179	-5.477171
183165395980030	6.556334	-4.855037	-5.4388857
183165403480030	6.5659056	-4.7808595	-5.4867425
183165410980030	6.582655	-4.699504	-5.4843497
183165418480030	6.5682983	-4.625326	-5.4580283
183165425980030	6.5108705	-4.625326	-5.4891353
183165433480030	6.4534426	-4.699504	-5.4795637
183165544977113	6.3792653	-4.74736	-5.501099
183165547160759	6.0251274	-5.5633125	-5.4125648
183165554660759	6.802795	-5.419743	-4.5248275
183165562160759	6.5347986	-3.7806597	-5.8600225
183165569660759	5.773881	-3.802195	-5.5274205
183165577160759	6.1232333	-4.941179	-5.2689953
183165584660759	6.5084777	-5.0679984	-5.369494
183165592160759	6.166304	-4.709075	-5.4149575
183165599660759	5.9820566	-4.7976093	-5.5130634
183165607160759	6.1471615	-4.7952166	-5.505885
183165614660759	6.257231	-4.7449675	-5.6350975
183165622160759	6.242874	-4.6564326	-5.690132
183165629660759	6.1806607	-4.5822554	-5.6709895
183165637160759	6.13759	-4.618148	-5.7188463
183165644660759	6.1399827	-4.651647	-5.761917
183165652160759	6.113662	-4.613362	-5.8169518
183165659660759	6.099305	-4.6492543	-5.907879
183165667160759	6.125626	-4.7425747	-5.9437714
183165674660759	6.151947	-4.802395	-5.989235
183165682160759	6.195018	-4.766503	-6.0490556
183165689660759	6.235696	-4.6731825	-6.0514483
183165697160759	6.2811594	-4.65404	-6.0729837
183165704660759	6.2883377	-4.634897	-6.0897336
183165712160759	6.273981	-4.5822554	-6.099305
183165719660759	6.2524457	-4.5822554	-6.1064835
183165727160759	6.2141604	-4.6061835	-6.1304116
183165734660759	6.192625	-4.5487556	-6.178268
183165742160759	6.1567326	-4.5248275	-6.192625
183165810038207	6.0753765	-4.5152564	-6.2691956
183165757160759	6.029913	-4.5008993	-6.2787666
183165764660759	5.9700923	-4.4674	-6.300302
183165772160759	5.8863435	-4.4075794	-6.2787666
183165779660759	5.8600225	-4.314259	-6.2285175
183165787160759	5.812166	-4.3357944	-6.2811594
183165794660759	5.800202	-4.45065	-6.3457656
183165802160759	5.790631	-4.3908296	-6.3888364
183165809660759	5.771488	-4.290331	-6.431907
183165817160759	5.7547383	-4.2520456	-6.448657
183165824660759	5.7451673	-4.2161536	-6.472585
183165832160759	5.6709895	-4.2855453	-6.489335
183165839660759	5.623133	-4.302295	-6.501299
183165847160759	5.584848	-4.362116	-6.518049
183165854660759	5.5800624	-4.4171505	-6.5347986
183165862160759	5.6183476	-4.4889355	-6.5754766
183165869660759	5.625526	-4.476971	-6.599405
183165877160759	5.65424	-4.4745784	-6.570691
183165979305707	5.6949177	-4.496114	-6.530013
183165986805707	5.6590257	-4.4315076	-6.474978
183165994305707	5.6470613	-4.369294	-6.45105
183166001805707	5.6207404	-4.3525443	-6.4199433
183166009305707	5.6279187	-4.331009	-6.4271216
183166016805707	5.6207404	-4.28076	-6.422336
183166024305707	5.642276	-4.304688	-6.410372
183166031805707	5.7284174	-4.362116	-6.3792653
183166039305707	5.7451673	-4.3788652	-6.367301
183166046805707	5.7355957	-4.402794	-6.3361945
183166054305707	5.7260246	-4.3764725	-6.3792653
183166082202894	5.74756	-4.3357944	-6.410372
183166069305707	5.7379885	-4.345366	-6.431907
183166076805707	5.7188463	-4.3669014	-6.439086
183166084305707	5.7260246	-4.3357944	-6.4773707
183166091805707	5.7140603	-4.319045	-6.4845495
183166099305707	5.7379885	-4.278367	-6.5108705
183166106805707	5.74756	-4.2759743	-6.491728
183166114305707	5.7667027	-4.2448673	-6.4366927
183166121805707	5.757131	-4.316652	-6.4366927
183166129305707	5.761917	-4.369294	-6.472585
183166178316019	5.7523456	-4.35733	-6.4773707
183166144305707	5.7188463	-4.319045	-6.503692
183166200067113	5.697311	-4.331009	-6.515656
183166159305707	5.706882	-4.321438	-6.5204415
183166166805707	5.709275	-4.2855453	-6.5347986
183166174305707	5.704489	-4.290331	-6.556334
183166181805707	5.7451673	-4.2951164	-6.5682983
183166189305707	5.7690954	-4.338187	-6.570691
183166196805707	5.7427745	-4.395615	-6.6089764
183166204305707	5.7523456	-4.388437	-6.5898337
183166211805707	5.759524	-4.35733	-6.599405
183166219305707	5.7667027	-4.3525443	-6.63769
183166226805707	5.800202	-4.3932223	-6.647261
183166234305707	5.8767724	-4.402794	-6.613762
183166241805707	5.948557	-4.4315076	-6.573084
183166249305707	5.9844494	-4.476971	-6.573084
183166256805707	6.0155563	-4.536792	-6.539584
183166346045706	6.0418773	-4.5942197	-6.5276203
183166271805707	6.0825553	-4.5822554	-6.4701924
183166366663050	6.0777693	-4.546363	-6.422336
183166373004144	6.068198	-4.570291	-6.4031935
183166294305707	6.0753765	-4.5942197	-6.407979
183166301805707	6.0514483	-4.668397	-6.4127645
183166309305707	6.058627	-4.706682	-6.3696938
183166409394613	6.005985	-4.6899323	-6.3218374
183166416894613	5.9748783	-4.7306104	-6.2668023
183166424394613	5.922236	-4.7401814	-6.257231
183166431894613	5.8600225	-4.7377887	-6.242874
183166439394613	5.8887367	-4.7425747	-6.216553
183166446894613	5.864808	-4.7401814	-6.209375
183166454394613	5.852844	-4.7425747	-6.1854467
183166461894613	5.800202	-4.7688956	-6.1495543
183166469394613	5.790631	-4.7784667	-6.1040907
183166476894613	5.757131	-4.7377887	-6.111269
183166484394613	5.692525	-4.7401814	-6.0394845
183166491894613	5.6183476	-4.7018967	-5.9916277
183166499394613	5.601598	-4.6492543	-6.005985
183166506894613	5.5944195	-4.6229334	-6.0083776
183166514394613	5.6470613	-4.6037908	-5.994021
183166521894613	5.692525	-4.6205406	-5.994021
183166529394613	5.697311	-4.6636114	-6.005985
183166536894613	5.759524	-4.7306104	-6.017949
183166544394613	5.8337016	-4.7976093	-5.960521
183166551894613	5.8480587	-4.807181	-5.919843
183166599521956	5.7858453	-4.816752	-5.9294147
183166566894613	5.757131	-4.831109	-5.9676995
183166623154508	5.8097734	-4.8239303	-5.9294147
183166631790186	5.8480587	-4.8095737	-5.895915
183166589394613	5.845666	-4.6875396	-5.8839507
183166596894613	5.8360944	-4.6636114	-5.8743796
183166604394613	5.8265233	-4.644469	-5.879165
183166674835915	5.8097734	-4.601398	-5.881558
183166682105029	5.7810597	-4.54397	-5.8743796
183166693454508	5.812166	-4.551149	-5.852844
183166701266696	5.814559	-4.587041	-5.828916
183166712111436	5.8217373	-4.634897	-5.864808
183166649394613	5.85763	-4.634897	-5.852844
183166656894613	5.938986	-4.6396832	-5.8241305
183166664394613	5.9342003	-4.6229334	-5.7930236
183166671894613	5.8839507	-4.6205406	-5.757131
183166679394613	5.8097734	-4.5942197	-5.7116675
183166686894613	5.709275	-4.5894337	-5.625526
183166694394613	5.6781683	-4.5152564	-5.5633125
183166701894613	5.6303115	-4.4985065	-5.5465627
183166796751019	5.6279187	-4.436293	-5.5537415
183166805944769	5.6733823	-4.4602213	-5.556134
183166814975342	5.7116675	-4.4889355	-5.5465627
183166827238519	5.706882	-4.520042	-5.558527
183166834738519	5.6853466	-4.5391846	-5.568098
183166842238519	5.690132	-4.505685	-5.6063833
183166849738519	5.788238	-4.45065	-5.709275
183166866873206	5.8839507	-4.412365	-5.797809
183166874938571	6.02752	-4.426722	-5.9150577
183166884111175	6.0921264	-4.4458647	-6.0634127
183166899111175	6.0897336	-4.5296135	-6.235696
183166894738519	6.1208405	-4.610969	-6.367301
183166902238519	6.15434	-4.6875396	-6.4941206
183166925789977	6.101698	-4.792824	-6.606583
183166917238519	6.0251274	-4.8861437	-6.719046
183166924738519	5.9413786	-4.9363933	-6.7908306
183166932238519	5.723632	-4.9340005	-6.7836523
183166939738519	5.6207404	-4.773681	-6.7262244
183166947238519	5.45085	-4.6205406	-6.6161547
183166987939144	5.218746	-4.575077	-6.5754766
183166999331904	5.032106	-4.668397	-6.489335
183166969738519	4.8526444	-4.668397	-6.4055862
183167018215810	4.792824	-4.5966125	-6.3768725
183167030495758	4.898108	-4.476971	-6.3696938
183167036764196	5.087141	-4.4339004	-6.35773
183167049922217	5.312066	-4.369294	-6.2668023
183167007238519	5.534599	-4.2999024	-6.1998034
183167069986227	5.7140603	-4.359723	-6.099305
183167029738519	6.1208405	-4.546363	-6.0394845
183167037238519	6.300302	-4.6468616	-6.087341
183167044738519	6.3888364	-4.8215375	-6.1447687
183167052238519	6.465407	-4.9579287	-6.0729837
183167059738519	6.5611196	-5.1014977	-6.068198
183167067238519	6.704689	-5.245067	-6.005985
183167074738519	6.836294	-5.3742795	-5.869594
183167082238519	6.9391856	-5.4125648	-5.690132
183167089738519	6.8985076	-5.383851	-5.503492
183167097238519	6.829116	-5.3766723	-5.4412785
183167104738519	6.745367	-5.3718867	-5.3742795
183167112238519	6.695118	-5.3359947	-5.3407803
183167119738519	6.678368	-5.3240304	-5.211568
183167211181071	6.6568327	-5.328816	-5.072784
183167134738519	6.5898337	-5.24746	-4.898108
183167142238519	6.4941206	-5.1206403	-4.7210393
183167149738519	6.391229	-5.003392	-4.627719
183167157238519	6.343373	-4.8215375	-4.627719
183167164738519	6.422336	-4.6325045	-4.5248275
183167268788154	6.424729	-4.5296135	-4.3238306
183167274921644	6.431907	-4.4985065	-4.1084766
183167282421644	6.4414787	-4.520042	-4.022335
183167289921644	6.503692	-4.6205406	-4.0127635
183167297421644	6.5946193	-4.65404	-4.0007997
183167304921644	6.7501526	-4.692325	-4.034299
183167312421644	6.8985076	-4.800002	-4.031906
183167319921644	6.9822564	-4.9842496	-4.0845485
183167327421644	7.056434	-5.1158547	-4.1515474
183167334921644	7.070791	-5.1876397	-4.101298
183167342421644	7.109076	-5.2737813	-3.993621
183167349921644	7.003792	-5.517849	-3.9577286
183167357421644	6.9535427	-5.6063833	-3.952943
183167364921644	7.0085773	-5.503492	-3.952943
183167372421644	7.085148	-5.319245	-3.938586
183167379921644	7.0468626	-5.1469617	-3.8524444
183167387421644	6.8889365	-5.0656056	-3.696911
183167394921644	6.74776	-5.032106	-3.5724843
183167402421644	6.6352973	-4.965107	-3.4887354
183167409921644	6.539584	-4.8358946	-3.426522
183167417421644	6.465407	-4.855037	-3.4313076
183167424921644	6.3960147	-5.015356	-3.562913
183167432421644	6.4295144	-5.168497	-3.7088752
183167439921644	6.6257257	-5.197211	-3.9074793
183167447421644	6.826723	-5.13739	-4.220939
183167454921644	7.0133634	-5.113462	-4.421936
183167462421644	7.0731835	-5.058427	-4.520042
183167469921644	7.0205417	-5.056034	-4.6301117
183167477421644	6.984649	-5.111069	-4.816752
183167484921644	7.082755	-5.2163534	-4.9196434
183167492421644	7.183254	-5.271388	-4.9363933
183167499921644	7.216753	-5.2689953	-4.9842496
183167507421644	7.207182	-5.204389	-5.056034
183167514921644	7.2358956	-5.1182475	-5.1086764
183167522421644	7.2215385	-5.0392847	-5.087141
183167529921644	7.1377897	-4.8598228	-4.9986067
183167537421644	7.0133634	-4.749753	-4.9316072
183167544921644	6.8913293	-4.7042894	-4.898108
183167552421644	6.73101	-4.7545385	-4.883751
183167559921644	6.6424756	-4.800002	-4.907679
183167567421644	6.5682983	-4.847859	-4.8789654
183167574921644	6.463014	-4.807181	-4.8693943
183167671101748	6.35773	-4.7282176	-4.8358946
183167674705029	6.2955165	-4.65404	-4.8119664
183167688962946	6.2237315	-4.7306104	-4.800002
183167705569873	6.2141604	-4.8119664	-4.8358946
183167708976331	6.216553	-4.9459643	-4.9722853
183167714737321	6.2644095	-4.991428	-5.13739
183167727586643	6.3696938	-5.0823555	-5.3479586
183167742586643	6.5252275	-5.1469617	-5.5202417
183167757586643	6.573084	-5.168497	-5.584848
183167752237321	6.5754766	-5.103891	-5.572884
183167759737321	6.532406	-4.95075	-5.477171
183167767237321	6.4797635	-4.9172506	-5.4388857
183167774737321	6.4558353	-5.029713	-5.424529
183167782237321	6.4869423	-5.1900325	-5.367101
183167815478362	6.5443697	-5.1326046	-5.3718867
183167797237321	6.63769	-5.15414	-5.4125648
183167833210133	6.666404	-5.127819	-5.3503513
183167843849820	6.6568327	-4.9603214	-5.369494
183167819737321	6.678368	-4.8885365	-5.3096733
183167827237321	6.745367	-4.8454657	-5.168497
183167834737321	6.814759	-4.9196434	-5.063213
183167842237321	6.7812595	-4.9435716	-5.0081778
183167889238050	6.7262244	-4.9340005	-4.979464
183167902487320	6.719046	-4.914858	-5.0105705
183167908428883	6.6711893	-4.8526444	-5.0512486
183167922985289	6.6568327	-4.7210393	-5.0679984
183167929813779	6.647261	-4.668397	-5.0249276
183167887237321	6.5946193	-4.610969	-4.9842496
183167894737321	6.539584	-4.5966125	-4.914858
183167902237321	6.489335	-4.575077	-4.855037
183167909737321	6.4558353	-4.546363	-4.8191447
183167917237321	6.4701924	-4.575077	-4.831109
183167986319560	6.4701924	-4.5966125	-4.912465
183167999691018	6.518049	-4.6707897	-4.981857
183167939737321	6.63769	-4.666004	-5.056034
183168019276487	6.678368	-4.692325	-5.1206403
183168027342633	6.695118	-4.759324	-5.139783
183168033057477	6.719046	-4.8215375	-5.2139606
183168046436748	6.7669024	-4.8646083	-5.2570314
183167977237321	6.7669024	-4.924429	-5.2426744
183167984737321	6.7405815	-4.9842496	-5.1876397
183167992237321	6.7429743	-4.9986067	-5.1326046
183168079032477	6.687939	-4.9196434	-5.17089
183168092715654	6.664011	-4.9172506	-5.204389
183168103511852	6.63769	-4.9435716	-5.2642097
183168112261070	6.6281185	-4.8909297	-5.2905307
183168124787372	6.623333	-4.867001	-5.3096733
183168132348622	6.623333	-4.9028935	-5.3503513
183168143284143	6.678368	-4.8526444	-5.355137
183168152943258	6.6831536	-4.7952166	-5.3216376
183168154787372	6.65444	-4.759324	-5.288138
183168175332372	6.63769	-4.749753	-5.2426744
183168177287372	6.5778694	-4.6492543	-5.1158547
183168184787372	6.556334	-4.599005	-5.089534
183168192287372	6.5539412	-4.625326	-5.089534
183168199787372	6.503692	-4.6803613	-5.0656056
183168226488154	6.465407	-4.7545385	-5.1062837
183168237129039	6.474978	-4.8693943	-5.139783
183168247851175	6.5371914	-4.8693943	-5.1421757
183168252516018	6.570691	-4.898108	-5.0847483
183168237287372	6.5659056	-4.9292145	-5.063213
183168244787372	6.546763	-4.9316072	-5.0129633
183168252287372	6.5347986	-4.989035	-5.0129633
183168259787372	6.5204415	-5.0105705	-4.9698925
183168267287372	6.5108705	-5.0249276	-4.910072
183168274787372	6.4941206	-5.0775695	-4.9363933
183168282287372	6.4869423	-5.1182475	-4.9268217
183168289787372	6.4869423	-5.1326046	-4.9028935
183168297287372	6.501299	-5.0751767	-4.924429
183168304787372	6.5276203	-4.9938207	-4.9459643
183168312287372	6.573084	-4.965107	-4.9986067
183168319787372	6.6041903	-4.962714	-5.048856
183168378908310	6.5850477	-4.941179	-5.070391
183168334787372	6.5635123	-4.9770713	-5.0416775
183168342287372	6.5443697	-4.989035	-5.029713
183168349787372	6.513263	-4.996214	-5.046463
183168357287372	6.498906	-5.0105705	-5.1014977
183168364787372	6.5347986	-5.0440702	-5.139783
183168372287372	6.613762	-5.032106	-5.178068
183168379787372	6.6448684	-5.032106	-5.17089
183168387287372	6.664011	-4.9674997	-5.1756754
183168394787372	6.6831536	-4.9435716	-5.1613183
183168402287372	6.6329045	-4.871787	-5.1014977
183168409787372	6.556334	-4.8933225	-5.0512486
183168417287372	6.4821568	-4.9531426	-4.996214
183168424787372	6.4055862	-5.0679984	-4.991428
183168432287372	6.3385873	-5.1421757	-4.9770713
183168439787372	6.3050876	-5.130212	-4.989035
183168447287372	6.3481584	-5.1182475	-5.003392
183168454787372	6.410372	-5.0847483	-5.003392
183168462287372	6.422336	-5.0512486	-4.9938207
183168562978831	6.4414787	-5.005785	-4.979464
183168570478831	6.448657	-5.0249276	-4.962714
183168577978831	6.4414787	-5.070391	-4.9459643
183168585478831	6.4462643	-5.056034	-4.881358
183168592978831	6.4438715	-5.005785	-4.8622155
183168600478831	6.3888364	-4.974678	-4.871787
183168607978831	6.3864436	-4.9603214	-4.914858
183168615478831	6.391229	-4.9603214	-4.95075
183168622978831	6.463014	-4.9603214	-4.979464
183168630478831	6.5371914	-4.9459643	-5.0249276
183168637978831	6.570691	-4.914858	-5.0249276
183168645478831	6.5682983	-4.883751	-5.0081778
183168652978831	6.5443697	-4.9052863	-5.022535
183168660478831	6.5276203	-4.910072	-4.989035
183168667978831	6.513263	-4.9698925	-4.981857
183168675478831	6.5204415	-5.005785	-4.9986067
183168682978831	6.530013	-5.020142	-5.0679984
183168690478831	6.5659056	-4.9842496	-5.127819
183168697978831	6.6089764	-4.9722853	-5.1086764
183168705478831	6.6089764	-4.9674997	-5.103891
183168757808883	6.606583	-4.955536	-5.1014977
183168720478831	6.606583	-4.979464	-5.0943193
183168727978831	6.597012	-5.0273204	-5.063213
183168735478831	6.5635123	-5.0440702	-5.06082
183168742978831	6.532406	-5.0512486	-5.048856
183168750478831	6.5515485	-5.0273204	-5.0177493
183168757978831	6.5682983	-4.9866424	-4.9842496
183168765478831	6.5682983	-4.948357	-4.9579287
183168772978831	6.5611196	-4.9866424	-4.922036
183168780478831	6.599405	-4.974678	-4.912465
183168787978831	6.63769	-4.922036	-4.871787
183168795478831	6.664011	-4.9172506	-4.8454657
183168869369664	6.6329045	-4.962714	-4.816752
183168878569195	6.65444	-4.9842496	-4.807181
183168817978831	6.613762	-4.9842496	-4.7952166
183168825478831	6.6185474	-4.996214	-4.807181
183168907267424	6.6568327	-4.979464	-4.8502517
183168915684508	6.704689	-4.9579287	-4.8885365
183168926764508	6.7405815	-4.9603214	-4.910072
183168939414091	6.73101	-5.0177493	-4.8861437
183168948586799	6.695118	-5.0009995	-4.8239303
183168870478831	6.690332	-5.005785	-4.802395
183168877978831	6.6927247	-4.981857	-4.802395
183168885478831	6.6999035	-4.965107	-4.8047876
183168892978831	6.7238317	-4.9722853	-4.7712884
183168993372841	6.6975107	-4.9938207	-4.7425747
183169000872841	6.6975107	-4.9938207	-4.709075
183169008372841	6.71426	-5.046463	-4.668397
183169015872841	6.707082	-5.0847483	-4.6301117
183169023372841	6.6855464	-5.0775695	-4.65404
183169030872841	6.745367	-5.0679984	-4.6492543
183169038372841	6.7669024	-5.0344987	-4.634897
183169062439612	6.7740808	-5.048856	-4.6037908
183169076027737	6.7501526	-5.070391	-4.601398
183169081631435	6.735796	-5.029713	-4.5918264
183169094896383	6.745367	-4.9698925	-4.6085763
183169102531122	6.719046	-4.991428	-4.618148
183169112842112	6.7405815	-4.991428	-4.618148
183169121085705	6.7740808	-5.0368915	-4.601398
183169136085705	6.7645097	-5.0536413	-4.644469
183169113372841	6.798009	-5.0775695	-4.634897
183169120872841	6.838687	-5.0775695	-4.6372905
183169128372841	6.8219376	-4.965107	-4.7114677
183169135872841	6.838687	-4.974678	-4.6875396
183169143372841	6.8339014	-5.015356	-4.6636114
183169150872841	6.7908306	-5.020142	-4.615755
183169158372841	6.8099732	-5.005785	-4.5894337
183169165872841	6.8243303	-5.003392	-4.587041
183169173372841	6.8075805	-5.005785	-4.5798626
183169180872841	6.8171515	-5.029713	-4.5559344
183169188372841	6.8506513	-5.0847483	-4.575077
183169257202997	6.8650084	-5.15414	-4.551149
183169263914195	6.8721867	-5.151747	-4.5296135
183169278914195	6.867401	-5.1326046	-4.5296135
183169225872841	6.8410797	-5.127819	-4.486542
183169309841018	6.8171515	-5.0751767	-4.4339004
183169248372841	6.7812595	-5.1014977	-4.45065
183169255872841	6.802795	-5.13739	-4.4195433
183169263372841	6.8195443	-5.1349974	-4.4051867
183169270872841	6.8458657	-5.0799623	-4.4004006
183169278372841	6.896115	-5.0344987	-4.4171505
183169285872841	6.8913293	-4.9986067	-4.4554358
183169293372841	6.9152575	-5.022535	-4.4889355
183169300872841	6.9344	-5.0751767	-4.4721856
183169308372841	6.910472	-5.1349974	-4.4841495
183169315872841	6.910472	-5.072784	-4.3764725
183169323372841	6.9248285	-5.015356	-4.3836513
183169427584455	6.948757	-5.015356	-4.386044
183169435084455	6.960721	-5.0273204	-4.3645086
183169442584455	6.943971	-5.022535	-4.3262234
183169462718882	6.9009004	-5.032106	-4.359723
183169465084455	6.9128647	-5.0512486	-4.321438
183169482097893	6.91765	-5.070391	-4.2927237
183169480084455	6.936793	-5.0344987	-4.278367
183169487584455	6.9990063	-5.2307105	-4.1754756
183169515983778	7.0205417	-5.2833524	-4.156333
183169525474195	7.04447	-5.2331033	-4.139583
183169510084455	7.051648	-5.2235317	-4.115655
183169517584455	7.0468626	-5.245067	-4.1036906
183169525084455	6.987042	-5.2402816	-4.0366917
183169532584455	6.9942207	-5.2283173	-4.017549
183169566715132	7.018149	-5.2283173	-4.0271206
183169580791174	7.0372915	-5.1852465	-4.024728
183169595791174	7.0301127	-5.1732826	-3.9481573
183169570084455	7.025327	-5.221139	-3.9840498
183169577584455	7.051648	-5.211568	-3.9744785
183169585084455	7.0325055	-5.1852465	-3.9601214
183169592584455	7.01097	-5.15414	-3.952943
183169647195601	7.001399	-5.17089	-3.9744785
183169607584455	6.987042	-5.144569	-4.019942
183169615084455	6.9966135	-5.0823555	-4.0390844
183169680930653	7.0061846	-5.1062837	-4.082155
183169687298778	7.0061846	-5.113462	-4.06062
183169637584455	7.042077	-5.0512486	-4.0797625
183169705186122	7.0372915	-5.0129633	-4.0797625
183169715618205	7.015756	-5.032106	-4.058227
183169720868153	6.991828	-5.087141	-4.024728
183169735868153	6.991828	-5.0440702	-4.0534415
183169742512736	6.9678993	-5.032106	-4.082155
183169682584455	6.984649	-4.996214	-4.0941195
183169766316070	7.001399	-5.003392	-4.125226
183169697584455	6.9990063	-5.0009995	-4.1108694
183169705084455	7.003792	-5.0009995	-4.1347976
183169792347632	6.9894347	-5.020142	-4.1467614
183169803235549	6.9559355	-5.048856	-4.156333
183169812771434	6.8913293	-5.0512486	-4.1611185
183169822334663	6.8889365	-5.0368915	-4.1778684
183169831056278	6.9056864	-5.0656056	-4.2041893
183169750084455	6.9415784	-5.0847483	-4.2017965
183169851317268	6.977471	-5.103891	-4.23051
183169858817268	6.948757	-5.06082	-4.2592244
183169866317268	6.9894347	-4.9770713	-4.278367
183169873817268	6.9894347	-4.910072	-4.321438
183169881317268	6.975078	-4.9435716	-4.3525443
183169888817268	6.948757	-4.981857	-4.3669014
183169896317268	6.948757	-4.974678	-4.4147577
183169903817268	6.9655066	-4.962714	-4.4482574
183169911317268	6.9128647	-4.948357	-4.4745784
183169918817268	6.8506513	-4.912465	-4.5391846
183169926317268	6.862615	-4.895715	-4.5487556
183169933817268	6.8339014	-4.907679	-4.558327
183169941317268	6.843473	-4.948357	-4.615755
183169948817268	6.802795	-4.9292145	-4.644469
183169956317268	6.8315086	-4.867001	-4.7162533
183169963817268	6.8219376	-4.8358946	-4.8191447
183169971317268	6.8219376	-4.867001	-4.881358
183170021458205	6.778867	-4.847859	-4.895715
183169993817268	6.704689	-4.7832522	-4.9722853
183170001317268	6.704689	-4.7880383	-4.9866424
183170008817268	6.7525454	-4.8215375	-5.0512486
183170016317268	6.7764735	-4.8861437	-5.1900325
183170023817268	6.7812595	-4.9196434	-5.2331033
183170031317268	6.735796	-4.9172506	-5.261817
183170038817268	6.7429743	-4.8765726	-5.304888
183170046317268	6.7812595	-4.7856455	-5.3240304
183170053817268	6.7118673	-4.706682	-5.3718867
183170061317268	6.6424756	-4.7042894	-5.4460645
183170068817268	6.62094	-4.8047876	-5.474778
183170076317268	6.599405	-4.8502517	-5.4795637
183170083817268	6.613762	-4.759324	-5.5274205
183170091317268	6.5898337	-4.752146	-5.5250273
183170098817268	6.597012	-4.6731825	-5.465207
183170106317268	6.570691	-4.7018967	-5.4723854
183170113817268	6.5659056	-4.759324	-5.503492
183170121317268	6.530013	-4.766503	-5.5130634
183170128817268	6.463014	-4.6899323	-5.5369916
183170136317268	6.250053	-4.240082	-6.3457656
183170143817268	7.2263246	-5.367101	-4.4602213
183170151317268	7.051648	-4.766503	-5.5920267
183170158817268	6.355337	-4.5224347	-5.8241305
183170166317268	6.017949	-4.601398	-5.3144593
183170173817268	6.204589	-4.4913282	-5.386244
183170181317268	6.235696	-4.082155	-5.4317074
183170283631278	6.1064835	-4.0271206	-5.608776
183170290550497	6.0634127	-4.4339004	-5.704489
183170298050497	6.099305	-4.57747	-5.7762737
183170305550497	6.0394845	-4.634897	-5.881558
183170313050497	6.0370917	-4.5655055	-5.879165
183170320550497	5.9988065	-4.4913282	-5.9007006
183170328050497	6.013163	-4.4889355	-5.9557357
183170335550497	6.0083776	-4.5487556	-6.0514483
183170343050497	5.979664	-4.5296135	-6.125626
183170350550497	5.962914	-4.4817567	-6.1854467
183170358050497	5.989235	-4.4985065	-6.2285175
183170365550497	6.0227346	-4.5487556	-6.2883377
183170373050497	6.02752	-4.520042	-6.2787666
183170408563830	6.020342	-4.486542	-6.309873
183170395550497	6.0514483	-4.398008	-6.343373
183170403050497	6.0418773	-4.3525443	-6.3625154
183170410550497	6.017949	-4.2568316	-6.3290157
183170418050497	5.8839507	-4.206582	-6.3601227
183170470939299	5.8097734	-4.26401	-6.4343
183170440550497	5.8360944	-4.2329035	-6.4773707
183170487055132	5.8432727	-4.240082	-6.539584
183170455550497	5.831309	-4.165904	-6.573084
183170463050497	5.814559	-4.0151563	-6.6089764
183170470550497	5.7858453	-4.007978	-6.704689
183170478050497	5.6733823	-4.0127635	-6.7238317
183170485550497	5.608776	-4.06062	-6.8075805
183170493050497	5.5657053	-4.115655	-6.903293
183170561410080	5.5896335	-4.1204405	-6.9224358
183170572409872	5.5968122	-4.0151563	-6.896115
183170581839559	5.5633125	-3.926622	-6.9320073
183170591351174	5.558527	-3.8620157	-6.903293
183170599756017	5.54417	-3.888337	-6.896115
183170610864299	5.534599	-3.9720855	-6.9056864
183170619419559	5.532206	-3.9625144	-6.8817577
183170628724767	5.5226345	-4.0366917	-6.896115
183170560550497	5.54417	-4.1204405	-6.862615
183170568050497	5.5633125	-4.101298	-6.8602223
183170575550497	5.556134	-4.063013	-6.838687
183170666060392	5.5369916	-3.9720855	-6.7764735
183170672584507	5.534599	-3.912265	-6.745367
183170598050497	5.5298133	-3.8644085	-6.7764735
183170605550497	5.503492	-3.8787656	-6.814759
183170613050497	5.419743	-3.9290147	-6.826723
183170713921799	5.4053864	-3.9433718	-6.876972
183170721421799	5.383851	-3.9026937	-6.908079
183170728921799	5.3503513	-3.897908	-6.9535427
183170736421799	5.2905307	-3.8763726	-6.95115
183170743921799	5.3096733	-3.888337	-6.9583282
183170751421799	5.345566	-3.8141594	-6.9391856
183170758921799	5.369494	-3.8333018	-6.9391856
183170766421799	5.3623157	-3.8117664	-6.9655066
183170773921799	5.3336015	-3.7567315	-6.9655066
183170781421799	5.2977095	-3.7304106	-7.003792
183170788921799	5.2929235	-3.6897326	-7.001399
183170796421799	5.2905307	-3.6897326	-6.9942207
183170803921799	5.316852	-3.739982	-6.9583282
183170811421799	5.3383875	-3.7591243	-6.960721
183170818921799	5.369494	-3.8620157	-6.920043
183170826421799	5.3742795	-3.9146578	-6.8817577
183170833921799	5.352744	-3.9601214	-6.876972
183170841421799	5.3886366	-3.9553359	-6.8410797
183170848921799	5.400601	-3.9481573	-6.826723
183170856421799	5.4699926	-3.9577286	-6.7645097
183170863921799	5.517849	-3.952943	-6.680761
183170871421799	5.5704913	-3.9553359	-6.707082
183170878921799	5.6374903	-3.9673	-6.664011
183170886421799	5.6303115	-3.993621	-6.63769
183170893921799	5.615955	-4.0271206	-6.661618
183170901421799	5.599205	-4.0677986	-6.680761
183170908921799	5.613562	-4.1036906	-6.719046
183170916421799	5.6853466	-4.091727	-6.7908306
183170923921799	5.7667027	-4.0510488	-6.798009
183170931421799	5.8265233	-3.991228	-6.7836523
183170938921799	5.845666	-3.9457645	-6.802795
183170946421799	5.9318075	-3.9601214	-6.8075805
183170953921799	6.0083776	-4.0127635	-6.814759
183170961421799	5.9988065	-4.0031924	-6.867401
183170968921799	5.9318075	-3.9888353	-6.8578296
183170976421799	5.869594	-4.1371903	-6.8578296
183170983921799	5.85763	-4.2281175	-6.862615
183170991421799	5.8600225	-4.1850467	-6.8339014
183170998921799	5.9150577	-4.278367	-6.843473
183171006421799	6.005985	-4.199404	-6.7836523
183171013921799	6.04427	-4.1587257	-6.798009
183171021421799	6.087341	-4.1754756	-6.812366
183171028921799	6.1447687	-4.1036906	-6.73101
183171132823465	6.13759	-4.0869412	-6.7094746
183171138759819	6.1064835	-4.0414777	-6.6568327
183171146259819	6.084948	-4.091727	-6.5850477
183171153759819	6.070591	-4.1850467	-6.513263
183171161259819	6.017949	-4.2041893	-6.45105
183171168759819	5.9581285	-4.3094735	-6.4462643
183171176259819	5.936593	-4.4051867	-6.498906
183171183759819	5.9294147	-4.4841495	-6.498906
183171191259819	5.9270215	-4.4578285	-6.463014
183171198759819	5.922236	-4.3908296	-6.474978
183171206259819	5.8887367	-4.386044	-6.4869423
183171213759819	5.864808	-4.2855453	-6.503692
183171221259819	5.8337016	-4.302295	-6.4845495
183171228759819	5.790631	-4.3501515	-6.506085
183171236259819	5.7427745	-4.3334017	-6.491728
183171243759819	5.7379885	-4.2999024	-6.498906
183171251259819	5.680561	-4.3262234	-6.5084777
183171258759819	5.6350975	-4.395615	-6.491728
183171266259819	5.556134	-4.453043	-6.5204415
183171273759819	5.4963136	-4.4051867	-6.530013
183171281259819	5.4412785	-4.3836513	-6.5682983
183171288759819	5.426922	-4.4458647	-6.5539412
183171339325913	5.407779	-4.517649	-6.5108705
183171349879298	5.386244	-4.45065	-6.489335
183171311259819	5.4173503	-4.4075794	-6.4414787
183171318759819	5.4819565	-4.429115	-6.352944
183171326259819	5.5298133	-4.4985065	-6.3074803
183171443145288	5.5704913	-4.4889355	-6.343373
183171444251486	5.6303115	-4.5008993	-6.3888364
183171445574194	5.7762737	-4.426722	-6.424729
183171453074194	5.8887367	-4.5008993	-6.4534426
183171454933986	5.9150577	-4.510471	-6.4797635
183171455495757	5.895915	-4.520042	-6.4701924
183171462995757	5.919843	-4.5008993	-6.3696938
183171465800027	5.8217373	-4.4410787	-6.2931237
183171473300027	5.697311	-4.3118663	-6.1974106
183171475860392	5.5465627	-4.1515474	-6.1567326
183171483360392	5.3886366	-3.9864426	-6.166304
183171493417215	5.3072805	-3.8739798	-6.1399827
183171504367788	5.261817	-3.8620157	-6.0825553
183171505860392	5.127819	-3.8955152	-6.084948
183171513360392	5.151747	-4.0295134	-6.101698
183171538252215	5.2977095	-4.1443686	-6.178268
183171553252215	5.4436717	-4.1754756	-6.2979093
183171550860392	5.649454	-4.132405	-6.5922265
183171558360392	5.709275	-4.2352962	-6.704689
183171565860392	5.6350975	-4.4051867	-6.8721867
183171573360392	5.584848	-4.5248275	-6.867401
183171580860392	5.474778	-4.625326	-6.829116
183171588360392	5.3886366	-4.7425747	-6.8075805
183171595860392	5.4029937	-4.7282176	-6.798009
183171603360392	5.4221363	-4.718646	-6.7405815
183171610860392	5.3766723	-4.6564326	-6.652047
183171618360392	5.285745	-4.5822554	-6.5515485
183171625860392	5.178068	-4.510471	-6.4677997
183171633360392	5.1493545	-4.4674	-6.3864436
183171640860392	5.178068	-4.347759	-6.3361945
183171648360392	5.1756754	-4.2592244	-6.4008007
183171655860392	5.2977095	-4.2017965	-6.3314085
183171663360392	5.4388857	-4.125226	-6.2883377
183171670860392	5.5537415	-4.019942	-6.285945
183171678360392	5.65424	-4.0510488	-6.367301
183171685860392	5.8097734	-4.072584	-6.422336
183171693360392	5.9318075	-4.0869412	-6.458228
183171700860392	6.128019	-4.1467614	-6.472585
183171708360392	6.343373	-4.23051	-6.513263
183171715860392	6.5084777	-4.278367	-6.4821568
183171723360392	6.5443697	-4.35733	-6.407979
183171846157059	6.7381887	-4.5726843	-6.218946
183171846384142	6.7381887	-4.551149	-6.161518
183171846457371	6.7812595	-4.510471	-6.0658054
183171846535079	6.778867	-4.4410787	-5.95095
183171860566277	6.7118673	-4.546363	-5.7523456
183171869269663	6.6735826	-4.5415773	-5.5250273
183171877411642	6.580262	-4.584648	-5.3407803
183171892411642	6.515656	-4.5152564	-5.1756754
183171897777579	6.4558353	-4.4482574	-5.058427
183171905612684	6.410372	-4.436293	-4.9938207
183171913238413	6.410372	-4.4243293	-4.9268217
183171921234559	6.4151573	-4.402794	-4.907679
183171929786954	6.45105	-4.319045	-4.867001
183171941683048	6.4558353	-4.321438	-4.790431
183171929079038	6.532406	-4.316652	-4.699504
183171936579038	6.606583	-4.2568316	-4.536792
183171944079038	6.611369	-4.2951164	-4.371687
183171951579038	6.5252275	-4.4195433	-4.342973
183171959079038	6.5491557	-4.5320063	-4.3070807
183171966579038	6.6999035	-4.584648	-4.2448673
183171974079038	6.855437	-4.558327	-4.278367
183171981579038	7.0061846	-4.5535417	-4.3094735
183171989079038	7.099505	-4.6875396	-4.3118663
183171996579038	7.1162543	-4.7832522	-4.316652
183172004079038	7.1138616	-4.914858	-4.28076
183172011579038	7.149754	-4.9986067	-4.254439
183172019079038	7.173682	-5.204389	-4.2017965
183172026579038	7.1449685	-5.276174	-4.2568316
183172034079038	7.1688967	-5.3407803	-4.2975097
183172108410704	7.2957163	-5.328816	-4.2927237
183172056579038	7.3028946	-5.151747	-4.304688
183172064079038	7.1569324	-5.1206403	-4.2592244
183172071579038	6.9990063	-5.235496	-4.220939
183172079079038	6.8482585	-5.259424	-4.1371903
183172086579038	6.5754766	-5.0799623	-4.0677986
183172094079038	6.541977	-5.070391	-4.072584
183172175801850	6.62094	-5.0823555	-4.065406
183172183240704	6.65444	-4.895715	-4.024728
183172194696329	6.7094746	-4.84068	-4.048656
183172124079038	6.8219376	-4.814359	-4.06062
183172214048100	6.9296145	-4.843073	-4.1587257
183172224987631	6.9966135	-4.87418	-4.2687955
183172232727319	7.058827	-4.924429	-4.345366
183172244250079	7.1808605	-4.979464	-4.426722
183172251986642	7.338787	-5.0249276	-4.465007
183172261217996	7.432107	-5.005785	-4.465007
183172272891173	7.429714	-4.9172506	-4.496114
183172278195756	7.396215	-4.7712884	-4.5152564
183172285695756	7.348358	-4.735396	-4.6492543
183172293195756	7.3603225	-4.65404	-4.658826
183172307671954	7.312466	-4.6325045	-4.766503
183172314943985	7.207182	-4.5918264	-4.8598228
183172327234454	7.1066833	-4.575077	-4.9340005
183172336916798	6.9990063	-4.57747	-4.991428
183172348177215	6.8913293	-4.627719	-5.0823555
183172356270027	6.8721867	-4.6325045	-5.1589255
183172366831225	6.862615	-4.682754	-5.245067
183172376368569	6.7740808	-4.625326	-5.319245
183172360695756	6.71426	-4.6899323	-5.3647084
183172368195756	6.62094	-4.7306104	-5.395815
183172375695756	6.647261	-4.7808595	-5.4317074
183172383195756	6.707082	-4.7545385	-5.4436717
183172390695756	6.769295	-4.7210393	-5.505885
183172435701017	6.8099732	-4.6396832	-5.582455
183172445583360	6.800402	-4.625326	-5.5968122
183172413195756	6.8219376	-4.666004	-5.54417
183172420695756	6.8243303	-4.634897	-5.4388857
183172428195756	6.7645097	-4.5798626	-5.3886366
183172435695756	6.728617	-4.5415773	-5.355137
183172443195756	6.735796	-4.469793	-5.2833524
183172450695756	6.6975107	-4.5128636	-5.2498527
183172458195756	6.6041903	-4.5320063	-5.261817
183172465695756	6.5252275	-4.5320063	-5.2259245
183172473195756	6.4414787	-4.5248275	-5.276174
183172480695756	6.4606214	-4.520042	-5.2809596
183172488195756	6.4773707	-4.4889355	-5.2953167
183172495695756	6.558727	-4.534399	-5.3623157
183172503195756	6.6687965	-4.5248275	-5.3072805
183172510695756	6.6999035	-4.5128636	-5.300102
183172518195756	6.687939	-4.426722	-5.2833524
183172525695756	6.6687965	-4.4817567	-5.209175
183172533195756	6.707082	-4.536792	-5.180461
183172540695756	6.65444	-4.453043	-5.103891
183172548195756	6.5754766	-4.462614	-5.0823555
183172555695756	6.5443697	-4.4315076	-5.0009995
183172563195756	6.558727	-4.429115	-4.9579287
183172570695756	6.546763	-4.388437	-4.9722853
183172578195756	6.5515485	-4.338187	-4.941179
183172585695756	6.530013	-4.347759	-4.938786
183172593195756	6.506085	-4.388437	-4.979464
183172600695756	6.506085	-4.4578285	-4.9938207
183172701206798	6.532406	-4.505685	-5.015356
183172708706798	6.503692	-4.54397	-5.0751767
183172716206798	6.539584	-4.5726843	-5.1349974
183172723706798	6.606583	-4.584648	-5.1661043
183172731206798	6.687939	-4.57747	-5.1732826
183172738706798	6.769295	-4.5678983	-5.144569
183172746206798	6.788438	-4.570291	-5.1469617
183172753706798	6.7573314	-4.7018967	-5.1613183
183172761206798	6.786045	-4.752146	-5.17089
183172768706798	6.8506513	-4.7425747	-5.245067
183172776206798	6.936793	-4.725825	-5.3479586
183172783706798	6.910472	-4.910072	-5.771488
183172791206798	7.7551384	-4.546363	-5.584848
183172798706798	7.652247	-4.65404	-5.1086764
183172806206798	6.719046	-4.4339004	-5.1756754
183172813706798	6.5228343	-4.426722	-5.395815
183172821206798	6.948757	-4.493721	-5.2283173
183172828706798	6.936793	-4.4339004	-5.127819
183172836206798	6.6999035	-4.4075794	-5.2163534
183172843706798	6.6855464	-4.5272202	-5.245067
183172851206798	6.74776	-4.642076	-5.304888
183172858706798	6.695118	-4.718646	-5.3383875
183172866206798	6.640083	-4.735396	-5.3479586
183172873706798	6.541977	-4.7449675	-5.3072805
183172881206798	6.4965134	-4.776074	-5.2905307
183172888706798	6.5347986	-4.8119664	-5.237889
183172896206798	6.587441	-4.7880383	-5.237889
183172903706798	6.661618	-4.7282176	-5.2331033
183172911206798	6.680761	-4.6755753	-5.1876397
183172918706798	6.661618	-4.6803613	-5.1828537
183172926206798	6.6305118	-4.7018967	-5.1996036
183172933706798	6.6089764	-4.7162533	-5.1469617
183172941206798	6.5754766	-4.7114677	-5.0919266
183172948706798	6.5491557	-4.7138605	-5.0847483
183172956206798	6.6257257	-4.7425747	-5.056034
183173038427319	6.6975107	-4.7162533	-5.020142
183173043471485	6.71426	-4.6372905	-4.979464
183173058035652	6.7262244	-4.618148	-4.9674997
183173065183204	6.6759753	-4.5798626	-4.974678
183172993706798	6.661618	-4.625326	-4.914858
183173001206798	6.652047	-4.6325045	-4.883751
183173008706798	6.62094	-4.610969	-4.924429
183173016206798	6.6592255	-4.6085763	-4.9340005
183173023706798	6.719046	-4.6396832	-5.003392
183173125271485	6.771688	-4.6803613	-5.0129633
183173132771485	6.7812595	-4.6803613	-5.048856
183173140271485	6.7932234	-4.5942197	-5.0416775
183173147771485	6.771688	-4.5655055	-5.048856
183173155271485	6.7262244	-4.615755	-5.1062837
183173162771485	6.7525454	-4.725825	-5.1182475
183173170271485	6.788438	-4.7377887	-5.130212
183173177771485	6.8219376	-4.692325	-5.1732826
183173185271485	6.8985076	-4.6803613	-5.1876397
183173192771485	6.9009004	-4.7114677	-5.1852465
183173216721121	6.896115	-4.6779685	-5.1732826
183173231721121	6.876972	-4.627719	-5.113462
183173222771485	6.812366	-4.6612186	-5.0823555
183173230271485	6.7405815	-4.6899323	-5.0416775
183173237771485	6.6352973	-4.6803613	-4.9722853
183173245271485	6.582655	-4.682754	-4.9698925
183173291283204	6.5922265	-4.7162533	-5.015356
183173260271485	6.6448684	-4.7018967	-5.0273204
183173267771485	6.6448684	-4.776074	-5.063213
183173275271485	6.65444	-4.8382874	-5.0392847
183173282771485	6.65444	-4.814359	-5.0249276
183173290271485	6.6711893	-4.733003	-5.015356
183173297771485	6.695118	-4.7162533	-5.003392
183173305271485	6.7262244	-4.723432	-4.989035
183173366033777	6.7381887	-4.6899323	-4.9986067
183173374881850	6.728617	-4.613362	-5.020142
183173386103881	6.735796	-4.6612186	-5.063213
183173392032006	6.7429743	-4.6707897	-5.0751767
183173342771485	6.778867	-4.699504	-5.087141
183173350271485	6.759724	-4.6372905	-5.0656056
183173357771485	6.771688	-4.613362	-5.0536413
183173365271485	6.759724	-4.6731825	-5.046463
183173372771485	6.7429743	-4.6492543	-5.070391
183173380271485	6.7166533	-4.6085763	-5.099105
183173387771485	6.7022963	-4.634897	-5.1613183
183173395271485	6.6927247	-4.6492543	-5.1852465
183173402771485	6.71426	-4.6779685	-5.218746
183173410271485	6.7334027	-4.6899323	-5.1828537
183173417771485	6.759724	-4.6899323	-5.1589255
183173425271485	6.7118673	-4.634897	-5.127819
183173432771485	6.7262244	-4.6205406	-5.0823555
183173440271485	6.71426	-4.6301117	-5.058427
183173447771485	6.6831536	-4.651647	-5.0249276
183173554963516	6.6448684	-4.6899323	-4.9770713
183173556608672	6.606583	-4.692325	-4.9938207
183173564108672	6.6448684	-4.718646	-5.032106
183173571608672	6.6855464	-4.706682	-5.0273204
183173579108672	6.7262244	-4.706682	-5.0249276
183173586608672	6.7262244	-4.752146	-5.003392
183173594108672	6.7812595	-4.7210393	-4.9986067
183173601608672	6.7908306	-4.7114677	-4.955536
183173609108672	6.7836523	-4.7042894	-4.9435716
183173616608672	6.7645097	-4.692325	-4.9722853
183173624108672	6.771688	-4.6731825	-4.9363933
183173631608672	6.759724	-4.6803613	-4.9316072
183173639108672	6.778867	-4.692325	-4.922036
183173646608672	6.8075805	-4.7162533	-4.84068
183173654108672	6.8339014	-4.7808595	-4.8191447
183173661608672	6.8482585	-4.8191447	-4.8263235
183173669108672	6.8817577	-4.7832522	-4.7784667
183173676608672	6.884151	-4.7377887	-4.766503
183173684108672	6.879365	-4.723432	-4.7545385
183173691608672	6.8889365	-4.7425747	-4.7712884
183173699108672	6.9296145	-4.752146	-4.7425747
183173706608672	6.9320073	-4.76411	-4.7138605
183173714108672	6.876972	-4.7306104	-4.6779685
183173721608672	6.8913293	-4.723432	-4.6755753
183173729108672	6.9009004	-4.752146	-4.6612186
183173736608672	6.853044	-4.7688956	-4.6779685
183173744108672	6.8075805	-4.759324	-4.7282176
183173751608672	6.8195443	-4.7688956	-4.7306104
183173759108672	6.8243303	-4.7976093	-4.76411
183173766608672	6.862615	-4.84068	-4.7880383
183173774108672	6.8865438	-4.8191447	-4.800002
183173781608672	6.9224358	-4.7880383	-4.84068
183173789108672	6.920043	-4.8263235	-4.8789654
183173796608672	6.896115	-4.8191447	-4.8933225
183173804108672	6.862615	-4.7425747	-4.8526444
183173811608672	6.8482585	-4.6875396	-4.816752
183173819108672	6.8339014	-4.725825	-4.7784667
183173826608672	6.7836523	-4.752146	-4.7712884
183173834108672	6.788438	-4.7545385	-4.7880383
183173841608672	6.8578296	-4.76411	-4.7425747
183173849108672	6.95115	-4.761717	-4.7401814
183173856608672	6.9678993	-4.718646	-4.6875396
183173864108672	6.9678993	-4.685147	-4.666004
183173871608672	6.9798636	-4.699504	-4.6492543
183173879108672	6.975078	-4.718646	-4.6325045
183173886608672	6.960721	-4.723432	-4.610969
183173894108672	6.960721	-4.733003	-4.6037908
183173998397683	6.963114	-4.7880383	-4.5678983
183174005897683	6.9894347	-4.8239303	-4.5966125
183174013397683	6.963114	-4.8454657	-4.599005
183174020897683	6.991828	-4.816752	-4.5678983
183174028397683	6.991828	-4.8191447	-4.54397
183174035897683	7.0372915	-4.8646083	-4.5128636
183174056280131	7.0205417	-4.8933225	-4.496114
183174050897683	6.9798636	-4.8502517	-4.503292
183174058397683	6.963114	-4.8239303	-4.5224347
183174065897683	6.9535427	-4.8287163	-4.5248275
183174073397683	6.9344	-4.847859	-4.5535417
183174080897683	6.9391856	-4.816752	-4.546363
183174088397683	6.943971	-4.7449675	-4.575077
183174095897683	6.987042	-4.7545385	-4.5678983
183174103397683	7.0085773	-4.761717	-4.54397
183174110897683	7.003792	-4.733003	-4.5678983
183174118397683	7.0085773	-4.699504	-4.5272202
183174125897683	7.003792	-4.7114677	-4.5391846
183174133397683	7.0301127	-4.7138605	-4.534399
183174140897683	7.015756	-4.733003	-4.5415773
183174148397683	7.0061846	-4.706682	-4.534399
183174155897683	7.0492554	-4.725825	-4.5296135
183174163397683	7.1066833	-4.735396	-4.5415773
183174170897683	7.1449685	-4.7688956	-4.551149
183174178397683	7.1377897	-4.76411	-4.505685
183174185897683	7.140183	-4.7545385	-4.4674
183174250867318	7.1282187	-4.816752	-4.462614
183174255374922	7.1066833	-4.8382874	-4.45065
183174208397683	7.1162543	-4.847859	-4.4482574
183174279838881	7.152147	-4.867001	-4.4195433
183174223397683	7.190432	-4.8693943	-4.369294
183174230897683	7.149754	-4.8239303	-4.3645086
183174238397683	7.133004	-4.790431	-4.287938
183174310456901	7.1018977	-4.7784667	-4.220939
183174363586953	7.0229344	-4.7856455	-4.2329035
183174363851172	7.001399	-4.8358946	-4.2329035
183174363921849	6.9942207	-4.895715	-4.2568316
183174372148151	7.01097	-4.9172506	-4.2687955
183174387148151	7.0325055	-4.9172506	-4.278367
183174393952058	7.02772	-4.8909297	-4.2568316
183174401452058	7.04447	-4.871787	-4.2855453
183174408952058	7.0229344	-4.8622155	-4.273581
183174416452058	7.01097	-4.8215375	-4.26401
183174423952058	7.0205417	-4.8239303	-4.2568316
183174431452058	7.056434	-4.816752	-4.278367
183174438952058	7.1138616	-4.8263235	-4.2999024
183174469549505	7.1210403	-4.8095737	-4.3094735
183174481787110	7.133004	-4.7784667	-4.2975097
183174487488776	7.125826	-4.761717	-4.2951164
183174468952058	7.1162543	-4.7976093	-4.2855453
183174506790026	7.0875406	-4.7856455	-4.24726
183174483952058	7.015756	-4.8215375	-4.2448673
183174526321485	6.9822564	-4.7976093	-4.287938
183174537385703	6.948757	-4.773681	-4.3334017
183174541968255	6.9655066	-4.76411	-4.371687
183174513952058	7.042077	-4.773681	-4.4602213
183174569121120	7.0875406	-4.7712884	-4.508078
183174536452058	7.097112	-4.773681	-4.510471
183174543952058	7.0803623	-4.7880383	-4.5726843
183174551452058	7.075577	-4.773681	-4.5678983
183174558952058	7.0540414	-4.749753	-4.6205406
183174566452058	7.0372915	-4.642076	-4.6037908
183174573952058	6.9990063	-4.6061835	-4.651647
183174581452058	6.946364	-4.666004	-4.682754
183174588952058	6.9128647	-4.7114677	-4.6971107
183174596452058	6.9248285	-4.7162533	-4.7114677
183174603952058	6.9344	-4.6396832	-4.8119664
183174611452058	6.8913293	-4.642076	-4.8502517
183174618952058	6.8865438	-4.6971107	-4.910072
183174626452058	6.91765	-4.644469	-4.9340005
183174633952058	6.9344	-4.625326	-5.0081778
183174720976224	6.9152575	-4.618148	-5.0440702
183174725044349	6.853044	-4.6468616	-5.072784
183174740044349	6.829116	-4.5726843	-5.0919266
183174747049141	6.8051877	-4.546363	-5.099105
183174766040443	6.7908306	-4.5798626	-5.130212
183174766742162	6.754938	-4.6229334	-5.139783
183174778668620	6.754938	-4.6325045	-5.1996036
183174787370391	6.759724	-4.4554358	-5.2426744
183174789242162	6.7525454	-4.4889355	-5.2905307
183174796742162	6.769295	-4.6037908	-5.278567
183174804242162	6.7740808	-4.6731825	-5.2953167
183174811742162	6.74776	-4.706682	-5.2737813
183174819242162	6.7334027	-4.6396832	-5.261817
183174826742162	6.7118673	-4.6899323	-5.3072805
183174834242162	6.6975107	-4.7449675	-5.2953167
183174841742162	6.661618	-4.7042894	-5.2546387
183174849242162	6.6687965	-4.5966125	-5.2689953
183174856742162	6.649654	-4.4913282	-5.2737813
183174864242162	6.6257257	-4.4817567	-5.3144593
183174871742162	6.666404	-4.4817567	-5.393422
183174879242162	6.707082	-4.4554358	-5.419743
183174886742162	6.728617	-4.5128636	-5.5226345
183174894242162	6.707082	-4.5224347	-5.532206
183174901742162	6.558727	-4.304688	-6.381658
183174909242162	7.470392	-5.4867425	-4.57747
183174916742162	7.2263246	-4.2831526	-5.4891353
183174924242162	6.6975107	-3.8117664	-5.948557
183174931742162	6.491728	-4.213761	-5.5250273
183174939242162	6.853044	-4.7401814	-5.532206
183174946742162	6.943971	-4.7018967	-5.4580283
183174954242162	6.695118	-4.520042	-5.623133
183174961742162	6.6305118	-4.536792	-5.6781683
183174969242162	6.6711893	-4.5224347	-5.666204
183174976742162	6.664011	-4.520042	-5.7403817
183174984242162	6.5922265	-4.4985065	-5.7355957
183174991742162	6.4941206	-4.546363	-5.7810597
183174999242162	6.4821568	-4.5942197	-5.812166
183175071655339	6.458228	-4.718646	-5.797809
183175086655339	6.3768725	-4.807181	-5.828916
183175123383828	6.3290157	-4.900501	-5.922236
183175123446901	6.3050876	-4.8526444	-5.977271
183175123531276	6.2548385	-4.7569313	-6.0634127
183175134771641	6.2213387	-4.6564326	-6.113662
183175142148516	6.202196	-4.6205406	-6.1184473
183175146031276	6.1830535	-4.6061835	-6.142376
183175153531276	6.168697	-4.5894337	-6.1447687
183175161031276	6.128019	-4.5894337	-6.1878395
183175168531276	6.142376	-4.5798626	-6.2404814
183175176031276	6.1591253	-4.551149	-6.285945
183175183531276	6.1567326	-4.508078	-6.283552
183175191031276	6.1447687	-4.45065	-6.2787666
183175198531276	6.128019	-4.402794	-6.257231
183175225278776	6.1184473	-4.2664027	-6.2309103
183175237285755	6.1304116	-4.2520456	-6.233303
183175245256901	6.108876	-4.2185464	-6.245267
183175258583516	6.099305	-4.2999024	-6.1830535
183175262682734	6.0825553	-4.388437	-6.195018
183175243531276	6.0658054	-4.4051867	-6.2141604
183175251031276	6.1040907	-4.254439	-6.242874
183175258531276	6.175875	-4.1204405	-6.245267
183175308047161	6.3050876	-4.005585	-6.2213387
183175273531276	6.35773	-4.0151563	-6.218946
183175326683932	6.4055862	-4.0941195	-6.1854467
183175341683932	6.3960147	-4.1898327	-6.204589
183175303531276	6.367301	-4.328616	-6.1495543
183175311031276	6.3074803	-4.3836513	-6.1184473
183175373066432	6.2955165	-4.3669014	-6.1040907
183175326031276	6.2931237	-4.2664027	-6.1328044
183175333531276	6.367301	-4.314259	-6.096912
183175341031276	6.431907	-4.2975097	-6.101698
183175348531276	6.4821568	-4.347759	-6.02752
183175356031276	6.4965134	-4.4674	-5.9988065
183175363531276	6.5539412	-4.5415773	-5.994021
183175371031276	6.6257257	-4.4889355	-5.922236
183175378531276	6.647261	-4.426722	-5.912665
183175386031276	6.640083	-4.3645086	-5.948557
183175393531276	6.652047	-4.354937	-5.9844494
183175401031276	6.664011	-4.3357944	-6.029913
183175489622266	6.687939	-4.3932223	-6.0921264
183175497325547	6.704689	-4.345366	-6.1830535
183175423531276	6.7118673	-4.395615	-6.218946
183175524680078	6.687939	-4.426722	-6.2644095
183175524820495	6.6831536	-4.4721856	-6.2285175
183175536355443	6.664011	-4.4674	-6.235696
183175546957318	6.5635123	-4.412365	-6.398408
183175556444713	6.573084	-4.362116	-6.4606214
183175571444713	6.465407	-4.290331	-6.62094
183175569820495	6.317052	-4.2831526	-6.695118
183175577320495	6.257231	-4.3070807	-6.5084777
183175593511380	6.2979093	-4.371687	-5.838487
183175592320495	6.0777693	-3.888337	-6.250053
183175599820495	6.853044	-4.1371903	-6.2261243
183175607320495	7.2670026	-6.087341	-6.24766
183175641956849	5.4556355	-5.3647084	-7.0301127
183175648467057	4.534399	-3.7160535	-7.5828547
183175661889036	4.962714	-3.6777685	-7.183254
183175668502526	5.666204	-4.57747	-6.4869423
183175682715651	6.3481584	-4.800002	-5.6877394
183175652320495	6.3122663	-4.8861437	-5.541777
183175659820495	5.831309	-4.106084	-5.922236
183175667320495	5.7284174	-3.6610186	-6.0251274
183175674820495	5.8480587	-3.4576287	-6.094519
183175682320495	5.962914	-3.4121652	-6.2237315
183175738102422	5.912665	-3.400201	-6.4031935
183175697320495	5.804988	-3.2638102	-6.506085
183175766189140	5.706882	-3.4337006	-6.687939
183175712320495	5.7260246	-3.574877	-6.687939
183175719820495	5.814559	-3.682554	-6.7166533
183175727320495	5.8600225	-3.6323047	-6.695118
183175734820495	5.814559	-3.6131623	-6.838687
183175742320495	5.8600225	-3.4432719	-6.855437
183175749820495	5.9174504	-3.1848469	-6.8051877
183175757320495	5.946164	-3.0939198	-6.762117
183175764820495	5.881558	-2.9120653	-6.8243303
183175772320495	5.905486	-2.8881369	-6.920043
183175779820495	5.9748783	-2.7972097	-6.8171515
183175787320495	5.994021	-2.845066	-6.7836523
183175794820495	6.013163	-2.6751757	-6.7836523
183175802320495	6.046663	-2.6321049	-6.759724
183175809820495	6.06102	-2.658426	-6.7334027
183175817320495	6.070591	-2.7493532	-6.71426
183175912819297	6.096912	-2.8809586	-6.7429743
183175832320495	6.1304116	-3.3092737	-6.7381887
183175839820495	6.161518	-3.591627	-6.7429743
183175847320495	6.1974106	-3.4432719	-6.7262244
183175948900182	6.161518	-3.290131	-6.7405815
183175956400182	6.0777693	-3.318845	-6.829116
183175963900182	6.0011992	-3.4600215	-6.867401
183175971400182	5.9174504	-3.546163	-6.838687
183175978900182	5.871987	-3.6107693	-6.795616
183175993692630	5.871987	-3.5964124	-6.762117
183176004847213	5.85763	-3.5294135	-6.769295
183176013988151	5.8193445	-3.5126636	-6.7501526
183176008900182	5.797809	-3.5318062	-6.798009
183176016400182	5.749953	-3.5772698	-6.826723
183176023900182	5.6733823	-3.644269	-6.8075805
183176031400182	5.5944195	-3.7567315	-6.704689
183176038900182	5.5202417	-3.8572302	-6.556334
183176076652630	5.4676	-3.9649072	-6.4462643
183176083855703	5.3790655	-4.0127635	-6.474978
183176094870599	5.3359947	-3.8763726	-6.5659056
183176101739974	5.2929235	-3.7304106	-6.6424756
183176076400182	5.2546387	-3.7591243	-6.6735826
183176123320130	5.1756754	-3.8213377	-6.690332
183176091400182	5.156533	-3.8117664	-6.6735826
183176098900182	5.144569	-3.8261235	-6.6687965
183176106400182	5.1756754	-3.9050865	-6.6592255
183176113900182	5.218746	-3.871587	-6.7262244
183176121400182	5.2570314	-3.7806597	-6.6927247
183176128900182	5.2929235	-3.818945	-6.65444
183176136400182	5.300102	-3.8763726	-6.65444
183176143900182	5.328816	-3.8356948	-6.6592255
183176151400182	5.4341	-3.830909	-6.597012
183176158900182	5.4460645	-3.7854455	-6.6424756
183176166400182	5.54417	-3.615555	-6.678368
183176173900182	5.5944195	-3.644269	-6.652047
183176181400182	5.6614184	-3.802195	-6.6281185
183176188900182	5.706882	-3.8093736	-6.664011
183176196400182	5.797809	-3.5581272	-6.5922265
183176203900182	5.7954164	-4.2424746	-6.5276203
183176211400182	5.9318075	-3.7974095	-6.424729
183176218900182	5.953343	-3.5030923	-6.3720865
183176226400182	5.9150577	-3.7064822	-6.355337
183176233900182	5.905486	-3.9194436	-6.3625154
183176241400182	5.907879	-3.8572302	-6.398408
183176248900182	5.898308	-3.6921253	-6.3290157
183176256400182	5.8432727	-3.5820556	-6.2380886
183176263900182	5.869594	-3.7615173	-6.2237315
183176271400182	5.8480587	-3.9194436	-6.1447687
183176278900182	5.771488	-3.818945	-6.3050876
183176379394713	5.8743796	-3.5294135	-6.343373
183176386894713	5.919843	-3.3834512	-6.2883377
183176394394713	5.8073807	-3.6275191	-6.2811594
183176401894713	5.814559	-3.8141594	-6.250053
183176409394713	5.788238	-3.9744785	-6.3194447
183176416894713	5.814559	-4.063013	-6.3457656
183176424394713	5.831309	-4.0797625	-6.3888364
183176431894713	5.8432727	-4.1467614	-6.343373
183176439394713	5.8193445	-4.211368	-6.45105
183176446894713	5.8624153	-4.048656	-6.5228343
183176454394713	5.864808	-3.739982	-6.680761
183176484932265	5.9030933	-3.6873398	-6.7764735
183176469394713	5.912665	-3.8333018	-6.7022963
183176476894713	5.953343	-4.0869412	-6.422336
183176524153515	5.962914	-4.254439	-6.1902323
183176524753046	5.9294147	-4.359723	-6.0514483
183176531199765	5.8911295	-4.421936	-6.0370917
183176538927578	5.895915	-4.3764725	-6.0753765
183176553927578	5.8360944	-4.3405805	-6.195018
183176529394713	5.7930236	-4.273581	-6.2668023
183176536894713	5.812166	-4.26401	-6.309873
183176544394713	5.8073807	-4.2592244	-6.317052
183176551894713	5.8241305	-4.17069	-6.32423
183176559394713	5.8480587	-4.165904	-6.3314085
183176566894713	5.879165	-4.1754756	-6.3601227
183176574394713	5.8672013	-4.156333	-6.4031935
183176581894713	5.790631	-4.1587257	-6.465407
183176589394713	5.757131	-4.165904	-6.5204415
183176596894713	5.723632	-4.168297	-6.5659056
183176604394713	5.690132	-4.194618	-6.606583
183176611894713	5.6853466	-4.2592244	-6.6017976
183176619394713	5.771488	-4.213761	-6.463014
183176626894713	5.4891353	-4.019942	-6.5108705
183176634394713	5.4987063	-4.2041893	-6.5371914
183176641894713	5.582455	-4.3501515	-6.539584
183176725949140	5.5274205	-4.3525443	-6.4797635
183176736765442	5.505885	-4.2329035	-6.458228
183176664394713	5.548956	-4.1467614	-6.431907
183176755739765	5.5274205	-4.0414777	-6.498906
183176679394713	5.477171	-4.0510488	-6.6089764
183176773941275	5.4987063	-3.9649072	-6.680761
183176694394713	5.548956	-3.9864426	-6.647261
183176701894713	5.56092	-4.0414777	-6.611369
183176802718150	5.572884	-3.9768713	-6.5946193
183176810218150	5.608776	-3.9361932	-6.580262
183176817718150	5.6279187	-3.9290147	-6.5252275
183176825218150	5.6949177	-3.8165522	-6.599405
183176832718150	5.7188463	-3.8380876	-6.652047
183176840218150	5.757131	-3.8380876	-6.6855464
183176847718150	5.838487	-3.804588	-6.7334027
183176855218150	5.8911295	-3.6346977	-6.795616
183176862718150	5.8887367	-3.6610186	-6.8219376
183176870218150	5.922236	-3.65384	-6.8315086
183176877718150	5.9557357	-3.6131623	-6.8458657
183176885218150	5.938986	-3.586841	-6.8458657
183176892718150	5.95095	-3.5294135	-6.869794
183176900218150	5.9270215	-3.4911282	-6.8650084
183176907718150	5.895915	-3.5533416	-6.8315086
183176915218150	5.8743796	-3.629912	-6.7405815
183176922718150	5.8432727	-3.7088752	-6.695118
183176930218150	5.8073807	-3.7878382	-6.623333
183176937718150	5.800202	-3.8691943	-6.4965134
183176945218150	5.7403817	-3.926622	-6.4438715
183176952718150	5.7379885	-3.9481573	-6.3625154
183176960218150	5.7140603	-4.017549	-6.309873
183176967718150	5.692525	-4.1515474	-6.2931237
183176975218150	5.6614184	-4.2329035	-6.2715883
183176982718150	5.625526	-4.287938	-6.2261243
183176990218150	5.6374903	-4.3405805	-6.206982
183176997718150	5.6279187	-4.4434714	-6.1830535
183177005218150	5.690132	-4.493721	-6.195018
183177012718150	5.6949177	-4.493721	-6.2285175
183177020218150	5.723632	-4.551149	-6.2141604
183177027718150	5.749953	-4.5798626	-6.2380886
183177035218150	5.759524	-4.54397	-6.290731
183177042718150	5.7451673	-4.5008993	-6.300302
183177050218150	5.771488	-4.4147577	-6.343373
183177057718150	5.802595	-4.4171505	-6.3960147
183177065218150	5.814559	-4.3070807	-6.4534426
183177072718150	5.8097734	-4.319045	-6.4677997
183177080218150	5.8097734	-4.314259	-6.5084777
183177087718150	5.838487	-4.278367	-6.515656
183177095218150	5.8624153	-4.23051	-6.5491557
183177102718150	5.804988	-4.2664027	-6.546763
183177110218150	5.814559	-4.213761	-6.515656
183177117718150	5.759524	-4.28076	-6.530013
183177125218150	5.733203	-4.3118663	-6.4821568
183177226743931	5.7284174	-4.316652	-6.4606214
183177234243931	5.704489	-4.3669014	-6.4343
183177241743931	5.6877394	-4.345366	-6.4151573
183177249243931	5.6470613	-4.369294	-6.4199433
183177256743931	5.6327047	-4.3788652	-6.407979
183177264243931	5.65424	-4.3908296	-6.398408
183177271743931	5.623133	-4.4721856	-6.3864436
183177279243931	5.6039906	-4.510471	-6.364908
183177286743931	5.5657053	-4.546363	-6.3768725
183177294243931	5.54417	-4.496114	-6.410372
183177301743931	5.5298133	-4.4578285	-6.4414787
183177309243931	5.4867425	-4.453043	-6.4534426
183177316743931	5.4843497	-4.4985065	-6.4055862
183177324243931	5.4436717	-4.520042	-6.422336
183177331743931	5.3790655	-4.584648	-6.4366927
183177339243931	5.383851	-4.5942197	-6.422336
183177346743931	5.3982077	-4.6564326	-6.4008007
183177354243931	5.276174	-4.979464	-6.3385873
183177361743931	5.3144593	-4.8789654	-6.285945
183177369243931	5.3790655	-4.6564326	-6.250053
183177376743931	5.328816	-4.725825	-6.2237315
183177384243931	5.3240304	-4.6731825	-6.2691956
183177391743931	5.352744	-4.725825	-6.285945
183177399243931	5.4819565	-4.534399	-6.2524457
183177406743931	5.426922	-4.8047876	-6.233303
183177414243931	5.276174	-5.111069	-6.0825553
183177421743931	5.4699926	-4.761717	-6.0634127
183177429243931	5.4341	-5.1254263	-6.070591
183177436743931	5.4149575	-5.1613183	-6.099305
183177444243931	5.5537415	-5.015356	-6.1639113
183177451743931	5.599205	-5.1828537	-6.1160545
183177459243931	5.410172	-5.541777	-6.0801625
183177466743931	5.5226345	-5.35753	-6.1184473
183177541126900	5.709275	-5.3072805	-6.099305
183177481743931	5.5968122	-5.386244	-6.101698
183177489243931	5.556134	-5.3910294	-6.111269
183177496743931	5.656633	-5.345566	-6.0394845
183177504243931	5.680561	-5.359923	-6.0083776
183177511743931	5.666204	-5.2642097	-5.9437714
183177519243931	5.649454	-5.1900325	-5.986842
183177526743931	5.6877394	-5.1924253	-5.953343
183177534243931	5.6853466	-5.2642097	-5.871987
183177541743931	5.656633	-5.300102	-5.814559
183177549243931	5.6350975	-5.2953167	-5.7667027
183177556743931	5.6063833	-5.2809596	-5.771488
183177654782108	5.568098	-5.2666025	-5.788238
183177571743931	5.5704913	-5.285745	-5.7786665
183177675073254	5.5298133	-5.278567	-5.7858453
183177682573254	5.501099	-5.2833524	-5.8097734
183177690073254	5.501099	-5.2953167	-5.733203
183177697573254	5.5202417	-5.271388	-5.7403817
183177705073254	5.515456	-5.2689953	-5.757131
183177712573254	5.4987063	-5.209175	-5.773881
183177720073254	5.508278	-5.113462	-5.838487
183177727573254	5.493921	-5.087141	-5.8432727
183177735073254	5.501099	-5.1206403	-5.828916
183177742573254	5.505885	-5.1062837	-5.814559
183177770366952	5.4867425	-5.0751767	-5.771488
183177779172942	5.4699926	-4.9986067	-5.828916
183177765073254	5.4484572	-5.029713	-5.922236
183177772573254	5.4676	-5.096712	-5.9030933
183177780073254	5.4676	-5.072784	-5.895915
183177787573254	5.4819565	-5.0919266	-5.953343
183177830033098	5.4867425	-5.1158547	-5.9653068
183177839523358	5.515456	-5.2235317	-5.9246287
183177850674400	5.501099	-5.259424	-5.910272
183177858938046	5.515456	-5.319245	-5.9318075
183177873938046	5.5776696	-5.3240304	-5.9557357
183177847573254	5.5704913	-5.400601	-5.9150577
183177904489452	5.558527	-5.4221363	-5.864808
183177877573254	5.584848	-5.501099	-5.697311
183177885073254	5.5872407	-5.54417	-5.601598
183177892573254	5.656633	-5.503492	-5.5274205
183177900073254	5.709275	-5.4317074	-5.326423
183177907573254	5.771488	-5.3503513	-5.2402816
183177915073254	5.8360944	-5.3886366	-5.1613183
