183163817957426	-0.6928823	-0.5210932	-0.14181104	0.4777717
183163866472739	-0.6928823	-0.5210932	-0.14181104	0.4777717
183163944041280	-0.6928823	-0.5210932	-0.14181104	0.4777717
183163956472739	-0.6922197	-0.5219296	-0.14231552	0.477669
183163971472739	-0.710839	-0.48880357	-0.1126763	0.49303472
183163986472739	-0.73964095	-0.41487354	-0.028506149	0.52914894
183164001472739	-0.75693816	-0.35879213	0.027684402	0.54547817
183164014285447	-0.7639613	-0.34334648	0.03850745	0.54497117
183164024309874	-0.76780146	-0.3388293	0.038885396	0.5423684
183164034110239	-0.7687491	-0.3400293	0.03536771	0.5405127
183164045955447	-0.76758754	-0.34406582	0.031105544	0.5398709
183164054205603	-0.76776767	-0.34400472	0.030779727	0.5396723
183164064102947	-0.7687823	-0.3419319	0.03208964	0.53946877
183164034310864	-0.7685112	-0.34257638	0.031458896	0.5394833
183164041810864	-0.76789355	-0.3439551	0.030313486	0.53955126
183164093993051	-0.768144	-0.3435392	0.030422915	0.53945345
183164056810864	-0.76842386	-0.34309483	0.030515028	0.53933245
183164064310864	-0.76816475	-0.3438013	0.029800257	0.53929174
183164123246332	-0.76802903	-0.34429497	0.029195067	0.5392031
183164079310864	-0.7682031	-0.3441643	0.029015746	0.5390482
183164086810864	-0.76822144	-0.3443533	0.028587056	0.53892434
183164094310864	-0.76806724	-0.34492713	0.027834648	0.5388166
183164101810864	-0.7680365	-0.34530511	0.02715601	0.5386529
183164173024770	-0.7681157	-0.3455048	0.026556615	0.5384417
183164116810864	-0.7681145	-0.3458335	0.02586508	0.53826594
183164199160707	-0.7681128	-0.34662884	0.023777552	0.53785306
183164146810864	-0.7681128	-0.34662884	0.023777552	0.53785306
183164154310864	-0.7680507	-0.3469416	0.023025628	0.5377728
183164161810864	-0.76793706	-0.3472721	0.022253374	0.5377541
183164169310864	-0.767819	-0.34757105	0.021510761	0.53776
183164257727530	-0.7675636	-0.34824923	0.019914873	0.53774726
183164184310864	-0.76741445	-0.3487046	0.018905826	0.5377014
183164281767322	-0.76729345	-0.34915113	0.017851932	0.53762037
183164293661176	-0.7672159	-0.3495635	0.016805789	0.5374967
183164301071593	-0.76710254	-0.3502424	0.015755242	0.5372482
183164310881072	-0.7669581	-0.35070166	0.014640246	0.53718644
183164322502634	-0.7668249	-0.35101193	0.01373649	0.53719795
183164327905603	-0.766734	-0.35128158	0.012845988	0.53717333
183164340287374	-0.76665515	-0.3515451	0.01192398	0.5371347
183164345943311	-0.7665703	-0.35180467	0.010955393	0.5371066
183164346071593	-0.7664825	-0.35204712	0.009966522	0.5370924
183164365236697	-0.76637584	-0.35239068	0.008780276	0.5370399
183164373639197	-0.7662509	-0.3527877	0.007506292	0.5369767
183164386016593	-0.76612896	-0.3532115	0.0061411154	0.53688955
183164391013311	-0.7660056	-0.35365742	0.004686848	0.5367867
183164406013311	-0.76588225	-0.3540365	0.0033256626	0.53672284
183164410953676	-0.7657842	-0.35435587	0.002005651	0.53665876
183164421865291	-0.76573277	-0.35458678	7.3508127E-4	0.5365829
183164434618676	-0.76569	-0.35482258	-5.969862E-4	0.5364882
183164443140707	-0.76557624	-0.35509375	-0.0019220095	0.53646785
183164421071593	-0.7654333	-0.35531312	-0.0031673196	0.5365208
183164464768155	-0.76528	-0.35554782	-0.004432731	0.53657496
183164474719041	-0.76511264	-0.35581818	-0.0056996383	0.53662235
183164483446905	-0.7649368	-0.35609978	-0.0069782184	0.53667134
183164493612426	-0.76478213	-0.35635012	-0.008256178	0.5367074
183164501509822	-0.7646344	-0.35658956	-0.009512125	0.5367381
183164512323832	-0.7644582	-0.35689002	-0.010860808	0.5367637
183164523977322	-0.76422757	-0.35720873	-0.012209322	0.53685105
183164530605395	-0.7639463	-0.35756838	-0.0136427395	0.5369774
183164543140030	-0.76365733	-0.35799307	-0.015219045	0.53706306
183164549600551	-0.76331764	-0.3586059	-0.017150551	0.5370791
183164556448468	-0.7629531	-0.35928577	-0.019157898	0.53707474
183164568839509	-0.7626153	-0.35990155	-0.021143328	0.5370678
183164576518676	-0.76232564	-0.36045033	-0.023073465	0.5370314
183164526071593	-0.7620941	-0.36088085	-0.024901422	0.5369894
183164595986593	-0.76188356	-0.36119387	-0.026587615	0.53699684
183164606089978	-0.76169956	-0.3614044	-0.028161058	0.5370359
183164617112843	-0.7615289	-0.36160222	-0.029742366	0.5370595
183164627002478	-0.7613389	-0.36185217	-0.03143777	0.537064
183164635187686	-0.7611134	-0.3621288	-0.03317688	0.53709257
183164643337895	-0.76085734	-0.36246082	-0.0349701	0.5371177
183164653159509	-0.76055413	-0.36285007	-0.036829203	0.53715986
183164586071593	-0.7602704	-0.3631409	-0.03855439	0.537244
183164673662113	-0.7599912	-0.36344865	-0.04032756	0.53730077
183164601071593	-0.75973123	-0.36372152	-0.042006154	0.5373551
183164608571593	-0.7595174	-0.3639359	-0.043626957	0.5373832
183164616071593	-0.7592966	-0.36409605	-0.045122255	0.5374631
183164623571593	-0.7590504	-0.36428678	-0.04666791	0.53754985
183164723994197	-0.7587901	-0.36454058	-0.048322376	0.53759915
183164731494197	-0.7585697	-0.36531168	-0.049530964	0.5372766
183164738994197	-0.75824326	-0.36564788	-0.0513413	0.53733873
183164746494197	-0.7578981	-0.36607695	-0.053309258	0.537342
183164753994197	-0.7576083	-0.3663792	-0.055107236	0.5373632
183164761494197	-0.757368	-0.36659214	-0.056793455	0.53738093
183164768994197	-0.757109	-0.36679834	-0.058457427	0.53742695
183164776494197	-0.756829	-0.3669585	-0.060036153	0.5375379
183164783994197	-0.75660324	-0.36698872	-0.061464988	0.53767365
183164791494197	-0.7563917	-0.3670011	-0.06288441	0.5377987
183164819261957	-0.7561689	-0.36702362	-0.06431369	0.5379276
183164826605759	-0.75594985	-0.36707294	-0.06585062	0.5380157
183164840951749	-0.75573236	-0.3671575	-0.06749069	0.53806037
183164847294092	-0.7555072	-0.367266	-0.069175676	0.53808856
183164859080082	-0.755262	-0.3673739	-0.07088271	0.53813684
183164867621540	-0.7549916	-0.3674955	-0.07258896	0.5382059
183164876947738	-0.7547038	-0.36761507	-0.07429705	0.5382947
183164887971384	-0.754409	-0.3677485	-0.07605217	0.53837186
183164893634040	-0.7541061	-0.3678997	-0.07780409	0.53844255
183164907239145	-0.7538432	-0.36798564	-0.07941089	0.53851724
183164913515395	-0.753608	-0.36802047	-0.080929145	0.53859675
183164881494197	-0.75338244	-0.3680146	-0.08237903	0.5386965
183164932439770	-0.75316405	-0.36801767	-0.08381018	0.5387789
183164940484353	-0.75295514	-0.36803803	-0.08525656	0.5388301
183164954246749	-0.75275767	-0.3680558	-0.086771876	0.5388521
183164958285499	-0.7525067	-0.36819178	-0.08848535	0.538831
183164967746645	-0.7522163	-0.36840343	-0.09030216	0.53879046
183164981642217	-0.7519185	-0.36860648	-0.092020854	0.53877634
183164990100603	-0.75165945	-0.3687603	-0.093641885	0.53875333
183165003006124	-0.7514442	-0.3688823	-0.09523035	0.5386915
183165008718988	-0.7512821	-0.36895892	-0.09678394	0.5385883
183165021637582	-0.751122	-0.36906445	-0.09828606	0.5384672
183165031074874	-0.7509323	-0.36924165	-0.099876024	0.53831786
183165068585186	-0.75073403	-0.369386	-0.101334274	0.53822273
183165069673936	-0.7505261	-0.37000802	-0.102280445	0.53790647
183165070595447	-0.7503254	-0.37054947	-0.103276365	0.5376235
183165078095447	-0.7501062	-0.3711697	-0.10435248	0.53729343
183165095779665	-0.74975497	-0.37145206	-0.1077119	0.53692555
183165095980030	-0.74975497	-0.37145206	-0.1077119	0.53692555
183165109537009	-0.74962324	-0.37181208	-0.10854991	0.5366915
183165115195707	-0.74949676	-0.3720284	-0.10952288	0.53652054
183165126113363	-0.74937356	-0.37225264	-0.11044887	0.53634715
183165133501853	-0.74923164	-0.37251636	-0.11128846	0.53618884
183165148501853	-0.7488215	-0.37362552	-0.113597415	0.53550553
183165155980030	-0.74872917	-0.37410656	-0.11432722	0.5351432
183165163480030	-0.7486564	-0.37464026	-0.11508972	0.534708
183165170980030	-0.7485638	-0.37530422	-0.11595331	0.5341851
183165178480030	-0.7484544	-0.3760131	-0.116781734	0.5336592
183165185980030	-0.74835414	-0.37674156	-0.117437884	0.533142
183165193480030	-0.7482811	-0.37751135	-0.11805261	0.5325638
183165200980030	-0.7482743	-0.3783646	-0.1187266	0.5318176
183165208480030	-0.7483293	-0.37923542	-0.1193595	0.5309775
183165215980030	-0.7483843	-0.38016593	-0.11990256	0.5301116
183165223480030	-0.74845046	-0.38117188	-0.12037175	0.52918863
183165230980030	-0.7485139	-0.38230675	-0.120780125	0.5281863
183165238480030	-0.74861807	-0.38347384	-0.12109717	0.52711886
183165245980030	-0.7487573	-0.38465884	-0.12129673	0.5260107
183165253480030	-0.748905	-0.38589466	-0.121418245	0.52486604
183165260980030	-0.7491598	-0.38704833	-0.12148675	0.5236355
183165268480030	-0.74944055	-0.3882686	-0.12157489	0.52230835
183165275980030	-0.74972385	-0.3895192	-0.1215207	0.5209814
183165283480030	-0.75004655	-0.3908152	-0.1213772	0.519578
183165290980030	-0.75041234	-0.39229867	-0.12133139	0.51794
183165298480030	-0.75072837	-0.39391387	-0.12122909	0.5162774
183165305980030	-0.75104296	-0.39562696	-0.12108547	0.51454073
183165313480030	-0.7513164	-0.39754072	-0.120932765	0.512699
183165320980030	-0.7515705	-0.3994492	-0.12065588	0.5109053
183165328480030	-0.75188464	-0.40135786	-0.12025797	0.50903773
183165335980030	-0.7522959	-0.40330398	-0.11984754	0.5069846
183165343480030	-0.7527912	-0.40529135	-0.11943036	0.504758
183165350980030	-0.75337315	-0.40735915	-0.11902893	0.5023142
183165358480030	-0.75401866	-0.4098667	-0.11890846	0.49932542
183165365980030	-0.75466955	-0.41237566	-0.11856272	0.4963497
183165373480030	-0.7552849	-0.41474855	-0.117948174	0.4935753
183165380980030	-0.75585866	-0.41706315	-0.117128395	0.49093476
183165388480030	-0.756391	-0.41944045	-0.11635679	0.48826584
183165395980030	-0.7568531	-0.4221135	-0.11593865	0.48533687
183165403480030	-0.75736225	-0.4247296	-0.11547804	0.48236084
183165410980030	-0.7579115	-0.4271761	-0.114873074	0.47947356
183165418480030	-0.75853145	-0.4294027	-0.11408418	0.47668463
183165425980030	-0.7592188	-0.43153644	-0.11325624	0.47385246
183165433480030	-0.7599143	-0.4336294	-0.112393014	0.47102398
183165544977113	-0.76061827	-0.4356667	-0.11144376	0.46822503
183165547160759	-0.7605549	-0.435942	-0.11189359	0.4679644
183165554660759	-0.760046	-0.43661305	-0.11280359	0.4679471
183165562160759	-0.7599852	-0.4392207	-0.11114972	0.46599722
183165569660759	-0.7606286	-0.44093153	-0.109996594	0.46359944
183165577160759	-0.76145464	-0.44261393	-0.10886349	0.4608997
183165584660759	-0.7618693	-0.44455114	-0.108022556	0.45854184
183165592160759	-0.76206535	-0.44665322	-0.10669165	0.45648015
183165599660759	-0.7622814	-0.44876745	-0.10509202	0.45441237
183165607160759	-0.7625435	-0.4508243	-0.103593715	0.45227563
183165614660759	-0.762611	-0.453162	-0.10225381	0.45012543
183165622160759	-0.76267374	-0.45547107	-0.1008584	0.44799823
183165629660759	-0.76279646	-0.45773146	-0.09943818	0.44579765
183165637160759	-0.7629329	-0.4599905	-0.09806473	0.44353744
183165644660759	-0.76312613	-0.46214023	-0.09677346	0.44124812
183165652160759	-0.7633034	-0.46432486	-0.09555603	0.43890697
183165659660759	-0.76350236	-0.4665015	-0.09451115	0.43647242
183165667160759	-0.763693	-0.46864125	-0.093727745	0.43400887
183165674660759	-0.7637798	-0.47079065	-0.09299588	0.43168077
183165682160759	-0.76380163	-0.47289696	-0.092092186	0.42952827
183165689660759	-0.76377624	-0.47500002	-0.09135635	0.42740476
183165697160759	-0.76382685	-0.47696382	-0.09064933	0.42527255
183165704660759	-0.7639047	-0.47886497	-0.0900681	0.42311436
183165712160759	-0.76399285	-0.4807386	-0.08972425	0.42089775
183165719660759	-0.76408666	-0.48254117	-0.089472815	0.4187127
183165727160759	-0.764185	-0.4842567	-0.08923307	0.4165983
183165734660759	-0.76420593	-0.48601192	-0.089076	0.4145445
183165742160759	-0.76416296	-0.4877755	-0.089043945	0.4125546
183165810038207	-0.76411146	-0.48951098	-0.08898493	0.4106024
183165757160759	-0.76397103	-0.49127892	-0.0889491	0.408756
183165764660759	-0.7637994	-0.49300537	-0.088607386	0.40706864
183165772160759	-0.7636294	-0.4946496	-0.08801514	0.40551853
183165779660759	-0.7634774	-0.49622005	-0.08737926	0.4040207
183165787160759	-0.76333785	-0.49773508	-0.08674226	0.40255535
183165794660759	-0.7631211	-0.4992391	-0.08620361	0.40121758
183165802160759	-0.76279646	-0.50076574	-0.085680224	0.40004277
183165809660759	-0.76246965	-0.50223905	-0.08515987	0.39892823
183165817160759	-0.76220876	-0.5035894	-0.08470025	0.39782098
183165824660759	-0.7619943	-0.5048591	-0.08436803	0.39669135
183165832160759	-0.7618305	-0.5060177	-0.084049374	0.39559585
183165839660759	-0.7616877	-0.5070739	-0.08378035	0.39457408
183165847160759	-0.7615383	-0.5080478	-0.08356953	0.3936534
183165854660759	-0.761375	-0.5089346	-0.08342104	0.39285448
183165862160759	-0.76113784	-0.50980705	-0.08339606	0.39218748
183165869660759	-0.7608815	-0.51062125	-0.08343071	0.39161807
183165877160759	-0.7606118	-0.51136065	-0.083546534	0.39115223
183165979305707	-0.7603527	-0.51199716	-0.08376287	0.39077684
183165986805707	-0.7602406	-0.5121107	-0.08417131	0.39075822
183165994305707	-0.7600599	-0.51256984	-0.084370114	0.39046496
183166001805707	-0.7599304	-0.5129319	-0.08460907	0.39018998
183166009305707	-0.75984025	-0.51319265	-0.084897056	0.38995966
183166016805707	-0.7597413	-0.5134107	-0.08519724	0.3898001
183166024305707	-0.7596126	-0.5135934	-0.08557014	0.38972843
183166031805707	-0.75946397	-0.51370066	-0.08602675	0.3897761
183166039305707	-0.7592995	-0.5137268	-0.08650621	0.38995624
183166046805707	-0.75910014	-0.5137222	-0.08701116	0.39023802
183166054305707	-0.7589201	-0.513658	-0.087576054	0.39054614
183166082202894	-0.75875485	-0.51352084	-0.0882193	0.39090255
183166069305707	-0.7586017	-0.5133281	-0.0889409	0.3912892
183166076805707	-0.7584364	-0.51308626	-0.08969293	0.39175484
183166084305707	-0.7582251	-0.51285285	-0.090523474	0.3922782
183166091805707	-0.75801075	-0.5125587	-0.09134707	0.3928856
183166099305707	-0.75778496	-0.51222515	-0.09224047	0.39354655
183166106805707	-0.7575276	-0.5118819	-0.09318519	0.39426574
183166114305707	-0.7572729	-0.51148516	-0.094168164	0.39503545
183166121805707	-0.7570092	-0.5110433	-0.09519574	0.39586568
183166129305707	-0.7567266	-0.5105721	-0.096242554	0.39675972
183166178316019	-0.75640357	-0.5100823	-0.09727169	0.39775342
183166144305707	-0.75604534	-0.5096034	-0.09827717	0.39880008
183166200067113	-0.75565827	-0.5091311	-0.09925908	0.39989236
183166159305707	-0.7552964	-0.50862193	-0.10025555	0.40097377
183166166805707	-0.75498277	-0.50807166	-0.10129164	0.40200037
183166174305707	-0.7547131	-0.5074872	-0.102359034	0.40297338
183166181805707	-0.7544243	-0.50692624	-0.10350663	0.403926
183166189305707	-0.75416493	-0.5063172	-0.10470388	0.40486446
183166196805707	-0.7539439	-0.5056942	-0.105917074	0.40573826
183166204305707	-0.7536939	-0.5050584	-0.10714805	0.40667048
183166211805707	-0.75346595	-0.5043923	-0.10838914	0.40758964
183166219305707	-0.7533039	-0.5037707	-0.10976791	0.40828833
183166226805707	-0.75316924	-0.50299823	-0.11106746	0.4091368
183166234305707	-0.7530235	-0.50218344	-0.11240561	0.41003966
183166241805707	-0.75290114	-0.501283	-0.11374011	0.41099685
183166249305707	-0.75275946	-0.500374	-0.11505326	0.4119974
183166256805707	-0.7525735	-0.4994751	-0.116339155	0.4130655
183166346045706	-0.7523589	-0.49857253	-0.11756323	0.41419867
183166271805707	-0.75213486	-0.49765697	-0.1187544	0.4153649
183166366663050	-0.75191563	-0.4967598	-0.119968206	0.4164858
183166373004144	-0.7516923	-0.49588788	-0.12118384	0.41757432
183166294305707	-0.7514706	-0.49501452	-0.12236623	0.4186636
183166301805707	-0.75126606	-0.49411052	-0.12345631	0.4197769
183166309305707	-0.7510399	-0.4932354	-0.124566816	0.42088127
183166409394613	-0.7508464	-0.49237725	-0.12571028	0.42189032
183166416894613	-0.7508749	-0.49251482	-0.12580056	0.42165184
183166424394613	-0.7507628	-0.49163693	-0.12686464	0.42255616
183166431894613	-0.7506863	-0.49074787	-0.12785183	0.42342702
183166439394613	-0.75060934	-0.48988596	-0.12881987	0.4242674
183166446894613	-0.75053746	-0.48903674	-0.12978831	0.4250785
183166454394613	-0.75046545	-0.4881672	-0.13070753	0.42592236
183166461894613	-0.7503783	-0.4873012	-0.13154349	0.42680934
183166469394613	-0.7502952	-0.48642752	-0.13234061	0.42770487
183166476894613	-0.75020576	-0.4855901	-0.13307734	0.42858365
183166484394613	-0.750103	-0.48475	-0.1337745	0.4294968
183166491894613	-0.74999535	-0.483929	-0.13444503	0.43040016
183166499394613	-0.74988693	-0.48316213	-0.13511644	0.43123963
183166506894613	-0.74981683	-0.4824019	-0.13580269	0.43199635
183166514394613	-0.7498127	-0.48161426	-0.13652481	0.43265423
183166521894613	-0.7498461	-0.48086187	-0.1372588	0.43320063
183166529394613	-0.74987197	-0.48017365	-0.13792631	0.43370706
183166536894613	-0.7499142	-0.4795298	-0.13853407	0.43415225
183166544394613	-0.74994624	-0.47892556	-0.13907559	0.4345906
183166551894613	-0.7499509	-0.47838348	-0.13955908	0.4350243
183166599521956	-0.74997145	-0.47787866	-0.13997807	0.43540892
183166566894613	-0.7500553	-0.47738734	-0.1403231	0.43569243
183166623154508	-0.7501341	-0.47694764	-0.14064617	0.43593413
183166631790186	-0.75022274	-0.4765485	-0.14089702	0.4361371
183166589394613	-0.7503526	-0.476157	-0.14112143	0.43626845
183166596894613	-0.75052935	-0.47578102	-0.14132491	0.43630886
183166604394613	-0.7507447	-0.47541648	-0.14149226	0.4362815
183166674835915	-0.7509637	-0.4750769	-0.14158708	0.43624383
183166682105029	-0.7511817	-0.47479117	-0.14166312	0.43615466
183166693454508	-0.7514384	-0.47452632	-0.14177607	0.4359641
183166701266696	-0.7516999	-0.47428697	-0.1418186	0.43575987
183166712111436	-0.751977	-0.4740526	-0.14176641	0.43555367
183166649394613	-0.7522352	-0.4738732	-0.141698	0.43532538
183166656894613	-0.75248927	-0.47371772	-0.14166574	0.43506587
183166664394613	-0.7527385	-0.4735678	-0.14159867	0.43481967
183166671894613	-0.7529977	-0.47340026	-0.14147712	0.43459293
183166679394613	-0.7532196	-0.47327945	-0.14131127	0.43439382
183166686894613	-0.75340354	-0.4731796	-0.14101322	0.43428037
183166694394613	-0.75352913	-0.47313336	-0.14065246	0.4342299
183166701894613	-0.7535849	-0.47315535	-0.14018747	0.43425947
183166796751019	-0.7535852	-0.47325182	-0.13966961	0.43432066
183166805944769	-0.75357705	-0.47337285	-0.13917083	0.43436325
183166814975342	-0.7535743	-0.47347814	-0.13868403	0.43440863
183166827238519	-0.7535446	-0.47357655	-0.13815401	0.43452206
183166834738519	-0.7535578	-0.4736179	-0.13817947	0.43444574
183166842238519	-0.7533878	-0.47375503	-0.13759069	0.43477786
183166849738519	-0.7531916	-0.4738905	-0.13708068	0.43513125
183166866873206	-0.7529895	-0.4740307	-0.13673742	0.4354363
183166874938571	-0.75279415	-0.47417894	-0.13663241	0.43564558
183166884111175	-0.752567	-0.47441775	-0.13674766	0.43574166
183166899111175	-0.7520747	-0.47506794	-0.1374339	0.43566725
183166894738519	-0.7520747	-0.47506794	-0.1374339	0.43566725
183166902238519	-0.75168204	-0.47525346	-0.13785061	0.43601096
183166925789977	-0.7507862	-0.47553176	-0.13869143	0.4369834
183166917238519	-0.7507862	-0.47553176	-0.13869143	0.4369834
183166924738519	-0.75038797	-0.47559875	-0.1390105	0.4374926
183166932238519	-0.7498792	-0.4755674	-0.13931388	0.4383018
183166939738519	-0.74996793	-0.47545072	-0.13930838	0.43827832
183166947238519	-0.75034523	-0.47525898	-0.13926107	0.4378553
183166987939144	-0.750771	-0.47479218	-0.13938043	0.43759382
183166999331904	-0.7512701	-0.47412878	-0.13954926	0.43740278
183166969738519	-0.751774	-0.47333223	-0.13977832	0.43732646
183167018215810	-0.7522347	-0.4724661	-0.1400544	0.4373825
183167030495758	-0.75269896	-0.4715331	-0.14047655	0.43745542
183167036764196	-0.7531294	-0.47059113	-0.14097653	0.43756792
183167049922217	-0.75346446	-0.46964788	-0.14160162	0.43780276
183167007238519	-0.7537152	-0.46871772	-0.14237694	0.4381165
183167069986227	-0.7542158	-0.46672964	-0.14447066	0.4386914
183167029738519	-0.75439984	-0.46585906	-0.1458199	0.43885395
183167037238519	-0.7545156	-0.46496612	-0.14727148	0.439117
183167044738519	-0.7545841	-0.46399584	-0.1486611	0.43955734
183167052238519	-0.7545904	-0.46302184	-0.15004787	0.44010207
183167059738519	-0.75458884	-0.46199843	-0.15133779	0.4407381
183167067238519	-0.7545839	-0.4609235	-0.15256643	0.44144794
183167074738519	-0.7545327	-0.45984203	-0.15377957	0.44224143
183167082238519	-0.75441754	-0.45879576	-0.15500453	0.44309646
183167089738519	-0.75427973	-0.4577272	-0.15621592	0.44400972
183167097238519	-0.75415754	-0.45666236	-0.15740874	0.4448915
183167104738519	-0.75406283	-0.4555939	-0.15855336	0.44574004
183167112238519	-0.75401586	-0.45453516	-0.1596087	0.44652343
183167119738519	-0.7539922	-0.45344615	-0.16062367	0.44730586
183167211181071	-0.7539277	-0.4523737	-0.16158351	0.44815364
183167134738519	-0.7537974	-0.4513173	-0.16249838	0.44910616
183167142238519	-0.75372094	-0.4503447	-0.16320269	0.44995502
183167149738519	-0.7536832	-0.44941607	-0.16376916	0.45073983
183167157238519	-0.7536461	-0.44857854	-0.16421433	0.45147368
183167164738519	-0.75360507	-0.44782728	-0.16460061	0.45214704
183167268788154	-0.753623	-0.44709265	-0.16493657	0.4527212
183167274921644	-0.753542	-0.4470943	-0.16508307	0.45280108
183167282421644	-0.7536426	-0.4464999	-0.16536355	0.45311764
183167289921644	-0.75372213	-0.4458371	-0.16568981	0.45351863
183167297421644	-0.75368136	-0.44529095	-0.16611019	0.453969
183167304921644	-0.75353724	-0.44485098	-0.1666589	0.45443812
183167312421644	-0.7533159	-0.44444868	-0.16737992	0.4549336
183167319921644	-0.7529911	-0.44408748	-0.16827507	0.45549345
183167327421644	-0.7525122	-0.44378525	-0.16933578	0.45618573
183167334921644	-0.7519692	-0.44351244	-0.17040066	0.45694923
183167342421644	-0.75133157	-0.44326735	-0.17147163	0.45783463
183167349921644	-0.7505795	-0.44300228	-0.17232172	0.45900393
183167357421644	-0.7498269	-0.4426791	-0.17292361	0.46031758
183167364921644	-0.7491474	-0.4424412	-0.17342749	0.46146157
183167372421644	-0.7486303	-0.4422973	-0.17393798	0.46224612
183167379921644	-0.7484121	-0.44213486	-0.17434375	0.46260172
183167387421644	-0.74848336	-0.44187942	-0.17465223	0.46261412
183167394921644	-0.7487119	-0.44157347	-0.17486246	0.46245712
183167402421644	-0.74898195	-0.44131756	-0.17498034	0.46221942
183167409921644	-0.7492725	-0.44108313	-0.17503072	0.46195304
183167417421644	-0.74959224	-0.44086394	-0.17506798	0.4616294
183167424921644	-0.7498299	-0.44073746	-0.17504546	0.46137276
183167432421644	-0.74984246	-0.4407665	-0.17489392	0.46138188
183167439921644	-0.7496099	-0.44092295	-0.17465161	0.4617021
183167447421644	-0.74920624	-0.44122222	-0.17447434	0.46213832
183167454921644	-0.74863416	-0.44164744	-0.17462574	0.46260172
183167462421644	-0.7479674	-0.44219744	-0.17510425	0.46297365
183167469921644	-0.74737644	-0.44283414	-0.17551003	0.46316588
183167477421644	-0.7470226	-0.44352338	-0.17543344	0.46310616
183167484921644	-0.7467076	-0.44426334	-0.175107	0.46302846
183167492421644	-0.7463388	-0.4450881	-0.17465813	0.46300074
183167499921644	-0.7459109	-0.44601306	-0.17411172	0.463006
183167507421644	-0.7454821	-0.446974	-0.17351234	0.46299475
183167514921644	-0.7450417	-0.4479885	-0.17287783	0.46296042
183167522421644	-0.7446003	-0.4490157	-0.172261	0.4629056
183167529921644	-0.7440975	-0.4501323	-0.1718306	0.46278962
183167537421644	-0.7435184	-0.4513732	-0.17178018	0.46253031
183167544921644	-0.7431134	-0.45243236	-0.17148045	0.46225744
183167552421644	-0.7427827	-0.4533789	-0.17110308	0.4620014
183167559921644	-0.74243397	-0.45431033	-0.1707007	0.46179566
183167567421644	-0.7420684	-0.4551838	-0.17030546	0.46166903
183167574921644	-0.7417182	-0.4559766	-0.16992	0.46159163
183167671101748	-0.7413942	-0.45671383	-0.16958344	0.46150687
183167674705029	-0.7411044	-0.45742044	-0.16933165	0.46136492
183167688962946	-0.740865	-0.45805752	-0.16918036	0.4611729
183167705569873	-0.74066067	-0.458612	-0.16909799	0.46098015
183167708976331	-0.7406874	-0.4586197	-0.16906153	0.46094292
183167714737321	-0.7406366	-0.45886284	-0.16898175	0.46081182
183167727586643	-0.7405783	-0.45930776	-0.168836	0.46051565
183167742586643	-0.73992795	-0.46096995	-0.16854456	0.46000677
183167757586643	-0.73992795	-0.46096995	-0.16854456	0.46000677
183167752237321	-0.73992795	-0.46096995	-0.16854456	0.46000677
183167759737321	-0.73975	-0.46160385	-0.16847281	0.45968336
183167767237321	-0.73969036	-0.4621794	-0.1684292	0.4592168
183167774737321	-0.73971426	-0.46270686	-0.16830802	0.45869136
183167782237321	-0.7395731	-0.46362022	-0.16790554	0.45814377
183167815478362	-0.7394166	-0.46411753	-0.16770028	0.45796797
183167797237321	-0.7392465	-0.4645799	-0.16752127	0.45783934
183167833210133	-0.73901695	-0.4650499	-0.16733399	0.45780122
183167843849820	-0.73883754	-0.46553463	-0.16725665	0.4576264
183167819737321	-0.73876023	-0.46596822	-0.1673884	0.45726162
183167827237321	-0.7387944	-0.4662095	-0.16774382	0.45683008
183167834737321	-0.7388057	-0.4663273	-0.16826834	0.4564985
183167842237321	-0.7388268	-0.46640888	-0.16877	0.4561956
183167889238050	-0.7388754	-0.46645895	-0.16917953	0.455914
183167902487320	-0.73892385	-0.46647736	-0.1695107	0.45569354
183167908428883	-0.7389615	-0.46652713	-0.16977702	0.45548248
183167922985289	-0.73904103	-0.4665839	-0.17002071	0.45520407
183167929813779	-0.73917043	-0.46658546	-0.17024444	0.45490867
183167887237321	-0.73933756	-0.46655485	-0.170456	0.4545892
183167894737321	-0.73949814	-0.4665076	-0.17061651	0.45431614
183167902237321	-0.73960656	-0.46648952	-0.17071487	0.45412132
183167909737321	-0.73965	-0.4665165	-0.17077044	0.45400187
183167917237321	-0.73964113	-0.4665501	-0.17081171	0.45396623
183167986319560	-0.7396002	-0.46660802	-0.17084582	0.45396066
183167999691018	-0.7395054	-0.46670976	-0.17085937	0.45400533
183167939737321	-0.7394006	-0.4668094	-0.17091063	0.45405427
183168019276487	-0.73931867	-0.46690127	-0.17105669	0.45403826
183168027342633	-0.7392793	-0.46693578	-0.17125626	0.4539916
183168033057477	-0.7392747	-0.4669619	-0.17147629	0.45388925
183168046436748	-0.73928154	-0.46695822	-0.1716962	0.4537988
183167977237321	-0.73930705	-0.4669251	-0.1719268	0.45370406
183167984737321	-0.73934877	-0.46682933	-0.17210619	0.4536666
183167992237321	-0.73933494	-0.46672675	-0.17227434	0.4537308
183168079032477	-0.73928905	-0.46672982	-0.17240761	0.45375177
183168092715654	-0.7392898	-0.46670705	-0.17246062	0.45375383
183168103511852	-0.7393111	-0.4667326	-0.17239965	0.45371598
183168112261070	-0.73933923	-0.46678892	-0.17231669	0.45364377
183168124787372	-0.7394516	-0.46681255	-0.17223856	0.45346576
183168132348622	-0.739503	-0.46689335	-0.17222674	0.4533034
183168143284143	-0.73964506	-0.46691614	-0.17214864	0.45307767
183168152943258	-0.7398054	-0.46691692	-0.17207083	0.4528447
183168154787372	-0.7399963	-0.46686926	-0.17200373	0.45260715
183168175332372	-0.74033517	-0.46674153	-0.1718563	0.45224065
183168177287372	-0.7404879	-0.46660653	-0.17176242	0.45216572
183168184787372	-0.74064505	-0.4664588	-0.1717477	0.4520663
183168192287372	-0.74079794	-0.4663016	-0.17181726	0.45195147
183168199787372	-0.74096966	-0.4660941	-0.17188452	0.45185834
183168226488154	-0.74111706	-0.46590096	-0.17194928	0.45179123
183168237129039	-0.7412379	-0.46571183	-0.17199264	0.4517715
183168247851175	-0.741335	-0.46551934	-0.17207761	0.45177835
183168252516018	-0.7414334	-0.4653007	-0.17222251	0.45178676
183168237287372	-0.74153614	-0.4650696	-0.1723905	0.45179212
183168244787372	-0.74163806	-0.4648355	-0.17258409	0.4517916
183168252287372	-0.74173754	-0.46460873	-0.17275904	0.45179483
183168259787372	-0.7418069	-0.46438745	-0.17289256	0.45185727
183168267287372	-0.74183804	-0.4641876	-0.17297344	0.45198053
183168274787372	-0.7418514	-0.46401256	-0.17299058	0.45213184
183168282287372	-0.7418163	-0.46388206	-0.17295633	0.45233643
183168289787372	-0.74171	-0.463796	-0.17286518	0.4526338
183168297287372	-0.741561	-0.4637809	-0.17275004	0.45293728
183168304787372	-0.74140847	-0.4638134	-0.17265932	0.453188
183168312287372	-0.74125534	-0.46387565	-0.17259626	0.45339876
183168319787372	-0.7411208	-0.46391335	-0.17252907	0.4536057
183168378908310	-0.74101114	-0.46395424	-0.1724979	0.45375496
183168334787372	-0.7408984	-0.46399754	-0.17247123	0.45390478
183168342287372	-0.74080074	-0.46404558	-0.17243071	0.45403057
183168349787372	-0.74072415	-0.46408334	-0.17236838	0.45414057
183168357287372	-0.74064505	-0.46414047	-0.17226768	0.45424944
183168364787372	-0.74054796	-0.46424058	-0.17212829	0.45435804
183168372287372	-0.74044436	-0.4643638	-0.1720369	0.4544357
183168379787372	-0.74032617	-0.4644804	-0.1719674	0.45453542
183168387287372	-0.7401893	-0.46463254	-0.17197224	0.45460087
183168394787372	-0.74003875	-0.46478808	-0.17202199	0.45466825
183168402287372	-0.7399185	-0.46490902	-0.17211823	0.4547038
183168409787372	-0.7398299	-0.46499753	-0.17222284	0.45471784
183168417287372	-0.739774	-0.4650389	-0.17229043	0.4547409
183168424787372	-0.739738	-0.46504256	-0.17232098	0.45478413
183168432287372	-0.7396802	-0.46503484	-0.17229052	0.45489773
183168439787372	-0.7395645	-0.46508658	-0.17222519	0.45505753
183168447287372	-0.7394218	-0.46516892	-0.17216352	0.45522857
183168454787372	-0.7392748	-0.46525803	-0.17213947	0.45538533
183168462287372	-0.7391109	-0.4653846	-0.17211045	0.455533
183168562978831	-0.7389445	-0.46554673	-0.17210288	0.4556401
183168570478831	-0.7389454	-0.4655131	-0.17206849	0.45568594
183168577978831	-0.73885125	-0.46562493	-0.17205988	0.45572764
183168585478831	-0.73874944	-0.46570888	-0.17202002	0.455822
183168592978831	-0.7386254	-0.46582058	-0.17199287	0.45591915
183168600478831	-0.7385238	-0.46592313	-0.17196445	0.4559896
183168607978831	-0.73843765	-0.46601763	-0.17193429	0.4560439
183168615478831	-0.7383577	-0.4660941	-0.17187592	0.45611706
183168622978831	-0.7382758	-0.46616688	-0.17183018	0.45619264
183168630478831	-0.7381648	-0.46628246	-0.17186402	0.4562413
183168637978831	-0.73805195	-0.46639094	-0.17193168	0.45628747
183168645478831	-0.7379711	-0.46644294	-0.17202118	0.45633137
183168652978831	-0.7379101	-0.4664736	-0.17211759	0.45636246
183168660478831	-0.73784226	-0.4665119	-0.17220983	0.45639822
183168667978831	-0.7377898	-0.46652266	-0.17227124	0.45644876
183168675478831	-0.73772645	-0.46654218	-0.17232172	0.45651215
183168682978831	-0.7376523	-0.46658528	-0.1723038	0.45659474
183168690478831	-0.73757875	-0.4666553	-0.17228912	0.45664755
183168697978831	-0.7374807	-0.46674448	-0.17234197	0.4566948
183168705478831	-0.73739135	-0.46683285	-0.1724187	0.4567198
183168757808883	-0.73732567	-0.46688923	-0.1724968	0.45673877
183168720478831	-0.73726743	-0.46693915	-0.17257272	0.4567531
183168727978831	-0.7371867	-0.46700013	-0.1726013	0.45681012
183168735478831	-0.73713154	-0.4670392	-0.17258975	0.45686364
183168742978831	-0.7371025	-0.4670667	-0.17253666	0.45690247
183168750478831	-0.73703825	-0.4671373	-0.17248423	0.4569536
183168757978831	-0.73693097	-0.46724585	-0.17243065	0.4570359
183168765478831	-0.7368337	-0.46733972	-0.17237444	0.4571178
183168772978831	-0.73673457	-0.46741754	-0.17231524	0.4572204
183168780478831	-0.7366128	-0.46748722	-0.17228144	0.45735803
183168787978831	-0.73648846	-0.46753314	-0.1722745	0.457514
183168795478831	-0.7363556	-0.46757224	-0.17232783	0.4576678
183168869369664	-0.736256	-0.46756336	-0.17240147	0.4578094
183168878569195	-0.7361718	-0.46751097	-0.17249164	0.4579643
183168817978831	-0.7360904	-0.46744213	-0.17255552	0.45814115
183168825478831	-0.7360212	-0.46736297	-0.17263591	0.4583029
183168907267424	-0.73594487	-0.4672835	-0.1727299	0.45847118
183168915684508	-0.7358893	-0.4671825	-0.17287503	0.45860857
183168926764508	-0.7358212	-0.46709186	-0.17304425	0.45874637
183168939414091	-0.7357243	-0.46698755	-0.17319243	0.45895186
183168948586799	-0.73560953	-0.4668853	-0.17334105	0.45918366
183168870478831	-0.735467	-0.4667962	-0.17349236	0.45944542
183168877978831	-0.73532826	-0.4666941	-0.17365953	0.45970795
183168885478831	-0.7351888	-0.46659836	-0.17383961	0.45996007
183168892978831	-0.73503935	-0.46647748	-0.17408359	0.46022913
183168993372841	-0.7349143	-0.46631986	-0.17429662	0.46050796
183169000872841	-0.73485446	-0.46628642	-0.17435116	0.4606167
183169008372841	-0.73469144	-0.46612754	-0.17459944	0.46094337
183169015872841	-0.7344958	-0.4659575	-0.17480578	0.46134856
183169023372841	-0.73426944	-0.46580437	-0.1749921	0.46179274
183169030872841	-0.7340048	-0.46565405	-0.1752228	0.46227735
183169038372841	-0.73376703	-0.46546736	-0.17546731	0.4627498
183169062439612	-0.7335559	-0.46523392	-0.17575032	0.46321166
183169076027737	-0.7333567	-0.464987	-0.17606422	0.46365565
183169081631435	-0.73312414	-0.4647657	-0.17637701	0.4641261
183169094896383	-0.73291165	-0.46452123	-0.17670192	0.46458256
183169102531122	-0.7327285	-0.4642575	-0.17703281	0.46500897
183169112842112	-0.7325521	-0.46396458	-0.17738335	0.46544552
183169121085705	-0.7323601	-0.46364737	-0.17772211	0.46593428
183169136085705	-0.73189306	-0.46302664	-0.17836325	0.46703917
183169113372841	-0.73189306	-0.46302664	-0.17836325	0.46703917
183169120872841	-0.73161167	-0.46269315	-0.17872597	0.46767128
183169128372841	-0.73098975	-0.4621648	-0.17946719	0.46888086
183169135872841	-0.73070157	-0.4618753	-0.17989194	0.46945235
183169143372841	-0.7303925	-0.46158051	-0.18031286	0.47006112
183169150872841	-0.7300491	-0.46131265	-0.18070543	0.47070643
183169158372841	-0.7296869	-0.46104866	-0.18108724	0.47137958
183169165872841	-0.72933495	-0.4607914	-0.18151994	0.47200885
183169173372841	-0.7290306	-0.460482	-0.18196423	0.47260955
183169180872841	-0.7287483	-0.46013108	-0.18242027	0.4732105
183169188372841	-0.7284783	-0.45975026	-0.18289775	0.4738116
183169257202997	-0.7281989	-0.45932114	-0.18334335	0.47448465
183169263914195	-0.7278981	-0.45890158	-0.18377338	0.47518528
183169278914195	-0.72733617	-0.45803314	-0.18466698	0.4765354
183169225872841	-0.7270961	-0.45754847	-0.18514328	0.477182
183169309841018	-0.7266696	-0.45652503	-0.18617865	0.47840756
183169248372841	-0.7266696	-0.45652503	-0.18617865	0.47840756
183169255872841	-0.7264737	-0.45596045	-0.18667339	0.47905028
183169263372841	-0.7262725	-0.45538124	-0.18718319	0.47970688
183169270872841	-0.72603357	-0.45484057	-0.18772054	0.48037115
183169278372841	-0.725736	-0.45437822	-0.18828614	0.48103637
183169285872841	-0.725462	-0.45391428	-0.18884104	0.48166987
183169293372841	-0.72520316	-0.4534553	-0.18938603	0.4822775
183169300872841	-0.72494173	-0.45300534	-0.18991119	0.48288658
183169308372841	-0.72469044	-0.45255953	-0.19037692	0.48349804
183169315872841	-0.72414196	-0.45167902	-0.19125846	0.4847935
183169323372841	-0.7238692	-0.45127177	-0.19173327	0.4853921
183169427584455	-0.7236158	-0.45084253	-0.19220747	0.48598105
183169435084455	-0.7235972	-0.4508684	-0.19225255	0.4859669
183169442584455	-0.72334015	-0.45043638	-0.19276926	0.48654523
183169462718882	-0.72288835	-0.4495303	-0.19371076	0.48767936
183169465084455	-0.72288835	-0.4495303	-0.19371076	0.48767936
183169482097893	-0.722409	-0.44870725	-0.19469549	0.48875436
183169480084455	-0.722409	-0.44870725	-0.19469549	0.48875436
183169487584455	-0.72198033	-0.44775096	-0.19573578	0.4898479
183169515983778	-0.72171545	-0.44725844	-0.19621763	0.49049506
183169525474195	-0.7214383	-0.44677326	-0.19670318	0.4911501
183169510084455	-0.7211848	-0.4462732	-0.19723101	0.49176493
183169517584455	-0.7209591	-0.4457613	-0.19776826	0.492344
183169525084455	-0.7207333	-0.44523215	-0.19827078	0.49295098
183169532584455	-0.7204858	-0.4447308	-0.19873664	0.49357718
183169566715132	-0.7202012	-0.44428673	-0.19917603	0.49421504
183169580791174	-0.71989894	-0.443888	-0.19961356	0.4948369
183169595791174	-0.719368	-0.44305307	-0.2004947	0.4959995
183169570084455	-0.719368	-0.44305307	-0.2004947	0.4959995
183169577584455	-0.71911275	-0.44265574	-0.20095006	0.49654
183169585084455	-0.7188866	-0.44225046	-0.20138603	0.49705166
183169592584455	-0.718482	-0.44148803	-0.20222855	0.49797148
183169647195601	-0.71825284	-0.44117528	-0.20262113	0.49841946
183169607584455	-0.71804494	-0.44084588	-0.20291343	0.49889123
183169615084455	-0.71784383	-0.44054922	-0.20319259	0.49932897
183169680930653	-0.71765274	-0.44030762	-0.20349012	0.49969545
183169687298778	-0.717469	-0.4400686	-0.2037948	0.5000456
183169637584455	-0.7173066	-0.43982774	-0.20409581	0.5003676
183169705186122	-0.7171531	-0.4396178	-0.20443852	0.5006321
183169715618205	-0.71701527	-0.43943298	-0.20479022	0.5008482
183169720868153	-0.716894	-0.43921515	-0.20507143	0.50109756
183169735868153	-0.7167588	-0.43905437	-0.2053332	0.5013246
183169742512736	-0.71662396	-0.43892705	-0.20556945	0.50153196
183169682584455	-0.71649617	-0.4388385	-0.20581417	0.5016918
183169766316070	-0.7163981	-0.4387502	-0.20599402	0.5018352
183169697584455	-0.7163297	-0.43865594	-0.20614165	0.50195444
183169705084455	-0.7162689	-0.43860927	-0.2063151	0.50201094
183169792347632	-0.716237	-0.43857372	-0.20646638	0.50202525
183169803235549	-0.71625495	-0.43854263	-0.20655632	0.50198984
183169812771434	-0.7162846	-0.43853304	-0.20663898	0.50192183
183169822334663	-0.71634	-0.43855986	-0.20671749	0.5017869
183169831056278	-0.7164327	-0.43860605	-0.20674777	0.5016018
183169750084455	-0.7165356	-0.43868268	-0.20675176	0.50138605
183169851317268	-0.7166577	-0.4387877	-0.20667325	0.501152
183169858817268	-0.7167415	-0.43884346	-0.20661479	0.50100744
183169866317268	-0.7168323	-0.43909785	-0.2064797	0.5007102
183169873817268	-0.7169986	-0.43935117	-0.20635079	0.5003028
183169881317268	-0.71719885	-0.43966267	-0.20619184	0.49980742
183169888817268	-0.7174382	-0.44000515	-0.20599213	0.49924457
183169896317268	-0.71774375	-0.44038063	-0.20573224	0.49858108
183169903817268	-0.7180715	-0.44081786	-0.20544113	0.49784228
183169911317268	-0.71844083	-0.4412713	-0.20510161	0.4970471
183169918817268	-0.71883917	-0.4417752	-0.2047105	0.49618396
183169926317268	-0.71926403	-0.4423155	-0.20431595	0.49524885
183169933817268	-0.7197117	-0.44289297	-0.20385136	0.4942726
183169941317268	-0.72015756	-0.44355124	-0.20329253	0.49326217
183169948817268	-0.72056013	-0.4442962	-0.20261714	0.49228075
183169956317268	-0.72097224	-0.44513884	-0.20189875	0.49121016
183169963817268	-0.721469	-0.44604826	-0.2011498	0.48996142
183169971317268	-0.7220618	-0.44697604	-0.20035231	0.4885676
183170021458205	-0.7232153	-0.44898126	-0.19866844	0.48570204
183169993817268	-0.7232153	-0.44898126	-0.19866844	0.48570204
183170001317268	-0.723793	-0.45007098	-0.19777979	0.48419315
183170008817268	-0.7250787	-0.45239776	-0.19573969	0.48091906
183170016317268	-0.7258633	-0.45374122	-0.1944943	0.47897118
183170023817268	-0.7265986	-0.4551029	-0.19321589	0.4770779
183170031317268	-0.7273684	-0.45652032	-0.19180869	0.4751146
183170038817268	-0.72814375	-0.45798528	-0.19035526	0.47309723
183170046317268	-0.7289328	-0.45952398	-0.18893215	0.47095588
183170053817268	-0.72989225	-0.46113467	-0.18750468	0.4684594
183170061317268	-0.73094344	-0.46270722	-0.18607287	0.4658332
183170068817268	-0.73201424	-0.4641988	-0.1845948	0.4632488
183170076317268	-0.7330459	-0.46568686	-0.18303864	0.4607348
183170083817268	-0.734093	-0.46721193	-0.18152589	0.4581144
183170091317268	-0.7351391	-0.4687853	-0.17995393	0.45544222
183170098817268	-0.7361565	-0.4703064	-0.17851649	0.45278847
183170106317268	-0.737179	-0.47183248	-0.17707333	0.4500959
183170113817268	-0.7382999	-0.4732751	-0.17560641	0.4473102
183170121317268	-0.7393379	-0.47474396	-0.17406301	0.4446343
183170128817268	-0.7403686	-0.47620547	-0.17257468	0.44192836
183170136317268	-0.7416848	-0.47792113	-0.1711051	0.43842688
183170143817268	-0.74253297	-0.47857633	-0.17040086	0.4365469
183170151317268	-0.74339044	-0.47997946	-0.16852672	0.4342686
183170158817268	-0.7440686	-0.48149684	-0.16703132	0.4319991
183170166317268	-0.7446773	-0.48298404	-0.16549852	0.42987487
183170173817268	-0.74534726	-0.48444453	-0.16379437	0.42771772
183170181317268	-0.7460288	-0.4859396	-0.16237628	0.42536783
183170283631278	-0.74680996	-0.48748598	-0.16112322	0.4226958
183170290550497	-0.7468342	-0.4874996	-0.1610956	0.42264774
183170298050497	-0.7474972	-0.48892412	-0.15965858	0.42036912
183170305550497	-0.74808145	-0.49056423	-0.15792517	0.4180677
183170313050497	-0.74861854	-0.4922203	-0.15622677	0.41579157
183170320550497	-0.7492014	-0.49386212	-0.15463401	0.41338348
183170328050497	-0.74988943	-0.49540603	-0.15314037	0.4108368
183170335550497	-0.75062686	-0.49688357	-0.15167308	0.40824187
183170343050497	-0.7513444	-0.49836448	-0.15023254	0.40564105
183170350550497	-0.75201124	-0.49987987	-0.14882535	0.40305123
183170358050497	-0.75265676	-0.5013736	-0.14741616	0.4005008
183170365550497	-0.753279	-0.5028276	-0.14593787	0.39804196
183170373050497	-0.75380313	-0.5043069	-0.14446878	0.3957073
183170408563830	-0.75476336	-0.507271	-0.14177473	0.391035
183170395550497	-0.75476336	-0.507271	-0.14177473	0.391035
183170403050497	-0.75520563	-0.5087522	-0.14052336	0.38870144
183170410550497	-0.75565594	-0.51021564	-0.13935567	0.38632116
183170418050497	-0.75650686	-0.513147	-0.1371028	0.38154992
183170470939299	-0.7570852	-0.5161652	-0.13465786	0.37717745
183170440550497	-0.7570852	-0.5161652	-0.13465786	0.37717745
183170487055132	-0.7573354	-0.51927507	-0.1320856	0.37329596
183170455550497	-0.7573354	-0.51927507	-0.1320856	0.37329596
183170463050497	-0.7574792	-0.5223439	-0.12981161	0.36950114
183170470550497	-0.7576019	-0.523782	-0.12884319	0.36754775
183170478050497	-0.7577537	-0.5251595	-0.12788515	0.3655987
183170485550497	-0.75792277	-0.5264732	-0.12691547	0.36369136
183170493050497	-0.7580875	-0.52773035	-0.12587258	0.3618844
183170561410080	-0.7582018	-0.52893436	-0.12483464	0.36024264
183170572409872	-0.758258	-0.5301371	-0.12387071	0.35868603
183170581839559	-0.75832665	-0.53130513	-0.122963674	0.35712126
183170591351174	-0.75845	-0.5323879	-0.122172035	0.3555149
183170599756017	-0.7586001	-0.53338337	-0.121455185	0.35394448
183170610864299	-0.7587468	-0.53430235	-0.12076544	0.352477
183170619419559	-0.7588703	-0.5351728	-0.120162606	0.3510941
183170628724767	-0.7589707	-0.53597057	-0.11956401	0.34986213
183170560550497	-0.7590512	-0.5366612	-0.11896286	0.34883234
183170568050497	-0.75907815	-0.53732616	-0.118382104	0.34794626
183170575550497	-0.75908613	-0.5379496	-0.11783117	0.34715194
183170666060392	-0.7591068	-0.538535	-0.117346406	0.34636196
183170672584507	-0.7591576	-0.53904635	-0.11694238	0.3455915
183170598050497	-0.75921535	-0.5395338	-0.11666243	0.34479737
183170605550497	-0.75928104	-0.5399765	-0.11644117	0.34403366
183170613050497	-0.75934774	-0.54036796	-0.11616503	0.34336486
183170713921799	-0.75938106	-0.54071283	-0.11587729	0.34284496
183170721421799	-0.75934666	-0.5406861	-0.11590994	0.34295195
183170728921799	-0.75926363	-0.54106075	-0.11557567	0.34265757
183170736421799	-0.75916404	-0.54139173	-0.11523062	0.34247193
183170743921799	-0.75903106	-0.5417016	-0.114949964	0.34237066
183170751421799	-0.75891644	-0.54194546	-0.11474388	0.34230825
183170758921799	-0.7588205	-0.54210556	-0.11462759	0.34230626
183170766421799	-0.7587155	-0.54222393	-0.11459541	0.34236228
183170773921799	-0.75859207	-0.5423082	-0.11460338	0.3424998
183170781421799	-0.75846845	-0.5423541	-0.11461027	0.3426985
183170788921799	-0.7583209	-0.54239494	-0.11465596	0.34294492
183170796421799	-0.7581733	-0.5423947	-0.114740364	0.34324318
183170803921799	-0.75805706	-0.5423014	-0.11490344	0.3435928
183170811421799	-0.75795996	-0.5421467	-0.11513581	0.34397307
183170818921799	-0.7578567	-0.54191524	-0.11541553	0.3444709
183170826421799	-0.7577329	-0.5416373	-0.11574606	0.34506908
183170833921799	-0.7575764	-0.54131144	-0.11608969	0.34580794
183170841421799	-0.7573942	-0.5409373	-0.11649296	0.34665588
183170848921799	-0.75720584	-0.54053265	-0.11693994	0.34754688
183170856421799	-0.75699306	-0.54009736	-0.11745627	0.34851173
183170863921799	-0.7567799	-0.539613	-0.118077405	0.34951386
183170871421799	-0.75656277	-0.53907174	-0.11877382	0.35058138
183170878921799	-0.75633746	-0.53846794	-0.11958985	0.35171634
183170886421799	-0.75612	-0.5378245	-0.120463535	0.3528679
183170893921799	-0.75593114	-0.53711927	-0.12136191	0.35403734
183170901421799	-0.75573826	-0.5363584	-0.122270815	0.3552876
183170908921799	-0.7554801	-0.5355963	-0.12318129	0.3566692
183170916421799	-0.7551541	-0.53484017	-0.124097995	0.3581733
183170923921799	-0.75475585	-0.53408694	-0.12505613	0.35979968
183170931421799	-0.7542934	-0.53337604	-0.12607005	0.36146614
183170938921799	-0.7538245	-0.5326712	-0.12707905	0.36312672
183170946421799	-0.75332785	-0.5319792	-0.12810527	0.36480725
183170953921799	-0.7528299	-0.5312582	-0.12905402	0.3665474
183170961421799	-0.75234413	-0.53052026	-0.12999646	0.36827624
183170968921799	-0.75184613	-0.52979743	-0.13100074	0.36997432
183170976421799	-0.7513999	-0.5289939	-0.1319339	0.37169507
183170983921799	-0.75091213	-0.52817875	-0.13278356	0.37353286
183170991421799	-0.75036687	-0.52739763	-0.13361952	0.37542948
183170998921799	-0.7497876	-0.52662164	-0.13440302	0.37739122
183171006421799	-0.74915123	-0.5258798	-0.1352209	0.3793919
183171013921799	-0.7485787	-0.52507955	-0.13611472	0.38130587
183171021421799	-0.74801993	-0.524272	-0.13696656	0.3832038
183171028921799	-0.7474513	-0.52347165	-0.13792574	0.38505918
183171132823465	-0.74692166	-0.5226646	-0.13894804	0.3868116
183171138759819	-0.74691546	-0.5227476	-0.13905378	0.38667354
183171146259819	-0.74659383	-0.52207106	-0.13997027	0.38787603
183171153759819	-0.7462357	-0.52112186	-0.14106256	0.3894428
183171161259819	-0.7459118	-0.52013856	-0.14219068	0.3909647
183171168759819	-0.74566793	-0.5190849	-0.14326636	0.3924348
183171176259819	-0.7454482	-0.5180052	-0.14422612	0.39392442
183171183759819	-0.7451629	-0.5169707	-0.14507224	0.39550933
183171191259819	-0.7448356	-0.516001	-0.14579085	0.39712477
183171198759819	-0.7445452	-0.515092	-0.14645241	0.39860308
183171206259819	-0.7443294	-0.51417357	-0.14709339	0.3999536
183171213759819	-0.7441547	-0.51327384	-0.14781275	0.40116718
183171221259819	-0.7440383	-0.5123751	-0.14852645	0.40226704
183171228759819	-0.7440203	-0.51146555	-0.14913957	0.40322986
183171236259819	-0.74402773	-0.51053977	-0.14968288	0.40418696
183171243759819	-0.7440238	-0.5096961	-0.1502353	0.40505296
183171251259819	-0.7440946	-0.50883055	-0.1507869	0.40580538
183171258759819	-0.744229	-0.50792044	-0.15130927	0.40650424
183171266259819	-0.7443863	-0.50701696	-0.15172593	0.40718818
183171273759819	-0.7445103	-0.50619024	-0.1521193	0.4078426
183171281259819	-0.744673	-0.50539947	-0.15247896	0.40839165
183171288759819	-0.74487376	-0.5046331	-0.15278281	0.40885934
183171339325913	-0.7450529	-0.503894	-0.15300474	0.40936127
183171349879298	-0.74518704	-0.503229	-0.15319641	0.409863
183171311259819	-0.7453367	-0.5025735	-0.15339634	0.4103202
183171318759819	-0.745523	-0.50191706	-0.15362737	0.4106987
183171326259819	-0.7457139	-0.5012811	-0.15380602	0.41106176
183171443145288	-0.7459165	-0.5006786	-0.15393859	0.4113789
183171444251486	-0.74608696	-0.5006905	-0.15365581	0.4111608
183171445574194	-0.74629027	-0.5006435	-0.15346083	0.41092184
183171453074194	-0.7465572	-0.50059015	-0.15318933	0.41060317
183171454933986	-0.746843	-0.50011086	-0.15329589	0.41062775
183171455495757	-0.7470616	-0.50003916	-0.15305874	0.41040584
183171462995757	-0.747259	-0.50004584	-0.15278104	0.4101414
183171465800027	-0.74735755	-0.49974138	-0.15267156	0.410374
183171473300027	-0.7474424	-0.49963942	-0.1525517	0.410388
183171475860392	-0.7475423	-0.49933448	-0.15235591	0.41064993
183171483360392	-0.74761844	-0.4992521	-0.15224098	0.41065416
183171493417215	-0.7477162	-0.4989333	-0.15205503	0.41093242
183171504367788	-0.74777263	-0.49861944	-0.15191613	0.41126183
183171505860392	-0.7477896	-0.49830255	-0.15178804	0.4116622
183171513360392	-0.74772674	-0.4980134	-0.15171257	0.41215366
183171538252215	-0.7467734	-0.49739096	-0.15185471	0.4145742
183171553252215	-0.7467734	-0.49739096	-0.15185471	0.4145742
183171550860392	-0.7467734	-0.49739096	-0.15185471	0.4145742
183171558360392	-0.74669224	-0.49737188	-0.15196016	0.41470492
183171565860392	-0.74659115	-0.4971785	-0.15219952	0.4150309
183171573360392	-0.746593	-0.49695048	-0.15230322	0.41526237
183171580860392	-0.74673164	-0.4966508	-0.1522548	0.4153895
183171588360392	-0.7470135	-0.49621573	-0.15206961	0.41547036
183171595860392	-0.74744546	-0.49563238	-0.15189622	0.41545323
183171603360392	-0.7480273	-0.49493432	-0.15168326	0.4153162
183171610860392	-0.7486443	-0.49409163	-0.15161549	0.4152323
183171618360392	-0.749203	-0.4931311	-0.15179282	0.41530162
183171625860392	-0.7497712	-0.49208298	-0.15209623	0.41540852
183171633360392	-0.7503604	-0.49094012	-0.152465	0.41556174
183171640860392	-0.75095254	-0.48971608	-0.15294099	0.41576144
183171648360392	-0.7515645	-0.4884421	-0.1534694	0.41595963
183171655860392	-0.75215644	-0.48712006	-0.15407585	0.4162157
183171663360392	-0.7527146	-0.4857756	-0.15479839	0.41650984
183171670860392	-0.7532624	-0.48440796	-0.15564357	0.41679716
183171678360392	-0.7538228	-0.48306692	-0.15656602	0.4169947
183171685860392	-0.75432855	-0.48181248	-0.15752847	0.41716892
183171693360392	-0.75477105	-0.4806761	-0.15848425	0.41731745
183171700860392	-0.7551955	-0.4796755	-0.15954155	0.417298
183171708360392	-0.75538665	-0.4786258	-0.16060491	0.41774926
183171715860392	-0.75548	-0.477593	-0.16168654	0.41834474
183171723360392	-0.7555138	-0.47657764	-0.16276827	0.41902167
183171846157059	-0.755533	-0.47570097	-0.16439267	0.41934898
183171846384142	-0.755533	-0.47570097	-0.16439267	0.41934898
183171846457371	-0.755533	-0.47570097	-0.16439267	0.41934898
183171846535079	-0.75550413	-0.47572663	-0.16463491	0.41927662
183171860566277	-0.7554317	-0.47572213	-0.164897	0.41930962
183171869269663	-0.7554398	-0.47461364	-0.16625234	0.42001507
183171877411642	-0.7554631	-0.47354364	-0.16730301	0.42076322
183171892411642	-0.7554161	-0.47258976	-0.1682036	0.42156008
183171897777579	-0.75536305	-0.47168484	-0.16902655	0.42233887
183171905612684	-0.7553041	-0.4708275	-0.1697463	0.42311165
183171913238413	-0.7551967	-0.470049	-0.17042631	0.42389488
183171921234559	-0.75503784	-0.46938807	-0.17100817	0.4246751
183171929786954	-0.75485283	-0.46882886	-0.17156287	0.42539743
183171941683048	-0.75472826	-0.46827105	-0.17213883	0.42599976
183171929079038	-0.7546478	-0.46772555	-0.17273366	0.42650056
183171936579038	-0.75458425	-0.46720454	-0.17334573	0.42693543
183171944079038	-0.7545422	-0.46670106	-0.1739844	0.42730033
183171951579038	-0.75456965	-0.4661653	-0.17460941	0.42758173
183171959079038	-0.75458837	-0.4656277	-0.17520523	0.42789072
183171966579038	-0.7545016	-0.46514884	-0.17579436	0.42832258
183171974079038	-0.75435346	-0.46470988	-0.17646785	0.42878297
183171981579038	-0.7541479	-0.46430975	-0.1772912	0.42923808
183171989079038	-0.75389403	-0.4638852	-0.17821683	0.42975956
183171996579038	-0.7535798	-0.4634882	-0.17919035	0.43033367
183172004079038	-0.7531906	-0.4631228	-0.1801609	0.43100274
183172011579038	-0.7527373	-0.46273762	-0.18112405	0.4318038
183172019079038	-0.75190127	-0.46213278	-0.18223949	0.43343574
183172026579038	-0.75127536	-0.46172616	-0.18296105	0.43464875
183172034079038	-0.75074923	-0.46145594	-0.18352266	0.43560708
183172108410704	-0.7498761	-0.46101803	-0.1847064	0.4370718
183172056579038	-0.7498761	-0.46101803	-0.1847064	0.4370718
183172064079038	-0.74949956	-0.4606608	-0.18548825	0.43776274
183172071579038	-0.7494124	-0.46029955	-0.18598735	0.4380801
183172079079038	-0.7493974	-0.46007523	-0.18623492	0.43823624
183172086579038	-0.7494218	-0.46008357	-0.18626247	0.4381741
183172094079038	-0.74943215	-0.4602053	-0.18609719	0.43809873
183172175801850	-0.74932307	-0.46041772	-0.18582739	0.43817672
183172183240704	-0.7490773	-0.46081027	-0.1854707	0.43833518
183172194696329	-0.7487603	-0.4613033	-0.18508068	0.4385232
183172124079038	-0.748385	-0.46183613	-0.18471059	0.43875882
183172214048100	-0.74795187	-0.46242395	-0.18441753	0.43900162
183172224987631	-0.7474538	-0.46304107	-0.1841756	0.43930072
183172232727319	-0.7468744	-0.46366012	-0.18400347	0.43970522
183172244250079	-0.74605256	-0.46415567	-0.18412271	0.4405269
183172251986642	-0.7454386	-0.46468654	-0.18409322	0.44101876
183172261217996	-0.7448503	-0.46519232	-0.1840532	0.44149587
183172272891173	-0.74420685	-0.46570224	-0.18406655	0.44203737
183172278195756	-0.7437817	-0.46566448	-0.18457861	0.44257897
183172285695756	-0.7433062	-0.46598127	-0.18480548	0.44294953
183172293195756	-0.7427853	-0.46643004	-0.18504149	0.44325262
183172307671954	-0.74232304	-0.46690685	-0.18524148	0.4434414
183172314943985	-0.74180776	-0.46741983	-0.18548082	0.44366297
183172327234454	-0.74127215	-0.46801025	-0.1855531	0.44390553
183172336916798	-0.7407376	-0.4686856	-0.18549861	0.444108
183172348177215	-0.7402135	-0.46937448	-0.18531191	0.4443322
183172356270027	-0.7396941	-0.470054	-0.18509096	0.44457093
183172366831225	-0.73915654	-0.47080687	-0.18484093	0.44477227
183172376368569	-0.73864186	-0.47163147	-0.18453428	0.4448811
183172360695756	-0.7382101	-0.4724102	-0.18415599	0.44492823
183172368195756	-0.7378352	-0.4731574	-0.18366486	0.44495904
183172375695756	-0.7374297	-0.47395158	-0.18308307	0.44502577
183172383195756	-0.7369481	-0.47477636	-0.1825471	0.4451646
183172390695756	-0.73642087	-0.47564432	-0.182049	0.44531447
183172435701017	-0.7359372	-0.47650954	-0.18164355	0.44535464
183172445583360	-0.7354759	-0.4773646	-0.18125951	0.4453574
183172413195756	-0.73507583	-0.47811785	-0.18088971	0.4453602
183172420695756	-0.73473585	-0.4787841	-0.18057913	0.44533166
183172428195756	-0.7344504	-0.47942746	-0.18030179	0.44522274
183172435695756	-0.73426366	-0.47994745	-0.18005283	0.44507113
183172443195756	-0.73419356	-0.4803234	-0.17991671	0.4448362
183172450695756	-0.73422223	-0.48057944	-0.17982723	0.44454843
183172458195756	-0.7343195	-0.48074412	-0.17977326	0.44423148
183172465695756	-0.73442125	-0.48084763	-0.17975453	0.44395876
183172473195756	-0.734512	-0.4809481	-0.17970856	0.4437184
183172480695756	-0.7345931	-0.4810203	-0.1796835	0.44351596
183172488195756	-0.73466563	-0.48110366	-0.17969538	0.44330052
183172495695756	-0.7347566	-0.48115635	-0.17969681	0.44309196
183172503195756	-0.73482776	-0.48117176	-0.17973973	0.44293964
183172510695756	-0.7348593	-0.48120782	-0.17978801	0.4428287
183172518195756	-0.7348838	-0.4812524	-0.17988782	0.44269902
183172525695756	-0.7349796	-0.48119146	-0.17996477	0.44257486
183172533195756	-0.7350652	-0.48110273	-0.18005386	0.442493
183172540695756	-0.73510075	-0.48106843	-0.18014467	0.4424341
183172548195756	-0.7351564	-0.4810082	-0.18018317	0.44239137
183172555695756	-0.7352292	-0.48090383	-0.18025267	0.4423558
183172563195756	-0.7352495	-0.48085743	-0.18034469	0.44233477
183172570695756	-0.7352741	-0.48082405	-0.1804286	0.44229606
183172578195756	-0.7353294	-0.48075673	-0.18054228	0.4422309
183172585695756	-0.735392	-0.48069456	-0.18068092	0.44213784
183172593195756	-0.7354352	-0.48067328	-0.1808038	0.44203874
183172600695756	-0.73549837	-0.48063236	-0.18091069	0.4419346
183172701206798	-0.73556596	-0.4805663	-0.1809956	0.4418591
183172708706798	-0.7355638	-0.48055017	-0.18098813	0.44188324
183172716206798	-0.7356219	-0.4804801	-0.18103877	0.4418418
183172723706798	-0.7356856	-0.4803822	-0.18110664	0.44181454
183172731206798	-0.73574436	-0.48027533	-0.18121006	0.44179058
183172738706798	-0.73577696	-0.48015177	-0.18136643	0.44180644
183172746206798	-0.73584336	-0.47998208	-0.1815848	0.4417904
183172753706798	-0.7359595	-0.47973657	-0.18176922	0.44178784
183172761206798	-0.73604417	-0.47947878	-0.18194804	0.44185296
183172768706798	-0.73612195	-0.47923943	-0.18214336	0.44190258
183172776206798	-0.7362013	-0.47904158	-0.18234	0.44190392
183172783706798	-0.7363507	-0.4789214	-0.18224445	0.44182467
183172791206798	-0.73645025	-0.478754	-0.18234295	0.44179937
183172798706798	-0.73640645	-0.478526	-0.18259466	0.44201553
183172806206798	-0.73651683	-0.47832254	-0.18278511	0.441973
183172813706798	-0.73673046	-0.47817293	-0.18276218	0.44178838
183172821206798	-0.736764	-0.47805148	-0.18288119	0.4418146
183172828706798	-0.73673195	-0.47800615	-0.18308617	0.4418322
183172836206798	-0.7367999	-0.4779553	-0.18316068	0.44174305
183172843706798	-0.7369588	-0.47780594	-0.1831629	0.44163856
183172851206798	-0.7370191	-0.47774225	-0.18311296	0.4416275
183172858706798	-0.7370302	-0.47770983	-0.18294017	0.4417157
183172866206798	-0.7370544	-0.4776411	-0.18273413	0.4418348
183172873706798	-0.7370341	-0.47762486	-0.18255845	0.441959
183172881206798	-0.7369727	-0.47763914	-0.18239218	0.44211465
183172888706798	-0.73693025	-0.47760126	-0.18220489	0.4423034
183172896206798	-0.73691636	-0.47751692	-0.18202277	0.44249243
183172903706798	-0.7369117	-0.47743395	-0.18193433	0.44262612
183172911206798	-0.7369638	-0.4773052	-0.18195686	0.44266894
183172918706798	-0.7371014	-0.47708166	-0.18201624	0.44265652
183172926206798	-0.73726875	-0.4768254	-0.18208332	0.4426263
183172933706798	-0.7374197	-0.4765672	-0.18218637	0.4426105
183172941206798	-0.7375838	-0.47628683	-0.18230635	0.44258937
183172948706798	-0.7377646	-0.47599477	-0.18241782	0.44255653
183172956206798	-0.7379161	-0.47570065	-0.18255462	0.44256362
183173038427319	-0.7380474	-0.47538963	-0.18271725	0.4426117
183173043471485	-0.7381544	-0.4751192	-0.182946	0.44262916
183173058035652	-0.7382469	-0.4748768	-0.18318132	0.4426377
183173065183204	-0.7383534	-0.47463846	-0.183386	0.442631
183172993706798	-0.73837596	-0.47447985	-0.18355998	0.44269133
183173001206798	-0.738346	-0.47437555	-0.18369833	0.44279578
183173008706798	-0.7382644	-0.47435036	-0.1837922	0.4429198
183173016206798	-0.738125	-0.4744004	-0.18386276	0.44306913
183173023706798	-0.7379575	-0.47447035	-0.18385334	0.44327727
183173125271485	-0.7377266	-0.4745656	-0.1838035	0.4435799
183173132771485	-0.7376758	-0.4745381	-0.18385477	0.4436728
183173140271485	-0.7373525	-0.47474778	-0.18378504	0.44401464
183173147771485	-0.7370545	-0.4749697	-0.18375006	0.44428638
183173155271485	-0.7368664	-0.47512606	-0.18370984	0.4444478
183173162771485	-0.736694	-0.47524628	-0.1836463	0.4446314
183173170271485	-0.7364907	-0.4753867	-0.18360661	0.44483426
183173177771485	-0.7363051	-0.47551358	-0.18360962	0.44500482
183173185271485	-0.7361328	-0.4756123	-0.18371098	0.44514254
183173192771485	-0.7359806	-0.4756748	-0.18381807	0.4452831
183173216721121	-0.7358132	-0.47572616	-0.1839503	0.44545022
183173231721121	-0.7355754	-0.47573024	-0.18420808	0.44573206
183173222771485	-0.7355754	-0.47573024	-0.18420808	0.44573206
183173230271485	-0.7354897	-0.47569752	-0.18431596	0.4458637
183173237771485	-0.73520786	-0.47571135	-0.18442349	0.44626912
183173245271485	-0.7350558	-0.47576708	-0.18449847	0.44642922
183173291283204	-0.7348878	-0.4758496	-0.18452086	0.4466085
183173260271485	-0.73469234	-0.4759492	-0.1845392	0.44681633
183173267771485	-0.7344658	-0.47609198	-0.18451354	0.44704732
183173275271485	-0.7342273	-0.47623834	-0.18442935	0.44731778
183173282771485	-0.7339711	-0.4764233	-0.18429242	0.44759765
183173290271485	-0.73372316	-0.4766315	-0.1841916	0.44782406
183173297771485	-0.7335129	-0.4768256	-0.1841345	0.44798523
183173305271485	-0.73332435	-0.47698298	-0.18407907	0.44814906
183173366033777	-0.7331733	-0.47711337	-0.1840213	0.44828117
183173374881850	-0.7330627	-0.47722846	-0.18403009	0.448336
183173386103881	-0.7330051	-0.47729835	-0.1840511	0.44834712
183173392032006	-0.732974	-0.4773324	-0.18406084	0.44835758
183173342771485	-0.73292947	-0.4773532	-0.1840749	0.4484025
183173350271485	-0.7328871	-0.47736996	-0.18413082	0.448431
183173357771485	-0.73284507	-0.47737554	-0.18422219	0.44845614
183173365271485	-0.7328284	-0.4773201	-0.18431237	0.44850537
183173372771485	-0.73277473	-0.47730184	-0.18441221	0.44857138
183173380271485	-0.73271763	-0.47731555	-0.18451409	0.44860822
183173387771485	-0.73269594	-0.47731265	-0.18457429	0.44862196
183173395271485	-0.73264575	-0.47735795	-0.18459818	0.44864595
183173402771485	-0.7325668	-0.47744724	-0.184567	0.44869277
183173410271485	-0.7324766	-0.47752583	-0.18453482	0.4487695
183173417771485	-0.73237	-0.4776126	-0.1845088	0.4488618
183173425271485	-0.73226744	-0.4777162	-0.18447089	0.44893458
183173432771485	-0.7321629	-0.4778215	-0.18446538	0.44899514
183173440271485	-0.73208284	-0.47791216	-0.1844793	0.4490235
183173447771485	-0.7320376	-0.47795123	-0.18447876	0.44905588
183173554963516	-0.7319851	-0.4779811	-0.18444325	0.44912434
183173556608672	-0.7319939	-0.47795045	-0.18440785	0.4491571
183173564108672	-0.7319841	-0.4779347	-0.18435735	0.44921064
183173571608672	-0.73190135	-0.47796595	-0.18428414	0.44934222
183173579108672	-0.731824	-0.47800788	-0.18426383	0.44943175
183173586608672	-0.73177385	-0.4780153	-0.18422326	0.4495222
183173594108672	-0.73173755	-0.477976	-0.18421265	0.44962746
183173601608672	-0.73171383	-0.4779101	-0.1842346	0.44972703
183173609108672	-0.7316951	-0.47782186	-0.18430051	0.4498242
183173616608672	-0.73168063	-0.47772723	-0.18436122	0.44992355
183173624108672	-0.7316691	-0.47760898	-0.18444921	0.45003173
183173631608672	-0.73169124	-0.4774584	-0.18454221	0.45011747
183173639108672	-0.73169196	-0.47733107	-0.18466558	0.45020077
183173646608672	-0.73165137	-0.4772084	-0.1848158	0.450335
183173654108672	-0.73161626	-0.47704628	-0.18498	0.45049632
183173661608672	-0.73157626	-0.47685006	-0.1851464	0.45070073
183173669108672	-0.7314579	-0.47669107	-0.18533608	0.45098296
183173676608672	-0.7313385	-0.47653374	-0.18552689	0.4512642
183173684108672	-0.7312164	-0.47638047	-0.18573445	0.45153853
183173691608672	-0.7310805	-0.47622913	-0.18595794	0.45182624
183173699108672	-0.7309274	-0.4760451	-0.18620527	0.45216587
183173706608672	-0.7307508	-0.47585526	-0.18646196	0.45254523
183173714108672	-0.7305629	-0.47569126	-0.1867151	0.45291644
183173721608672	-0.7304059	-0.47550642	-0.18699129	0.45324948
183173729108672	-0.7302688	-0.475267	-0.18725753	0.4536116
183173736608672	-0.7301182	-0.47503477	-0.18752114	0.45398808
183173744108672	-0.7299637	-0.47482157	-0.18775219	0.45436412
183173751608672	-0.7298099	-0.47461092	-0.18801792	0.45472112
183173759108672	-0.7296461	-0.47441104	-0.18827018	0.45508808
183173766608672	-0.7294606	-0.47419378	-0.18846536	0.45553085
183173774108672	-0.72923017	-0.4740029	-0.18864217	0.45602503
183173781608672	-0.7289624	-0.47386512	-0.18885913	0.4565063
183173789108672	-0.72875136	-0.4736596	-0.18905711	0.4569743
183173796608672	-0.7285822	-0.47342324	-0.18923067	0.4574169
183173804108672	-0.728412	-0.47319835	-0.18944134	0.45783335
183173811608672	-0.72825426	-0.47297347	-0.1897093	0.4582055
183173819108672	-0.7281216	-0.4727068	-0.18999456	0.45857325
183173826608672	-0.7279887	-0.47242126	-0.19024415	0.4589748
183173834108672	-0.7278344	-0.47215855	-0.1904637	0.45939866
183173841608672	-0.7276344	-0.4719045	-0.19072215	0.45986894
183173849108672	-0.72740275	-0.4716403	-0.19100928	0.46038708
183173856608672	-0.72716933	-0.47135568	-0.19130687	0.46092343
183173864108672	-0.72694755	-0.4710595	-0.19164065	0.46143702
183173871608672	-0.72672105	-0.47075552	-0.19202375	0.46194455
183173879108672	-0.7264825	-0.47045815	-0.19241385	0.46246
183173886608672	-0.72626054	-0.47011042	-0.19280371	0.46299952
183173894108672	-0.72605133	-0.46974626	-0.19322498	0.46352154
183173998397683	-0.72583985	-0.46936616	-0.19364679	0.4640613
183174005897683	-0.7257907	-0.46932566	-0.19367887	0.4641658
183174013397683	-0.7255842	-0.46891683	-0.19410735	0.4647224
183174020897683	-0.7253406	-0.46853396	-0.19453858	0.46530816
183174028397683	-0.7251355	-0.46811163	-0.19498634	0.46586534
183174035897683	-0.7249157	-0.46768287	-0.19543312	0.46645036
183174056280131	-0.72465605	-0.46726844	-0.19583224	0.46710125
183174050897683	-0.7244177	-0.46686247	-0.19622524	0.46771163
183174058397683	-0.72421366	-0.4664555	-0.19660082	0.46827552
183174065897683	-0.7240063	-0.46606207	-0.19698508	0.46882623
183174073397683	-0.72380215	-0.4656781	-0.1973355	0.46937522
183174080897683	-0.7235822	-0.465314	-0.19765195	0.46994188
183174088397683	-0.7233542	-0.46498433	-0.19797255	0.47048393
183174095897683	-0.7231323	-0.46465692	-0.19832379	0.47100037
183174103397683	-0.72289944	-0.46432525	-0.19869296	0.47152907
183174110897683	-0.72267175	-0.46400696	-0.19903472	0.4720469
183174118397683	-0.722425	-0.46369958	-0.19942437	0.47256204
183174125897683	-0.72219753	-0.46339098	-0.19983383	0.4730391
183174133397683	-0.72197044	-0.463097	-0.20024018	0.47350156
183174140897683	-0.72174525	-0.4628127	-0.2005668	0.47398436
183174148397683	-0.72151333	-0.4625398	-0.20088367	0.4744694
183174155897683	-0.72125506	-0.46230462	-0.20123386	0.47494283
183174163397683	-0.7209891	-0.4620834	-0.20161091	0.47540173
183174170897683	-0.72075915	-0.46181056	-0.20196812	0.47586375
183174178397683	-0.7205344	-0.46151385	-0.20233658	0.47633502
183174185897683	-0.72032523	-0.46122625	-0.20275252	0.47675294
183174250867318	-0.7201509	-0.4609029	-0.20315619	0.47715694
183174255374922	-0.7199913	-0.46054444	-0.20352773	0.4775854
183174208397683	-0.71981794	-0.46021712	-0.20386568	0.47801784
183174279838881	-0.7196374	-0.4598588	-0.20418563	0.47849792
183174223397683	-0.7194215	-0.4595185	-0.20453231	0.4790011
183174230897683	-0.719216	-0.45921555	-0.20487738	0.47945252
183174238397683	-0.71902096	-0.458884	-0.20525545	0.47990054
183174310456901	-0.7188498	-0.4585117	-0.2056593	0.4803397
183174363586953	-0.7186648	-0.45805424	-0.2060739	0.4808749
183174363851172	-0.7186648	-0.45805424	-0.2060739	0.4808749
183174363921849	-0.7186648	-0.45805424	-0.2060739	0.4808749
183174372148151	-0.718667	-0.45801178	-0.20604697	0.48092383
183174387148151	-0.7184304	-0.45729017	-0.20655742	0.4817443
183174393952058	-0.7184304	-0.45729017	-0.20655742	0.4817443
183174401452058	-0.7183419	-0.4569587	-0.20685145	0.4820646
183174408952058	-0.7182799	-0.45661587	-0.2071372	0.48235893
183174416452058	-0.71817267	-0.45597908	-0.2076998	0.48287883
183174423952058	-0.7181114	-0.45569864	-0.20797478	0.4831163
183174431452058	-0.7180418	-0.4554332	-0.20821954	0.48336458
183174438952058	-0.7179503	-0.45519343	-0.2084641	0.48362082
183174469549505	-0.7178561	-0.4549918	-0.20867164	0.48386082
183174481787110	-0.7177719	-0.45482016	-0.20887	0.48406154
183174487488776	-0.7177208	-0.45465332	-0.20907463	0.48420563
183174468952058	-0.7177027	-0.45447344	-0.20926914	0.4843173
183174506790026	-0.71768016	-0.45430794	-0.20947786	0.48441586
183174483952058	-0.7176735	-0.45416382	-0.20966344	0.48448035
183174526321485	-0.71767706	-0.45405665	-0.20980148	0.48451576
183174537385703	-0.7176722	-0.45400867	-0.2098917	0.4845289
183174541968255	-0.71766293	-0.4540124	-0.2099336	0.4845211
183174513952058	-0.7176733	-0.45409358	-0.209925	0.48443332
183174569121120	-0.7177852	-0.45435813	-0.20982964	0.48406067
183174536452058	-0.7177852	-0.45435813	-0.20982964	0.48406067
183174543952058	-0.7179014	-0.45453477	-0.20972008	0.48376992
183174551452058	-0.71802175	-0.45472133	-0.20958824	0.48347288
183174558952058	-0.718139	-0.45496503	-0.20941895	0.4831429
183174566452058	-0.718219	-0.45527732	-0.20926768	0.48279518
183174573952058	-0.71835285	-0.45562258	-0.20908497	0.48234916
183174581452058	-0.71855175	-0.4559783	-0.20883222	0.48182607
183174588952058	-0.71878356	-0.456362	-0.20850025	0.4812605
183174596452058	-0.71902466	-0.45679554	-0.20811544	0.48065513
183174603952058	-0.71967256	-0.45774683	-0.20724753	0.4791532
183174611452058	-0.7200621	-0.45825773	-0.20679463	0.47827443
183174618952058	-0.72048175	-0.45884052	-0.20622276	0.4773298
183174626452058	-0.7208793	-0.45951346	-0.20561868	0.4763418
183174633952058	-0.72128016	-0.46031606	-0.20498815	0.47523054
183174720976224	-0.7217106	-0.4611584	-0.20428258	0.4740628
183174725044349	-0.72212595	-0.46204814	-0.20342325	0.4729322
183174740044349	-0.7225113	-0.46301752	-0.2025468	0.47177002
183174747049141	-0.7229198	-0.4640063	-0.20164791	0.4705564
183174766040443	-0.72338164	-0.46501547	-0.20071808	0.46924606
183174766742162	-0.72354954	-0.46511146	-0.20056482	0.4689577
183174778668620	-0.72378117	-0.46531522	-0.20029424	0.46851352
183174787370391	-0.7242825	-0.46650404	-0.19927223	0.46698987
183174789242162	-0.72488546	-0.4677154	-0.1982444	0.465277
183174796742162	-0.7256196	-0.4688784	-0.19719432	0.46340454
183174804242162	-0.72639614	-0.47007835	-0.19598864	0.4614798
183174811742162	-0.7271322	-0.47127244	-0.19473238	0.45963073
183174819242162	-0.7278844	-0.47242874	-0.19355948	0.45774454
183174826742162	-0.72868615	-0.47359353	-0.19235416	0.4557692
183174834242162	-0.7294615	-0.474739	-0.19107026	0.4538735
183174841742162	-0.7301254	-0.4759344	-0.1897481	0.45210505
183174849242162	-0.7307415	-0.47717157	-0.18845339	0.45034382
183174856742162	-0.7313495	-0.47844985	-0.18723257	0.44850588
183174864242162	-0.73197436	-0.4797657	-0.18600152	0.4465891
183174871742162	-0.7326617	-0.48106784	-0.18472695	0.44458574
183174879242162	-0.7333556	-0.48239538	-0.18348536	0.4425127
183174886742162	-0.7340755	-0.48381034	-0.18214382	0.4403232
183174894242162	-0.73479635	-0.48520046	-0.18076316	0.43815464
183174901742162	-0.73556453	-0.4866626	-0.17933378	0.4358254
183174909242162	-0.73595876	-0.48745686	-0.17825142	0.43471497
183174916742162	-0.7361716	-0.48910576	-0.1763975	0.4332562
183174924242162	-0.73662984	-0.49074486	-0.17526133	0.4310796
183174931742162	-0.737315	-0.49205914	-0.17411968	0.4288668
183174939242162	-0.7380282	-0.49323723	-0.17273967	0.42684013
183174946742162	-0.73845446	-0.4944897	-0.17139377	0.4251932
183174954242162	-0.7387567	-0.49590954	-0.16996716	0.42358416
183174961742162	-0.73916346	-0.49720046	-0.16851884	0.4219367
183174969242162	-0.7395213	-0.49850777	-0.16720425	0.42028683
183174976742162	-0.7398945	-0.49982893	-0.1659058	0.418572
183174984242162	-0.7403215	-0.501041	-0.16474865	0.4168212
183174991742162	-0.7407688	-0.5022428	-0.16357322	0.4150392
183174999242162	-0.74125457	-0.5034003	-0.16243647	0.41321203
183175071655339	-0.7417356	-0.5045276	-0.16131164	0.41141084
183175086655339	-0.7424632	-0.50687927	-0.15876521	0.4081857
183175123383828	-0.7427786	-0.507928	-0.15705223	0.40696895
183175123446901	-0.7427786	-0.507928	-0.15705223	0.40696895
183175123531276	-0.7427786	-0.507928	-0.15705223	0.40696895
183175134771641	-0.74282545	-0.50787485	-0.15684858	0.40702823
183175142148516	-0.7432241	-0.5091044	-0.15557344	0.4052502
183175146031276	-0.74364036	-0.5102964	-0.15430096	0.40346965
183175153531276	-0.744058	-0.5114261	-0.15306194	0.4017376
183175161031276	-0.74444485	-0.5125556	-0.15184101	0.4000413
183175168531276	-0.74477226	-0.5136952	-0.15064754	0.398418
183175176031276	-0.7450358	-0.5148309	-0.14948097	0.39689592
183175183531276	-0.74522966	-0.5159628	-0.14834957	0.3954842
183175191031276	-0.7453546	-0.51710284	-0.14722767	0.3941767
183175198531276	-0.74540895	-0.51824254	-0.14612181	0.3929867
183175225278776	-0.7454352	-0.5194025	-0.14512353	0.39177376
183175237285755	-0.74546397	-0.5205084	-0.14418931	0.39059427
183175245256901	-0.74545765	-0.5216164	-0.14330433	0.3894524
183175258583516	-0.74540275	-0.52269405	-0.14240994	0.3884395
183175262682734	-0.7452777	-0.52374434	-0.14139178	0.38763583
183175243531276	-0.745029	-0.5248299	-0.14025465	0.38705826
183175251031276	-0.7447225	-0.525943	-0.13915478	0.38653395
183175258531276	-0.7443887	-0.5270564	-0.1382094	0.3859991
183175308047161	-0.7439914	-0.528194	-0.13751724	0.3854568
183175273531276	-0.7435753	-0.52928746	-0.13702895	0.3849334
183175326683932	-0.7431212	-0.5302762	-0.13679355	0.38453308
183175341683932	-0.7423184	-0.5320097	-0.13645269	0.3838097
183175303531276	-0.7423184	-0.5320097	-0.13645269	0.3838097
183175311031276	-0.74134225	-0.5334052	-0.1359405	0.38394123
183175373066432	-0.7406968	-0.53412265	-0.13580553	0.38423702
183175326031276	-0.74007225	-0.53487414	-0.13577852	0.38440463
183175333531276	-0.73935574	-0.5355467	-0.13593765	0.38479057
183175341031276	-0.73869324	-0.53622013	-0.13616209	0.3850458
183175348531276	-0.7379415	-0.5369193	-0.1364561	0.38540873
183175356031276	-0.7371855	-0.53756744	-0.13663541	0.3858882
183175363531276	-0.7363743	-0.53821814	-0.1366717	0.38651645
183175371031276	-0.735439	-0.53887385	-0.13671528	0.38736734
183175378531276	-0.7344491	-0.5395255	-0.13677116	0.38831767
183175386031276	-0.7334204	-0.54018736	-0.13685292	0.38931143
183175393531276	-0.7323656	-0.5408467	-0.13692895	0.3903538
183175401031276	-0.7312804	-0.5415073	-0.13697648	0.39145404
183175489622266	-0.7301446	-0.5421993	-0.13690107	0.39264077
183175497325547	-0.7289605	-0.5429243	-0.13679434	0.39387465
183175423531276	-0.72770333	-0.5436585	-0.1366267	0.3952422
183175524680078	-0.7264023	-0.54429984	-0.13651487	0.39678863
183175524820495	-0.7264023	-0.54429984	-0.13651487	0.39678863
183175536355443	-0.7263177	-0.5442752	-0.13657649	0.39695585
183175546957318	-0.7253772	-0.5446285	-0.1365844	0.39818645
183175556444713	-0.724507	-0.5449557	-0.13666278	0.39929485
183175571444713	-0.72298086	-0.54552346	-0.13666084	0.40128142
183175569820495	-0.72298086	-0.54552346	-0.13666084	0.40128142
183175577320495	-0.7224724	-0.54558975	-0.13678366	0.4020641
183175593511380	-0.7219556	-0.54494786	-0.13844877	0.4032913
183175592320495	-0.72196555	-0.5446075	-0.13938816	0.40340993
183175599820495	-0.7217909	-0.54435635	-0.14011142	0.40381047
183175607320495	-0.7206091	-0.5450732	-0.14047547	0.4048263
183175641956849	-0.71979403	-0.54437625	-0.1402773	0.40727556
183175648467057	-0.7204418	-0.54304236	-0.14035943	0.40788203
183175661889036	-0.72192454	-0.5416831	-0.14198396	0.4065035
183175668502526	-0.724201	-0.53934634	-0.14371459	0.40495014
183175682715651	-0.72563493	-0.5370192	-0.14551732	0.4048321
183175652320495	-0.72621185	-0.5352588	-0.14677489	0.40567404
183175659820495	-0.7266531	-0.5337874	-0.14792627	0.40640387
183175667320495	-0.7273075	-0.53226	-0.14922994	0.4067599
183175674820495	-0.72828424	-0.5306062	-0.15091096	0.40655276
183175682320495	-0.7294557	-0.5288958	-0.152867	0.4059499
183175738102422	-0.7307889	-0.5271269	-0.15504389	0.40502617
183175697320495	-0.7321803	-0.5253552	-0.15733702	0.40392947
183175766189140	-0.7350177	-0.5218275	-0.16125558	0.40179804
183175712320495	-0.7350177	-0.5218275	-0.16125558	0.40179804
183175719820495	-0.73620313	-0.5202122	-0.1626922	0.40114278
183175727320495	-0.73714983	-0.5187416	-0.16394402	0.4007989
183175734820495	-0.7379886	-0.5174425	-0.16487095	0.40055415
183175742320495	-0.73872054	-0.51621497	-0.16569547	0.40044868
183175749820495	-0.7392499	-0.5151157	-0.16650264	0.40055275
183175757320495	-0.7396688	-0.5141092	-0.16723795	0.40076596
183175764820495	-0.7399836	-0.5132382	-0.16790627	0.40102145
183175772320495	-0.7403982	-0.51240355	-0.16857317	0.4010439
183175779820495	-0.7407253	-0.5116455	-0.16935743	0.4010773
183175787320495	-0.7409969	-0.5109744	-0.17017318	0.4010859
183175794820495	-0.7412925	-0.5103506	-0.17107847	0.4009487
183175802320495	-0.7416924	-0.50973356	-0.1721485	0.40053585
183175809820495	-0.7422317	-0.5090667	-0.1733071	0.39988467
183175817320495	-0.74287707	-0.50839543	-0.17458542	0.39898342
183175912819297	-0.74363655	-0.50772756	-0.17585558	0.3978597
183175832320495	-0.7444598	-0.50707376	-0.17681193	0.39672825
183175839820495	-0.74531627	-0.50654566	-0.17728205	0.3955836
183175847320495	-0.74594665	-0.50606465	-0.17771958	0.39481387
183175948900182	-0.746499	-0.50561136	-0.1781424	0.3941596
183175956400182	-0.746698	-0.50589895	-0.17806806	0.39344653
183175963900182	-0.7475143	-0.5054729	-0.1783192	0.3923289
183175971400182	-0.74829143	-0.5050112	-0.17844012	0.3913857
183175978900182	-0.7489986	-0.50455695	-0.17839739	0.3906378
183175993692630	-0.74962914	-0.50415355	-0.17827515	0.39000437
183176004847213	-0.75024265	-0.5037733	-0.17816184	0.3893671
183176013988151	-0.7509006	-0.5033522	-0.1780778	0.38868138
183176008900182	-0.7516573	-0.5028699	-0.17797779	0.38788804
183176016400182	-0.7524427	-0.50240296	-0.17792939	0.38699153
183176023900182	-0.7532409	-0.5019159	-0.17790964	0.38607877
183176031400182	-0.7539897	-0.5014023	-0.1778733	0.3853002
183176038900182	-0.7546224	-0.50089365	-0.17774609	0.38478166
183176076652630	-0.7550673	-0.5004765	-0.17735706	0.3846313
183176083855703	-0.7553644	-0.50012964	-0.17668553	0.3848081
183176094870599	-0.7556117	-0.4998147	-0.17593999	0.38507318
183176101739974	-0.755827	-0.49959317	-0.17526294	0.3852469
183176076400182	-0.7560671	-0.4993848	-0.17461944	0.38533825
183176123320130	-0.7563355	-0.49915814	-0.17393355	0.38541517
183176091400182	-0.75657785	-0.49896446	-0.1732746	0.3854873
183176098900182	-0.7567898	-0.49879682	-0.1725954	0.38559303
183176106400182	-0.7569748	-0.4986076	-0.17182606	0.38581792
183176113900182	-0.7571342	-0.49844763	-0.17100516	0.3860766
183176121400182	-0.75726604	-0.49828735	-0.17024605	0.38636
183176128900182	-0.75737524	-0.49811944	-0.16950092	0.38668987
183176136400182	-0.7574354	-0.4979556	-0.16866985	0.3871464
183176143900182	-0.7574695	-0.4977541	-0.16781479	0.38771012
183176151400182	-0.7574253	-0.49757677	-0.16694751	0.38839757
183176158900182	-0.7574398	-0.49734178	-0.16613749	0.3890175
183176166400182	-0.7575417	-0.49708095	-0.16553809	0.38940752
183176173900182	-0.7577749	-0.4967473	-0.1650306	0.3895951
183176181400182	-0.7580898	-0.49634567	-0.16447836	0.38972774
183176188900182	-0.7584487	-0.4959051	-0.16393507	0.389819
183176196400182	-0.758675	-0.49551198	-0.16337726	0.39011276
183176203900182	-0.7589044	-0.49503496	-0.16218199	0.39077055
183176211400182	-0.75930405	-0.49434462	-0.16151686	0.39114335
183176218900182	-0.7598793	-0.49366188	-0.16136488	0.3909512
183176226400182	-0.76061714	-0.49291402	-0.16128173	0.39049387
183176233900182	-0.76129144	-0.4921487	-0.16100827	0.3902581
183176241400182	-0.76185876	-0.49143496	-0.1606711	0.3901895
183176248900182	-0.76240075	-0.49073052	-0.16038647	0.39013457
183176256400182	-0.7629069	-0.49006546	-0.1601594	0.39007422
183176263900182	-0.7633506	-0.4894697	-0.15990977	0.39005664
183176271400182	-0.7635982	-0.4889886	-0.15957625	0.39031193
183176278900182	-0.76370287	-0.48865938	-0.15911499	0.39070785
183176379394713	-0.76386195	-0.48838148	-0.15887436	0.39084205
183176386894713	-0.7639042	-0.48843104	-0.1590443	0.39062846
183176394394713	-0.76420724	-0.48825693	-0.15919808	0.39019045
183176401894713	-0.76448387	-0.48810592	-0.15927163	0.38980728
183176409394713	-0.7646052	-0.4881053	-0.15914398	0.38962215
183176416894713	-0.76462716	-0.48818463	-0.15893428	0.38956502
183176424394713	-0.76461416	-0.48832905	-0.15870632	0.38950253
183176431894713	-0.7645875	-0.4884656	-0.15846826	0.38948062
183176439394713	-0.76458037	-0.48865035	-0.15815859	0.3893888
183176446894713	-0.76462096	-0.48885834	-0.15801607	0.38910553
183176454394713	-0.76487654	-0.4890227	-0.15814294	0.3883449
183176484932265	-0.7654219	-0.48910418	-0.1585159	0.38701305
183176469394713	-0.7661099	-0.4890828	-0.15904479	0.3854588
183176476894713	-0.76678014	-0.48891	-0.15965068	0.3840925
183176524153515	-0.76739544	-0.48864436	-0.16025811	0.38294703
183176524753046	-0.7679562	-0.48834968	-0.16084076	0.3819529
183176531199765	-0.7684535	-0.48806956	-0.16135037	0.3810953
183176538927578	-0.7688694	-0.4878331	-0.16183197	0.38035393
183176553927578	-0.76954967	-0.4874731	-0.16238418	0.3792028
183176529394713	-0.76954967	-0.4874731	-0.16238418	0.3792028
183176536894713	-0.7697891	-0.4873434	-0.16249917	0.37883407
183176544394713	-0.7699626	-0.4872623	-0.16250551	0.37858295
183176551894713	-0.7701461	-0.4871711	-0.16249426	0.3783319
183176559394713	-0.7703516	-0.4870528	-0.16245534	0.37808248
183176566894713	-0.7706473	-0.4868558	-0.16229723	0.37780136
183176574394713	-0.77079195	-0.48674715	-0.16220224	0.3776871
183176581894713	-0.77091646	-0.48667854	-0.162025	0.3775974
183176589394713	-0.77103615	-0.4866121	-0.16174956	0.37755644
183176596894713	-0.7711987	-0.4864772	-0.16134912	0.37757006
183176604394713	-0.7713647	-0.48633862	-0.16087282	0.37761277
183176611894713	-0.7715179	-0.4862043	-0.16031948	0.37770772
183176619394713	-0.7716727	-0.48589987	-0.15981671	0.37799653
183176626894713	-0.7718257	-0.48570165	-0.15933158	0.37814334
183176634394713	-0.77206415	-0.48545742	-0.15885158	0.37817237
183176641894713	-0.7723	-0.48516533	-0.15824859	0.3783184
183176725949140	-0.77249753	-0.48482025	-0.15762886	0.37861586
183176736765442	-0.77270925	-0.4844788	-0.15713386	0.37882668
183176664394713	-0.77295834	-0.4841548	-0.15680972	0.3788674
183176755739765	-0.7732854	-0.48378947	-0.15659446	0.37875533
183176679394713	-0.773703	-0.48334572	-0.15637591	0.3785594
183176773941275	-0.7741961	-0.48285824	-0.1562251	0.37823525
183176694394713	-0.7747019	-0.48236743	-0.1561576	0.3778537
183176701894713	-0.7752206	-0.48183393	-0.15608545	0.3775003
183176802718150	-0.7757711	-0.48123482	-0.15605219	0.3771472
183176810218150	-0.775826	-0.48127082	-0.15603262	0.3769965
183176817718150	-0.77652436	-0.48058632	-0.15630874	0.3763168
183176825218150	-0.7773167	-0.47986782	-0.1567688	0.37540543
183176832718150	-0.7781271	-0.4791242	-0.15725726	0.37447077
183176840218150	-0.7788447	-0.47843975	-0.15775262	0.37364486
183176847718150	-0.7794942	-0.47781548	-0.15824255	0.3728814
183176855218150	-0.7801418	-0.47720054	-0.15879743	0.3720776
183176862718150	-0.78075093	-0.4766385	-0.1593418	0.37128705
183176870218150	-0.7813141	-0.47612485	-0.15988983	0.3705248
183176877718150	-0.78183657	-0.47566134	-0.16046265	0.36976972
183176885218150	-0.78232163	-0.475234	-0.160972	0.36907116
183176892718150	-0.7827862	-0.47484782	-0.16148537	0.36835828
183176900218150	-0.7831867	-0.47455123	-0.16196375	0.3676786
183176907718150	-0.7835388	-0.47430193	-0.16230893	0.36709726
183176915218150	-0.78382033	-0.47407916	-0.16250142	0.36669883
183176922718150	-0.78400284	-0.47395197	-0.16254215	0.36645487
183176930218150	-0.7841161	-0.47387385	-0.16241857	0.3663683
183176937718150	-0.78413934	-0.47385743	-0.16217253	0.36644885
183176945218150	-0.78412586	-0.4738649	-0.16179514	0.36663464
183176952718150	-0.7840572	-0.47392586	-0.16141385	0.366871
183176960218150	-0.783987	-0.47399667	-0.16098803	0.36711654
183176967718150	-0.7839462	-0.4740007	-0.1605082	0.3674084
183176975218150	-0.7838998	-0.47401267	-0.16001157	0.36770853
183176982718150	-0.7838232	-0.47403812	-0.15954483	0.3680417
183176990218150	-0.7837828	-0.47397497	-0.15908115	0.3684093
183176997718150	-0.78378373	-0.47382975	-0.15862839	0.3687895
183177005218150	-0.7837951	-0.4736101	-0.15819453	0.3692332
183177012718150	-0.7838498	-0.47328907	-0.15777172	0.36970943
183177020218150	-0.7838925	-0.47293043	-0.15737635	0.37024602
183177027718150	-0.7839536	-0.47246724	-0.15698841	0.37087202
183177035218150	-0.7840387	-0.4719458	-0.15662955	0.37150732
183177042718150	-0.78415984	-0.47137228	-0.15632036	0.37210968
183177050218150	-0.78431904	-0.47074372	-0.15606892	0.37267497
183177057718150	-0.7845055	-0.47006044	-0.15587352	0.37322602
183177065218150	-0.78476214	-0.46931487	-0.15576741	0.37366888
183177072718150	-0.78507566	-0.46851072	-0.15572436	0.37403733
183177080218150	-0.7854412	-0.46765038	-0.15570256	0.37435526
183177087718150	-0.7858289	-0.46675587	-0.15576094	0.37463385
183177095218150	-0.7862326	-0.4658887	-0.15590963	0.37480435
183177102718150	-0.78668344	-0.46497986	-0.15602234	0.37494013
183177110218150	-0.7871321	-0.46410543	-0.15617153	0.37501973
183177117718150	-0.7875936	-0.46322167	-0.15621997	0.37512305
183177125218150	-0.7880258	-0.46233237	-0.15621763	0.3753137
183177226743931	-0.7884342	-0.46145543	-0.15618123	0.37554994
183177234243931	-0.7884317	-0.4614474	-0.15616179	0.37557325
183177241743931	-0.7888301	-0.46057883	-0.15612537	0.37581792
183177249243931	-0.78923386	-0.45972747	-0.15605882	0.37604013
183177256743931	-0.7896154	-0.45890316	-0.15599352	0.37627304
183177264243931	-0.7899631	-0.45811632	-0.15591462	0.3765348
183177271743931	-0.79027873	-0.45735395	-0.15576555	0.3768608
183177279243931	-0.79054296	-0.45662683	-0.1555525	0.3772761
183177286743931	-0.7907472	-0.45593825	-0.15521675	0.3778187
183177294243931	-0.79087925	-0.4553158	-0.15483193	0.37845063
183177301743931	-0.79100126	-0.4547128	-0.15440844	0.37909275
183177309243931	-0.79114306	-0.45410994	-0.15395759	0.37970272
183177316743931	-0.791285	-0.45351222	-0.15354192	0.38028878
183177324243931	-0.7914304	-0.45295182	-0.15314965	0.3808121
183177331743931	-0.79157466	-0.4523897	-0.15272588	0.38135037
183177339243931	-0.79167736	-0.45186287	-0.15224952	0.38195175
183177346743931	-0.7916949	-0.45139205	-0.15169969	0.3826898
183177354243931	-0.79164714	-0.45084077	-0.15081774	0.38378584
183177361743931	-0.7915332	-0.45041442	-0.15000966	0.38483664
183177369243931	-0.7913736	-0.45001736	-0.14935645	0.38588193
183177376743931	-0.7911572	-0.44974852	-0.148778	0.38686168
183177384243931	-0.7909916	-0.44941464	-0.14819022	0.38781226
183177391743931	-0.790826	-0.4490146	-0.1475419	0.38885912
183177399243931	-0.7906353	-0.4487749	-0.14722167	0.38964435
183177406743931	-0.7905115	-0.4484737	-0.14696977	0.3903368
183177414243931	-0.79038405	-0.44803908	-0.14652228	0.39126116
183177421743931	-0.7902173	-0.44772384	-0.14630492	0.3920397
183177429243931	-0.7900324	-0.44737673	-0.14604272	0.39290512
183177436743931	-0.7898978	-0.44693884	-0.14566438	0.39381355
183177444243931	-0.7897451	-0.44653267	-0.14537045	0.39468816
183177451743931	-0.78954154	-0.44615197	-0.14509654	0.39562547
183177459243931	-0.78942674	-0.44547695	-0.14435118	0.396886
183177466743931	-0.7892806	-0.4448027	-0.14361386	0.39819822
183177541126900	-0.7890712	-0.44440547	-0.14334184	0.3991534
183177481743931	-0.7890413	-0.44384614	-0.143054	0.3999377
183177489243931	-0.7890959	-0.44318262	-0.14270915	0.40068817
183177496743931	-0.7891407	-0.44250086	-0.1424659	0.40143913
183177504243931	-0.7892352	-0.44176129	-0.14233471	0.4021141
183177511743931	-0.7893839	-0.44102955	-0.1423391	0.40262347
183177519243931	-0.7896518	-0.44025564	-0.14245026	0.40290558
183177526743931	-0.7899938	-0.43940738	-0.14270072	0.40307248
183177534243931	-0.7903713	-0.43849012	-0.14301318	0.40322068
183177541743931	-0.79080164	-0.43748596	-0.14333779	0.40335247
183177549243931	-0.7912371	-0.43647096	-0.14371029	0.40346527
183177556743931	-0.7916998	-0.43545863	-0.1441248	0.40350387
183177654782108	-0.7921852	-0.4344443	-0.14459054	0.40347782
183177571743931	-0.79263914	-0.43343815	-0.1450761	0.4034943
183177675073254	-0.7930685	-0.43247283	-0.14556503	0.40350989
183177682573254	-0.7930273	-0.43240476	-0.1454717	0.40369797
183177690073254	-0.79342926	-0.43146488	-0.14596511	0.40373558
183177697573254	-0.7937828	-0.43056855	-0.14646341	0.4038171
183177705073254	-0.79405963	-0.42973563	-0.14694835	0.40398362
183177712573254	-0.79427314	-0.4289585	-0.14739846	0.40422577
183177720073254	-0.7944471	-0.42827082	-0.14788024	0.40443704
183177727573254	-0.794582	-0.42765015	-0.14841633	0.4046324
183177735073254	-0.7946342	-0.4271124	-0.14897569	0.40489244
183177742573254	-0.7945985	-0.42664334	-0.1494862	0.40526852
183177770366952	-0.79447836	-0.42624372	-0.15000187	0.40573385
183177779172942	-0.7943089	-0.4259564	-0.15052027	0.4061751
183177765073254	-0.79412663	-0.42573154	-0.15102506	0.4065796
183177772573254	-0.7939095	-0.42555112	-0.15148905	0.40701976
183177780073254	-0.79366046	-0.42544293	-0.15192713	0.407455
183177787573254	-0.79334545	-0.42547026	-0.15231328	0.4078954
183177830033098	-0.79300654	-0.42555788	-0.15262006	0.40834814
183177839523358	-0.79261154	-0.42567635	-0.15277898	0.40893194
183177850674400	-0.7921438	-0.42584932	-0.15281656	0.4096434
183177858938046	-0.7916512	-0.42604145	-0.15277575	0.41041043
183177873938046	-0.790312	-0.42643124	-0.15238106	0.4127267
183177847573254	-0.790312	-0.42643124	-0.15238106	0.4127267
183177904489452	-0.78824055	-0.4266584	-0.15127811	0.4168386
183177877573254	-0.78824055	-0.4266584	-0.15127811	0.4168386
183177885073254	-0.78763855	-0.4266534	-0.15093294	0.41810474
183177892573254	-0.7869895	-0.4266505	-0.15061139	0.41944402
183177900073254	-0.7855757	-0.42669854	-0.1501474	0.42220253
183177907573254	-0.7848646	-0.4267169	-0.15003833	0.4235432
183177915073254	-0.78411174	-0.42673102	-0.14997539	0.42494324
